# Time          5.0000E+01
# Units: Dimensionless (Log10(Q/Keq)
    Distance           Quartz           Albite           Dolomite-dis     Microcline       Pyrite           Fe(OH)3          Muscovite        Chamosite-7A     Illite           Kaolinite        Smectite-high    SiO2(am)         Calcite          POMC             O2(s)            Gibbsite     
    9.0000000E-02   -3.6047960E-01   -5.5793674E+00   -1.0868844E+01   -2.6322709E+00   -5.6270391E+01    2.2234068E-01    2.8602533E+00   -1.0762658E+01   -3.9337909E-01    3.8347093E+00   -1.1709512E+01   -2.6538809E-01   -5.0773342E+00   -4.5181243E+03    3.5929993E+00    1.9803562E+00
    2.7000000E-01   -1.0286613E-01   -4.8013893E+00   -1.0118511E+01   -1.9015980E+00   -5.6283119E+01    1.4971353E-03    3.0545149E+00   -1.0726352E+01    1.2178905E-01    3.8135250E+00   -1.0590624E+01   -7.7746181E-03   -4.7036715E+00   -5.7413545E+03    3.1519303E+00    1.7121505E+00
    4.5000000E-01    4.0840104E-02   -4.3673027E+00   -9.6308655E+00   -1.4274770E+00   -5.6337030E+01    1.7367090E-03    3.1696166E+00   -1.0763238E+01    4.0756161E-01    3.7419181E+00   -9.9124040E+00    1.3593162E-01   -4.4588178E+00   -6.6973632E+03    2.6935158E+00    1.5326409E+00
    6.3000000E-01    1.3676380E-01   -4.0667614E+00   -9.2683296E+00   -1.0679399E+00   -5.6393913E+01    1.8370845E-03    3.2815271E+00   -1.0816895E+01    6.2222089E-01    3.6861389E+00   -9.4362295E+00    2.3185531E-01   -4.2763419E+00   -6.9589316E+03    2.2027554E+00    1.4088276E+00
    8.1000000E-01    2.0683012E-01   -3.8420025E+00   -8.9791431E+00   -7.8709792E-01   -5.6437921E+01    1.8513233E-03    3.3739707E+00   -1.0876948E+01    7.8665616E-01    3.6378731E+00   -9.0765792E+00    3.0192163E-01   -4.1306052E+00   -6.9573515E+03    1.6744836E+00    1.3146284E+00
    9.9000000E-01    2.6093150E-01   -3.6658743E+00   -8.7379303E+00   -5.6388062E-01   -5.6459539E+01    1.8254594E-03    3.4454028E+00   -1.0931540E+01    9.1419855E-01    3.5942907E+00   -8.7908492E+00    3.5602301E-01   -4.0089558E+00   -6.9305218E+03    1.1031597E+00    1.2387358E+00
    1.1700000E+00    3.0436122E-01   -3.5233874E+00   -8.5310189E+00   -3.8381724E-01   -5.6452499E+01    1.7863067E-03    3.4990677E+00   -1.0973204E+01    1.0145677E+00    3.5547517E+00   -8.5554301E+00    3.9945273E-01   -3.9045689E+00   -6.8997887E+03    4.8197860E-01    1.1755365E+00
    1.3500000E+00    3.4031095E-01   -3.4054423E+00   -8.3510598E+00   -2.3659407E-01   -5.6411896E+01    1.7449004E-03    3.5391989E+00   -1.0998743E+01    1.0949321E+00    3.5195592E+00   -8.3570201E+00    4.3540246E-01   -3.8137787E+00   -6.8661410E+03   -1.9761117E-01    1.1219906E+00
    1.5300000E+00    3.7090195E-01   -3.3061228E+00   -8.1945756E+00   -1.1479918E-01   -5.6332469E+01    1.7028154E-03    3.5699493E+00   -1.1007498E+01    1.1607204E+00    3.4896966E+00   -8.1884443E+00    4.6599346E-01   -3.7348572E+00   -6.8291561E+03   -9.4656471E-01    1.0764683E+00
    1.7100000E+00    3.9768300E-01   -3.2213691E+00   -8.0607411E+00   -1.3104617E-02   -5.6207239E+01    1.6565245E-03    3.5952035E+00   -1.0999926E+01    1.2162285E+00    3.4668184E+00   -8.0464753E+00    4.9277451E-01   -3.6674085E+00   -6.7881444E+03   -1.7792340E+00    1.0382481E+00
    1.8900000E+00    4.2208120E-01   -3.1474242E+00   -7.9502750E+00    7.2636418E-02   -5.6026920E+01    1.5985940E-03    3.6192653E+00   -1.0976968E+01    1.2658848E+00    3.4539356E+00   -7.9296719E+00    5.1717272E-01   -3.6119151E+00   -6.7154723E+03   -2.7149344E+00    1.0074085E+00
    2.0700000E+00    4.5779797E-01   -2.9318665E+00   -7.8288123E+00    2.4639007E-01   -5.5818655E+01    1.2474970E-03    3.9460477E+00   -1.0791286E+01    1.5712216E+00    3.6783979E+00   -7.6607320E+00    5.5288948E-01   -3.5602496E+00   -4.9637659E+03   -3.7728060E+00    1.0839229E+00
    2.2500000E+00    4.9042482E-01   -2.8390570E+00   -7.7181220E+00    2.9982588E-01   -5.5571613E+01    1.1658091E-03    3.9307913E+00   -1.0776505E+01    1.6091344E+00    3.6749594E+00   -7.5349963E+00    5.8551633E-01   -3.5122472E+00   -4.8669865E+03   -4.9000127E+00    1.0495768E+00
    2.4300000E+00    5.2039014E-01   -2.7535947E+00   -7.6147244E+00    3.4803577E-01   -5.5301349E+01    1.1127672E-03    3.9144770E+00   -1.0733535E+01    1.6421523E+00    3.6703658E+00   -7.4128950E+00    6.1548165E-01   -3.4666030E+00   -4.8038236E+03   -6.1049967E+00    1.0173147E+00
    2.6100000E+00    5.4800710E-01   -2.6743570E+00   -7.5172948E+00    3.9189245E-01   -5.5012767E+01    1.0682894E-03    3.8978195E+00   -1.0675080E+01    1.6714258E+00    3.6650855E+00   -7.2955596E+00    6.4309861E-01   -3.4229535E+00   -4.7407394E+03   -7.3966243E+00    9.8705758E-01
    2.7900000E+00    5.7353301E-01   -2.6006454E+00   -7.4249210E+00    4.3188640E-01   -5.4706423E+01    1.0239292E-03    3.8808443E+00   -1.0606853E+01    1.6974329E+00    3.6591682E+00   -7.1830985E+00    6.6862452E-01   -3.3810562E+00   -4.6739035E+03   -8.7861890E+00    9.5857300E-01
    2.9700000E+00    5.9718061E-01   -2.5318739E+00   -7.3368456E+00    4.6843038E-01   -5.4381054E+01    9.7576144E-04    3.8635567E+00   -1.0531458E+01    1.7205522E+00    3.6526318E+00   -7.0750778E+00    6.9227212E-01   -3.3406891E+00   -4.6024779E+03   -1.0287149E+01    9.3165724E-01
    3.1500000E+00    6.1912579E-01   -2.4675455E+00   -7.2523993E+00    5.0187749E-01   -5.4034456E+01    9.2174827E-04    3.8459348E+00   -1.0450227E+01    1.7410801E+00    3.6454532E+00   -6.9708972E+00    7.1421730E-01   -3.3016352E+00   -4.5259759E+03   -1.1915456E+01    9.0612272E-01
    3.3300000E+00    6.3951336E-01   -2.4072374E+00   -7.1709663E+00    5.3253213E-01   -5.3663784E+01    8.6080520E-04    3.8279280E+00   -1.0363982E+01    1.7592445E+00    3.6375669E+00   -6.8699303E+00    7.3460488E-01   -3.2636767E+00   -4.4439816E+03   -1.3690007E+01    8.8179202E-01
    3.5100000E+00    6.5846165E-01   -2.3505896E+00   -7.0919626E+00    5.6065819E-01   -5.3265610E+01    7.9252310E-04    3.8094580E+00   -1.0273342E+01    1.7752143E+00    3.6288674E+00   -6.7715735E+00    7.5355316E-01   -3.2265914E+00   -4.3561652E+03   -1.5633131E+01    8.5849398E-01
    3.6900000E+00    6.7606621E-01   -2.2972964E+00   -7.0148243E+00    5.8648516E-01   -5.2835903E+01    7.1715731E-04    3.7904206E+00   -1.0178861E+01    1.7891085E+00    3.6192121E+00   -6.6752603E+00    7.7115772E-01   -3.1901527E+00   -4.2623686E+03   -1.7771020E+01    8.3606179E-01
    3.8700000E+00    6.9240324E-01   -2.2470995E+00   -6.9390081E+00    6.1021229E-01   -5.2369991E+01    6.3571820E-04    3.7706917E+00   -1.0081092E+01    1.8010049E+00    3.6084301E+00   -6.5804726E+00    7.8749476E-01   -3.1541331E+00   -4.1627379E+03   -2.0133986E+01    8.1433376E-01
    4.0500000E+00    7.0753313E-01   -2.1997833E+00   -6.8640053E+00    6.3201081E-01   -5.1862555E+01    5.5006519E-04    3.7501390E+00   -9.9806226E+00    1.8109508E+00    3.5963388E+00   -6.4867598E+00    8.0262464E-01   -3.1183139E+00   -4.0578929E+03   -2.2756295E+01    7.9315817E-01
    4.2300000E+00    7.2150437E-01   -2.1551715E+00   -6.7893753E+00    6.5202420E-01   -5.1307734E+01    4.6291941E-04    3.7286426E+00   -9.8781053E+00    1.8189778E+00    3.5827714E+00   -6.3937760E+00    8.1659588E-01   -3.0825042E+00   -3.9490968E+03   -2.5675283E+01    7.7240325E-01
    4.4100000E+00    7.3435823E-01   -2.1131242E+00   -6.7147940E+00    6.7036709E-01   -5.0699369E+01    3.7771127E-04    3.7061233E+00   -9.7742913E+00    1.8251206E+00    3.5676170E+00   -6.3013349E+00    8.2944974E-01   -3.0465661E+00   -3.8383417E+03   -2.8929434E+01    7.5197219E-01
    4.5900000E+00    7.4613392E-01   -2.0735344E+00   -6.6401108E+00    6.8712425E-01   -5.0031440E+01    2.9820193E-04    3.6825769E+00   -9.6700578E+00    1.8294398E+00    3.5508648E+00   -6.2094686E+00    8.4122543E-01   -3.0104447E+00   -3.7282431E+03   -3.2555327E+01    7.3182040E-01
    4.7700000E+00    7.5687354E-01   -2.0363213E+00   -6.5653880E+00    7.0235226E-01   -4.9298642E+01    2.2788857E-04    3.6581004E+00   -9.5664058E+00    1.8320405E+00    3.5326395E+00   -6.1184632E+00    8.5196505E-01   -2.9741886E+00   -3.6216806E+03   -3.6583853E+01    7.1196813E-01
    4.9500000E+00    7.6662569E-01   -2.0014201E+00   -6.4908993E+00    7.1608619E-01   -4.8496967E+01    1.6932620E-04    3.6328978E+00   -9.4644048E+00    1.8330814E+00    3.5132073E+00   -6.0288366E+00    8.6171720E-01   -2.9379494E+00   -3.5212691E+03   -4.1036713E+01    6.9249987E-01
    5.1300000E+00    7.7544680E-01   -1.9687681E+00   -6.4170703E+00    7.2835165E-01   -4.7624083E+01    1.2361040E-04    3.6072551E+00   -9.3650795E+00    1.8327672E+00    3.4929413E+00   -5.9412448E+00    8.7053831E-01   -2.9019527E+00   -3.4288794E+03   -4.5924405E+01    6.7354578E-01
    5.3100000E+00    7.8339999E-01   -1.9382911E+00   -6.3443789E+00    7.3917876E-01   -4.6679414E+01    9.0254914E-05    3.5814905E+00   -9.2692765E+00    1.8313255E+00    3.4722560E+00   -5.8563431E+00    8.7849150E-01   -2.8664484E+00   -3.3454133E+03   -5.1246397E+01    6.5524992E-01
    5.4900000E+00    7.9055212E-01   -1.9098947E+00   -6.2732539E+00    7.4861269E-01   -4.5663892E+01    6.7521279E-05    3.5559003E+00   -9.1775628E+00    1.8289798E+00    3.4515362E+00   -5.7746575E+00    8.8564363E-01   -2.8316606E+00   -3.2708776E+03   -5.6993202E+01    6.3773789E-01
    5.6700000E+00    7.9697038E-01   -1.8834643E+00   -6.2040090E+00    7.5671745E-01   -4.4579541E+01    5.3027743E-05    3.5307205E+00   -9.0901966E+00    1.8259266E+00    3.4310881E+00   -5.6965122E+00    8.9206189E-01   -2.7977543E+00   -3.2046488E+03   -6.3149379E+01    6.2109562E-01
    5.8500000E+00    8.0271931E-01   -1.8588694E+00   -6.1368233E+00    7.6357307E-01   -4.3429020E+01    4.4359913E-05    3.5061124E+00   -9.0071668E+00    1.8223254E+00    3.4111223E+00   -5.6220234E+00    8.9781083E-01   -2.7648261E+00   -3.1457752E+03   -6.9696436E+01    6.0536376E-01
    6.0300000E+00    8.0785895E-01   -1.8359730E+00   -6.0717589E+00    7.6926921E-01   -4.2215256E+01    3.9479457E-05    3.4821690E+00   -8.9282723E+00    1.8182979E+00    3.3917620E+00   -5.5511413E+00    9.0295046E-01   -2.7329130E+00   -3.0932160E+03   -7.6615035E+01    5.9054396E-01
    6.2100000E+00    8.1244384E-01   -1.8146388E+00   -6.0087933E+00    7.7389831E-01   -4.0941192E+01    3.6882074E-05    3.4589310E+00   -8.8532048E+00    1.8139345E+00    3.3730647E+00   -5.4837069E+00    9.0753535E-01   -2.7020089E+00   -3.0459893E+03   -8.3886375E+01    5.7661041E-01
    6.3900000E+00    8.1652293E-01   -1.7947370E+00   -5.9478533E+00    7.7755024E-01   -3.9609638E+01    3.5570415E-05    3.4364049E+00   -8.7816159E+00    1.8093015E+00    3.3550449E+00   -5.4195049E+00    9.1161444E-01   -2.6720816E+00   -3.0032395E+03   -9.1492879E+01    5.6352142E-01
    6.5700000E+00    8.2013984E-01   -1.7761478E+00   -5.8888400E+00    7.8030906E-01   -3.8223217E+01    3.4939618E-05    3.4145772E+00   -8.7131595E+00    1.8044490E+00    3.3376921E+00   -5.3583006E+00    9.1523135E-01   -2.6430854E+00   -2.9642537E+03   -9.9418420E+01    5.5122815E-01
    6.7500000E+00    8.2333334E-01   -1.7587622E+00   -5.8316460E+00    7.8225156E-01   -3.6784353E+01    3.4649759E-05    3.3934239E+00   -8.6475150E+00    1.7994153E+00    3.3209833E+00   -5.2998628E+00    9.1842485E-01   -2.6149700E+00   -2.9284520E+03   -1.0764826E+02    5.3968026E-01
    6.9300000E+00    8.2613795E-01   -1.7424821E+00   -5.7761641E+00    7.8344691E-01   -3.5295314E+01    3.4522091E-05    3.3729168E+00   -8.5843959E+00    1.7942311E+00    3.3048901E+00   -5.2439751E+00    9.2122946E-01   -2.5876845E+00   -2.8953662E+03   -1.1616873E+02    5.2882901E-01
    7.1100000E+00    8.2858443E-01   -1.7272195E+00   -5.7222925E+00    7.8395705E-01   -3.3758325E+01    3.4468020E-05    3.3530262E+00   -8.5235510E+00    1.7889212E+00    3.2893823E+00   -5.1904396E+00    9.2367594E-01   -2.5611806E+00   -2.8646187E+03   -1.2496657E+02    5.1862865E-01
    7.2900000E+00    8.3070032E-01   -1.7128957E+00   -5.6699355E+00    7.8383736E-01   -3.2175882E+01    3.4445910E-05    3.3337229E+00   -8.4647617E+00    1.7835064E+00    3.2744305E+00   -5.1390779E+00    9.2579183E-01   -2.5354125E+00   -2.8359029E+03   -1.3402703E+02    5.0903685E-01
    7.4700000E+00    8.3251031E-01   -1.6994398E+00   -5.6190049E+00    7.8313740E-01   -3.0551815E+01    3.4437123E-05    3.3149785E+00   -8.4078372E+00    1.7780040E+00    3.2600060E+00   -5.0897290E+00    9.2760182E-01   -2.5103381E+00   -2.8089678E+03   -1.4332786E+02    5.0001463E-01
    7.6500000E+00    8.3403662E-01   -1.6867882E+00   -5.5694185E+00    7.8190164E-01   -2.8895910E+01    3.4433685E-05    3.2967657E+00   -8.3526105E+00    1.7724286E+00    3.2460816E+00   -5.0422476E+00    9.2912813E-01   -2.4859179E+00   -2.7836056E+03   -1.5281282E+02    4.9152609E-01
    7.8300000E+00    8.3529909E-01   -1.6748836E+00   -5.5210998E+00    7.8017055E-01   -2.7251593E+01    3.4432326E-05    3.2790586E+00   -8.2989340E+00    1.7667923E+00    3.2326306E+00   -4.9965019E+00    9.3039060E-01   -2.4621151E+00   -2.7596451E+03   -1.6223350E+02    4.8353812E-01
    8.0100000E+00    8.3629479E-01   -1.6637192E+00   -5.4739870E+00    7.7802346E-01   -2.5877970E+01    3.4431774E-05    3.2619017E+00   -8.2466434E+00    1.7611166E+00    3.2196121E+00   -4.9524088E+00    9.3138630E-01   -2.4388993E+00   -2.7371576E+03   -1.7010902E+02    4.7603317E-01
    8.1900000E+00    8.3492505E-01   -1.6595142E+00   -5.4287415E+00    7.7790785E-01   -2.5711077E+01    3.4414445E-05    3.2467809E+00   -8.1957531E+00    1.7523873E+00    3.2018675E+00   -4.9157076E+00    9.3001656E-01   -2.4165163E+00   -2.7367861E+03   -1.7108451E+02    4.6853061E-01
    8.3700000E+00    8.3337727E-01   -1.6540769E+00   -5.3845266E+00    7.7915439E-01   -2.5656012E+01    3.4414313E-05    3.2373508E+00   -8.1427329E+00    1.7477206E+00    3.1880953E+00   -4.8781393E+00    9.2846878E-01   -2.3946429E+00   -2.7364150E+03   -1.7142287E+02    4.6319229E-01
    8.5500000E+00    8.3166413E-01   -1.6491679E+00   -5.3413215E+00    7.8002201E-01   -2.5640450E+01    3.4414192E-05    3.2282569E+00   -8.0910965E+00    1.7430225E+00    3.1747074E+00   -4.8418880E+00    9.2675564E-01   -2.3732727E+00   -2.7360441E+03   -1.7153703E+02    4.5821150E-01
    8.7300000E+00    8.2979722E-01   -1.6447546E+00   -5.2990787E+00    7.8054390E-01   -2.5637899E+01    3.4414079E-05    3.2194870E+00   -8.0407490E+00    1.7383003E+00    3.1616819E+00   -4.8068742E+00    9.2488873E-01   -2.3523821E+00   -2.7356737E+03   -1.7157820E+02    4.5356564E-01
    8.9100000E+00    8.2778722E-01   -1.6408054E+00   -5.2577539E+00    7.8074717E-01   -2.5639634E+01    3.4413973E-05    3.2110300E+00   -7.9916029E+00    1.7335613E+00    3.1490015E+00   -4.7730239E+00    9.2287873E-01   -2.3319492E+00   -2.7353035E+03   -1.7159606E+02    4.4923548E-01
    9.0900000E+00    8.2564394E-01   -1.6372913E+00   -5.2173056E+00    7.8065538E-01   -2.5642886E+01    3.4413872E-05    3.2028740E+00   -7.9435802E+00    1.7288121E+00    3.1366508E+00   -4.7402692E+00    9.2073545E-01   -2.3119543E+00   -2.7349337E+03   -1.7160631E+02    4.4520340E-01
    9.2700000E+00    8.2337648E-01   -1.6341854E+00   -5.1776956E+00    7.8028973E-01   -2.5646874E+01    3.4413776E-05    3.1950078E+00   -7.8966113E+00    1.7240585E+00    3.1246153E+00   -4.7085465E+00    9.1846799E-01   -2.2923808E+00   -2.7345642E+03   -1.7161328E+02    4.4145310E-01
    9.4500000E+00    8.2099327E-01   -1.6314632E+00   -5.1388886E+00    7.7966938E-01   -2.5651682E+01    3.4413683E-05    3.1874201E+00   -7.8506351E+00    1.7193059E+00    3.1128816E+00   -4.6777957E+00    9.1608478E-01   -2.2732155E+00   -2.7341951E+03   -1.7161638E+02    4.3796944E-01
    9.6300000E+00    8.1850214E-01   -1.6291023E+00   -5.1008522E+00    7.7881167E-01   -2.5658436E+01    3.4413594E-05    3.1801004E+00   -7.8055978E+00    1.7145600E+00    3.1014373E+00   -4.6479597E+00    9.1359365E-01   -2.2544491E+00   -2.7338263E+03   -1.7160905E+02    4.3473842E-01
    9.8100000E+00    8.1591041E-01   -1.6270824E+00   -5.0635573E+00    7.7773226E-01   -2.5671076E+01    3.4413510E-05    3.1730386E+00   -7.7614537E+00    1.7098264E+00    3.0902714E+00   -4.6189841E+00    9.1100192E-01   -2.2360770E+00   -2.7334578E+03   -1.7156870E+02    4.3174724E-01
    9.9900000E+00    8.1322493E-01   -1.6253850E+00   -5.0269784E+00    7.7644520E-01   -2.5702254E+01    3.4413432E-05    3.1662261E+00   -7.7181651E+00    1.7051117E+00    3.0793750E+00   -4.5908177E+00    9.0831645E-01   -2.2180993E+00   -2.7330896E+03   -1.7142290E+02    4.2898450E-01
    1.0170000E+01    8.1045222E-01   -1.6239935E+00   -4.9910948E+00    7.7496294E-01   -2.5790622E+01    3.4413377E-05    3.1596560E+00   -7.6757029E+00    1.7004231E+00    3.0687418E+00   -4.5634149E+00    9.0554373E-01   -2.2005203E+00   -2.7327218E+03   -1.7095068E+02    4.2644059E-01
    1.0350000E+01    8.0759847E-01   -1.6228931E+00   -4.9558928E+00    7.7329627E-01   -2.6039649E+01    3.4413397E-05    3.1533245E+00   -7.6340493E+00    1.6957690E+00    3.0583695E+00   -4.5367391E+00    9.0268998E-01   -2.1833488E+00   -2.7323543E+03   -1.6956062E+02    4.2410821E-01
    1.0530000E+01    8.0466970E-01   -1.6220706E+00   -4.9213682E+00    7.7145421E-01   -2.6643233E+01    3.4413671E-05    3.1472329E+00   -7.5931999E+00    1.6911599E+00    3.0482624E+00   -4.5107679E+00    8.9976121E-01   -2.1665975E+00   -2.7319872E+03   -1.6614457E+02    4.2198343E-01
    1.0710000E+01    8.0167190E-01   -1.6215148E+00   -4.8875308E+00    7.6944388E-01   -2.7745764E+01    3.4414815E-05    3.1413902E+00   -7.5531691E+00    1.6866091E+00    3.0384344E+00   -4.4855008E+00    8.9676341E-01   -2.1502832E+00   -2.7316204E+03   -1.5987719E+02    4.2006724E-01
    1.0890000E+01    7.9861120E-01   -1.6212164E+00   -4.8544106E+00    7.6727013E-01   -2.9245049E+01    3.4418936E-05    3.1358177E+00   -7.5139971E+00    1.6821354E+00    3.0289142E+00   -4.4609686E+00    8.9370271E-01   -2.1344285E+00   -2.7312540E+03   -1.5134210E+02    4.1836784E-01
    1.1070000E+01    7.9549415E-01   -1.6211688E+00   -4.8220673E+00    7.6493477E-01   -3.0938128E+01    3.4433235E-05    3.1305545E+00   -7.4757626E+00    1.6777655E+00    3.0197524E+00   -4.4372476E+00    8.9058566E-01   -2.1190653E+00   -2.7308882E+03   -1.4169855E+02    4.1690396E-01
    1.1250000E+01    7.9232814E-01   -1.6213686E+00   -4.7906041E+00    7.6243527E-01   -3.2702638E+01    3.4482292E-05    3.1256667E+00   -7.4386013E+00    1.6735389E+00    3.0110320E+00   -4.4144787E+00    8.8741965E-01   -2.1042407E+00   -2.7305237E+03   -1.3164503E+02    4.1570979E-01
    1.1430000E+01    7.8912193E-01   -1.6218176E+00   -4.7601888E+00    7.5976283E-01   -3.4490511E+01    3.4649800E-05    3.1212590E+00   -7.4027344E+00    1.6695142E+00    3.0028843E+00   -4.3928959E+00    8.8421344E-01   -2.0900279E+00   -2.7301625E+03   -1.2145509E+02    4.1484214E-01
    1.1610000E+01    7.8588652E-01   -1.6225250E+00   -4.7310833E+00    7.5689943E-01   -3.6285518E+01    3.5219771E-05    3.1174929E+00   -7.3685128E+00    1.6657791E+00    2.9955108E+00   -4.3728662E+00    8.8097804E-01   -2.0765417E+00   -2.7298113E+03   -1.1121985E+02    4.1439079E-01
    1.1790000E+01    7.8263639E-01   -1.6235102E+00   -4.7036843E+00    7.5381403E-01   -3.8082151E+01    3.7151402E-05    3.1146105E+00   -7.3364816E+00    1.6624637E+00    2.9892135E+00   -4.3549454E+00    8.7772790E-01   -2.0639601E+00   -2.7294924E+03   -1.0096809E+02    4.1449229E-01
    1.1970000E+01    7.7939110E-01   -1.6248061E+00   -4.6785701E+00    7.5045841E-01   -3.9872732E+01    4.3661416E-05    3.1129614E+00   -7.3074787E+00    1.6597556E+00    2.9844295E+00   -4.3399470E+00    8.7448261E-01   -2.0525490E+00   -2.7292777E+03   -9.0709015E+01    4.1534557E-01
    1.2150000E+01    7.7617743E-01   -1.6264590E+00   -4.6565260E+00    7.4676657E-01   -4.1239228E+01    6.5424839E-05    3.1130158E+00   -7.2827810E+00    1.6579083E+00    2.9817484E+00   -4.3289989E+00    8.7126894E-01   -2.0426773E+00   -2.7294016E+03   -8.0446376E+01    4.1721870E-01
    1.2330000E+01    7.7304564E-01   -1.6285244E+00   -4.6385279E+00    7.4270293E-01   -3.9837654E+01    1.3731341E-04    3.1153092E+00   -7.2643551E+00    1.6572249E+00    2.9818418E+00   -4.3235090E+00    8.6813715E-01   -2.0348068E+00   -2.7306247E+03   -7.0184341E+01    4.2039719E-01
    1.2510000E+01    7.7158761E-01   -1.8859902E+00   -4.6335988E+00    4.8775837E-01   -3.7643915E+01    4.3602271E-04    2.3592802E+00   -7.7659050E+00    1.0752904E+00    2.4778413E+00   -4.6444491E+00    8.6667912E-01   -2.0331418E+00   -2.7352827E+03   -5.9899518E+01    1.6985498E-01
    1.2690000E+01    7.7015132E-01   -1.8900197E+00   -4.6296834E+00    4.8620618E-01   -3.7255475E+01    5.2513436E-04    2.3643494E+00   -7.7630238E+00    1.0767261E+00    2.4815902E+00   -4.6502006E+00    8.6524283E-01   -2.0319632E+00   -2.7410785E+03   -5.8095399E+01    1.7316569E-01
    1.2870000E+01    7.6873392E-01   -1.8936053E+00   -4.6259700E+00    4.8505363E-01   -3.6944380E+01    5.5694988E-04    2.3707454E+00   -7.7601380E+00    1.0791710E+00    2.4863039E+00   -4.6558218E+00    8.6382543E-01   -2.0308606E+00   -2.7472949E+03   -5.7508084E+01    1.7693995E-01
    1.3050000E+01    7.6733541E-01   -1.8971342E+00   -4.6222272E+00    4.8391720E-01   -3.6698132E+01    5.7101662E-04    2.3770794E+00   -7.7575595E+00    1.0815977E+00    2.4909774E+00   -4.6614569E+00    8.6242692E-01   -2.0297147E+00   -2.7537099E+03   -5.7240258E+01    1.8067520E-01
    1.3230000E+01    7.6595568E-01   -1.9005987E+00   -4.6183883E+00    4.8280841E-01   -3.6500894E+01    5.7966314E-04    2.3833117E+00   -7.7551296E+00    1.0839851E+00    2.4955590E+00   -4.6669972E+00    8.6104720E-01   -2.0284890E+00   -2.7602556E+03   -5.7065917E+01    1.8434573E-01
    1.3410000E+01    7.6459459E-01   -1.9039978E+00   -4.6144370E+00    4.8173304E-01   -3.6339489E+01    5.8675442E-04    2.3894342E+00   -7.7527997E+00    1.0863283E+00    2.5000346E+00   -4.6724150E+00    8.5968610E-01   -2.0271730E+00   -2.7669127E+03   -5.6919007E+01    1.8794466E-01
    1.3590000E+01    7.6325197E-01   -1.9073327E+00   -4.6103722E+00    4.8069538E-01   -3.6204433E+01    5.9351413E-04    2.3954482E+00   -7.7505560E+00    1.0886271E+00    2.5044011E+00   -4.6777068E+00    8.5834348E-01   -2.0257645E+00   -2.7736772E+03   -5.6779252E+01    1.9147051E-01
    1.3770000E+01    7.6192765E-01   -1.9106054E+00   -4.6061975E+00    4.7969978E-01   -3.6089191E+01    6.0033674E-04    2.4013582E+00   -7.7483960E+00    1.0908829E+00    2.5086581E+00   -4.6828763E+00    8.5701916E-01   -2.0242644E+00   -2.7805499E+03   -5.6640273E+01    1.9492331E-01
    1.3950000E+01    7.6062147E-01   -1.9138182E+00   -4.6019178E+00    4.7875116E-01   -3.5989266E+01    6.0735485E-04    2.4071696E+00   -7.7463211E+00    1.0930976E+00    2.5128057E+00   -4.6879288E+00    8.5571298E-01   -2.0226747E+00   -2.7875337E+03   -5.6500008E+01    1.9830330E-01
    1.4130000E+01    7.5933325E-01   -1.9169739E+00   -4.5975382E+00    4.7785531E-01   -3.5901513E+01    6.1461803E-04    2.4128883E+00   -7.7443343E+00    1.0952734E+00    2.5168438E+00   -4.6928696E+00    8.5442476E-01   -2.0209983E+00   -2.7946319E+03   -5.6357748E+01    2.0161056E-01
    1.4310000E+01    7.5806282E-01   -1.9200754E+00   -4.5930639E+00    4.7701906E-01   -3.5823671E+01    6.2214955E-04    2.4185205E+00   -7.7424395E+00    1.0974127E+00    2.5207714E+00   -4.6977038E+00    8.5315433E-01   -2.0192385E+00   -2.8018483E+03   -5.6213219E+01    2.0484480E-01
    1.4490000E+01    7.5681002E-01   -1.9231260E+00   -4.5885000E+00    4.7625044E-01   -3.5754077E+01    6.2996481E-04    2.4240730E+00   -7.7406416E+00    1.0995181E+00    2.5245869E+00   -4.7024358E+00    8.5190153E-01   -2.0173988E+00   -2.8091867E+03   -5.6066282E+01    2.0800535E-01
    1.4670000E+01    7.5557466E-01   -1.9261293E+00   -4.5838512E+00    4.7555885E-01   -3.5691478E+01    6.3807817E-04    2.4295529E+00   -7.7389458E+00    1.1015922E+00    2.5282876E+00   -4.7070698E+00    8.5066617E-01   -2.0154832E+00   -2.8166514E+03   -5.5916822E+01    2.1109109E-01
    1.4850000E+01    7.5435656E-01   -1.9290892E+00   -4.5791223E+00    4.7495524E-01   -3.5634908E+01    6.4650409E-04    2.4349679E+00   -7.7373583E+00    1.1036379E+00    2.5318701E+00   -4.7116096E+00    8.4944807E-01   -2.0134953E+00   -2.8242469E+03   -5.5764741E+01    2.1410041E-01
    1.5030000E+01    7.5315555E-01   -1.9320098E+00   -4.5743176E+00    4.7445227E-01   -3.5583608E+01    6.5525805E-04    2.4403264E+00   -7.7358855E+00    1.1056585E+00    2.5353295E+00   -4.7160588E+00    8.4824706E-01   -2.0114385E+00   -2.8319777E+03   -5.5609941E+01    2.1703113E-01
    1.5210000E+01    7.5197143E-01   -1.9348958E+00   -4.5694411E+00    4.7406450E-01   -3.5536971E+01    6.6435724E-04    2.4456373E+00   -7.7345343E+00    1.1076568E+00    2.5386600E+00   -4.7204208E+00    8.4706294E-01   -2.0093158E+00   -2.8398489E+03   -5.5452321E+01    2.1988048E-01
    1.5390000E+01    7.5080400E-01   -1.9377519E+00   -4.5644961E+00    4.7380858E-01   -3.5494507E+01    6.7382110E-04    2.4509103E+00   -7.7333117E+00    1.1096363E+00    2.5418540E+00   -4.7246990E+00    8.4589551E-01   -2.0071291E+00   -2.8478656E+03   -5.5291776E+01    2.2264493E-01
    1.5570000E+01    7.4965307E-01   -1.9405833E+00   -4.5594851E+00    4.7370340E-01   -3.5455816E+01    6.8367203E-04    2.4561556E+00   -7.7322242E+00    1.1115998E+00    2.5449026E+00   -4.7288967E+00    8.4474458E-01   -2.0048786E+00   -2.8560333E+03   -5.5128195E+01    2.2532016E-01
    1.5750000E+01    7.4851841E-01   -1.9433954E+00   -4.5544093E+00    4.7377033E-01   -3.5420570E+01    6.9393637E-04    2.4613838E+00   -7.7312775E+00    1.1135503E+00    2.5477946E+00   -4.7330168E+00    8.4360992E-01   -2.0025628E+00   -2.8643578E+03   -5.4961460E+01    2.2790080E-01
    1.5930000E+01    7.4739978E-01   -1.9461935E+00   -4.5492678E+00    4.7403337E-01   -3.5388497E+01    7.0464590E-04    2.4666057E+00   -7.7304750E+00    1.1154902E+00    2.5505162E+00   -4.7370610E+00    8.4249129E-01   -2.0001770E+00   -2.8728453E+03   -5.4791447E+01    2.3038023E-01
    1.6110000E+01    7.4629692E-01   -1.9489829E+00   -4.5440561E+00    4.7451937E-01   -3.5359375E+01    7.1584011E-04    2.4718315E+00   -7.7298168E+00    1.1174207E+00    2.5530503E+00   -4.7410287E+00    8.4138843E-01   -1.9977127E+00   -2.8815023E+03   -5.4618027E+01    2.3275013E-01
    1.6290000E+01    7.4520953E-01   -1.9517687E+00   -4.5387652E+00    4.7525823E-01   -3.5333021E+01    7.2756942E-04    2.4770698E+00   -7.7292970E+00    1.1193421E+00    2.5553749E+00   -4.7449151E+00    8.4030104E-01   -1.9951563E+00   -2.8903356E+03   -5.4441068E+01    2.3499986E-01
    1.6470000E+01    7.4413723E-01   -1.9545551E+00   -4.5333778E+00    4.7628316E-01   -3.5309290E+01    7.3989984E-04    2.4823261E+00   -7.7289003E+00    1.1212517E+00    2.5574617E+00   -4.7487077E+00    8.3922874E-01   -1.9924875E+00   -2.8993528E+03   -5.4260443E+01    2.3711553E-01
    1.6650000E+01    7.4307958E-01   -1.9573452E+00   -4.5278652E+00    4.7763097E-01   -3.5288067E+01    7.5291924E-04    2.4875999E+00   -7.7285969E+00    1.1231436E+00    2.5592724E+00   -4.7523808E+00    8.3817110E-01   -1.9896773E+00   -2.9085613E+03   -5.4076054E+01    2.3907854E-01
    1.6830000E+01    7.4203601E-01   -1.9601401E+00   -4.5221810E+00    4.7934257E-01   -3.5269266E+01    7.6674510E-04    2.4928811E+00   -7.7283351E+00    1.1250061E+00    2.5607549E+00   -4.7558872E+00    8.3712752E-01   -1.9866850E+00   -2.9179694E+03   -5.3887885E+01    2.4086335E-01
    1.7010000E+01    7.4100575E-01   -1.9629379E+00   -4.5162515E+00    4.8146374E-01   -3.5252804E+01    7.8153180E-04    2.4981440E+00   -7.7280288E+00    1.1268187E+00    2.5618360E+00   -4.7591455E+00    8.3609726E-01   -1.9834537E+00   -2.9275852E+03   -5.3696136E+01    2.4243419E-01
    1.7190000E+01    7.3998774E-01   -1.9657317E+00   -4.5099625E+00    4.8404624E-01   -3.5238567E+01    7.9747027E-04    2.5033380E+00   -7.7275406E+00    1.1285483E+00    2.5624116E+00   -4.7620207E+00    8.3507925E-01   -1.9799043E+00   -2.9374161E+03   -5.3501557E+01    2.4373997E-01
    1.7370000E+01    7.3898052E-01   -1.9685075E+00   -4.5031383E+00    4.8714979E-01   -3.5226289E+01    8.1475955E-04    2.5083750E+00   -7.7266547E+00    1.1301417E+00    2.5623305E+00   -4.7642952E+00    8.3407203E-01   -1.9759256E+00   -2.9474676E+03   -5.3306246E+01    2.4470667E-01
    1.7550000E+01    7.3798196E-01   -1.9712403E+00   -4.4955109E+00    4.9084499E-01   -3.5215266E+01    8.3349442E-04    2.5131087E+00   -7.7250358E+00    1.1315166E+00    2.5613719E+00   -4.7656252E+00    8.3307347E-01   -1.9713598E+00   -2.9577383E+03   -5.3115540E+01    2.4522593E-01
    1.7730000E+01    7.3698910E-01   -1.9738889E+00   -4.4866752E+00    4.9521728E-01   -3.5203646E+01    8.5332411E-04    2.5173056E+00   -7.7221666E+00    1.1325461E+00    2.5592109E+00   -4.7654771E+00    8.3208061E-01   -1.9659814E+00   -2.9682090E+03   -5.2942522E+01    2.4513826E-01
    1.7910000E+01    7.3600731E-01   -1.9763638E+00   -4.4761490E+00    5.0030769E-01   -3.5187025E+01    8.7239223E-04    2.5205795E+00   -7.7173239E+00    1.1330394E+00    2.5554307E+00   -4.7630839E+00    8.3109882E-01   -1.9595446E+00   -2.9787189E+03   -5.2818718E+01    2.4422998E-01
