# Time          5.0000E+01
# Units: Log10 mol/kgw
    Distance      pH               H+               Li+              Na+              Ca++             K+               Al+++            SiO2(aq)         CO2(aq)          O2(aq)           Methane(aq)      Fe++             Fe+++            HS-              SO4--            Mg++             Cl-              CH2O             Tracer           HCO3-            Al(OH)2+         AlO2-            AlOH++           FeOH+            FeOH++           FeSO4(aq)        FeSO4+           OH-              CO3--            FeCO3(aq)        FeCO3+           FeHCO3+          NaCO3-           NaHCO3(aq)   
    9.0000000E-02    5.7657708E+00   -5.7593636E+00   -3.9999999E+00   -5.0387266E+00   -5.3618326E+00   -5.2716099E+00   -6.4472457E+00   -4.9117728E+00   -3.0226461E+00   -3.4745083E+00   -6.4486696E+00   -7.2775963E+00   -1.3869664E+01   -1.4000000E+01   -1.4000003E+01   -5.5497347E+00   -1.4000000E+01   -4.0633497E+00   -3.0000000E+01   -3.6937973E+00   -6.3630275E+00   -7.8091847E+00   -6.0722798E+00   -1.1031257E+01   -1.0325471E+01   -1.9129792E+01   -2.6222489E+01   -8.6930417E+00   -8.3711846E+00   -1.0836961E+01   -1.2040096E+01   -8.2773697E+00   -1.2765055E+01   -8.4776696E+00
    2.7000000E-01    5.7914536E+00   -5.7846956E+00   -3.9999999E+00   -4.8520875E+00   -5.1067430E+00   -5.2267556E+00   -6.7064777E+00   -4.6632421E+00   -3.0161208E+00   -3.4895763E+00   -6.4486706E+00   -7.1827427E+00   -1.4312646E+01   -1.4000000E+01   -1.4000004E+01   -5.2844608E+00   -1.4000000E+01   -4.8389080E+00   -3.0000000E+01   -3.6612206E+00   -6.5736909E+00   -7.9684825E+00   -6.3075309E+00   -1.0911797E+01   -1.0744473E+01   -1.9037852E+01   -2.6669737E+01   -8.6669907E+00   -8.3118298E+00   -1.0685659E+01   -1.2427982E+01   -8.1513821E+00   -1.2520523E+01   -8.2591888E+00
    4.5000000E-01    5.8222268E+00   -5.8151400E+00   -3.9999999E+00   -4.7295172E+00   -4.9544050E+00   -5.1600389E+00   -6.9712219E+00   -4.5131278E+00   -3.0171775E+00   -3.5042383E+00   -6.4486715E+00   -7.1240361E+00   -1.4401792E+01   -1.4000000E+01   -1.4000004E+01   -5.1320636E+00   -1.4000000E+01   -5.5845496E+00   -3.0000000E+01   -3.6311577E+00   -6.7795107E+00   -8.1127559E+00   -6.5430949E+00   -1.0823327E+01   -1.0804438E+01   -1.8981882E+01   -2.6762885E+01   -8.6358717E+00   -8.2499648E+00   -1.0567817E+01   -1.2459258E+01   -8.0639670E+00   -1.2337461E+01   -8.1072462E+00
    6.3000000E-01    5.8515289E+00   -5.8441353E+00   -3.9999999E+00   -4.6394731E+00   -4.8488332E+00   -5.0765023E+00   -7.1853020E+00   -4.4072645E+00   -3.0190547E+00   -3.5193862E+00   -6.4486724E+00   -7.0883268E+00   -1.4486738E+01   -1.4000000E+01   -1.4000005E+01   -5.0276399E+00   -1.4000000E+01   -6.2316676E+00   -3.0000000E+01   -3.6034090E+00   -6.9374319E+00   -8.2120729E+00   -6.7293564E+00   -1.0759259E+01   -1.0861566E+01   -1.8948730E+01   -2.6851566E+01   -8.6062462E+00   -8.1919523E+00   -1.0476646E+01   -1.2489921E+01   -8.0017741E+00   -1.2190688E+01   -7.9900991E+00
    8.1000000E-01    5.8781674E+00   -5.8704906E+00   -3.9999999E+00   -4.5688597E+00   -4.7700494E+00   -4.9839800E+00   -7.3603995E+00   -4.3270120E+00   -3.0205088E+00   -3.5352146E+00   -6.4486732E+00   -7.0681073E+00   -1.4563935E+01   -1.4000000E+01   -1.4000005E+01   -4.9501449E+00   -1.4000000E+01   -6.6221131E+00   -3.0000000E+01   -3.5779248E+00   -7.0615098E+00   -8.2828738E+00   -6.8791833E+00   -1.0713273E+01   -1.0913492E+01   -1.8930875E+01   -2.6932214E+01   -8.5793084E+00   -8.1389399E+00   -1.0405773E+01   -1.2517550E+01   -7.9572400E+00   -1.2068250E+01   -7.8945989E+00
    9.9000000E-01    5.9020163E+00   -5.8940777E+00   -3.9999999E+00   -4.5110384E+00   -4.7084456E+00   -4.8900321E+00   -7.5078476E+00   -4.2631605E+00   -3.0211601E+00   -3.5518100E+00   -6.4486740E+00   -7.0584899E+00   -1.4632991E+01   -1.4000000E+01   -1.4000005E+01   -4.8898030E+00   -1.4000000E+01   -6.7418464E+00   -3.0000000E+01   -3.5544497E+00   -7.1633464E+00   -8.3370127E+00   -7.0040452E+00   -1.0680613E+01   -1.0959962E+01   -1.8923447E+01   -2.7004461E+01   -8.5551823E+00   -8.0907924E+00   -1.0350192E+01   -1.2541644E+01   -7.9252297E+00   -1.1963380E+01   -7.8138559E+00
    1.1700000E+00    5.9230667E+00   -5.9148849E+00   -3.9999999E+00   -4.4621924E+00   -4.6585142E+00   -4.8001285E+00   -7.6338728E+00   -4.2105504E+00   -3.0207231E+00   -3.5692468E+00   -6.4486747E+00   -7.0559150E+00   -1.4693854E+01   -1.4000000E+01   -1.4000005E+01   -4.8410690E+00   -1.4000000E+01   -6.7542697E+00   -3.0000000E+01   -3.5327037E+00   -7.2492095E+00   -8.3807748E+00   -7.1101921E+00   -1.0657738E+01   -1.1000947E+01   -1.8922910E+01   -2.7068293E+01   -8.5338738E+00   -8.0472293E+00   -1.0306086E+01   -1.2561906E+01   -7.9019158E+00   -1.1871994E+01   -7.7437791E+00
    1.3500000E+00    5.9412314E+00   -5.9328216E+00   -3.9999999E+00   -4.4199210E+00   -4.6167246E+00   -4.7173756E+00   -7.7417305E+00   -4.1660218E+00   -3.0188586E+00   -3.5876056E+00   -6.4486754E+00   -7.0575533E+00   -1.4746234E+01   -1.4000000E+01   -1.4000005E+01   -4.8003936E+00   -1.4000000E+01   -6.7419098E+00   -3.0000000E+01   -3.5124320E+00   -7.3225537E+00   -8.4177897E+00   -7.2009817E+00   -1.0641915E+01   -1.1036259E+01   -1.8926459E+01   -2.7123454E+01   -8.5154670E+00   -8.0080738E+00   -1.0270474E+01   -1.2577907E+01   -7.8842265E+00   -1.1791527E+01   -7.6817193E+00
    1.5300000E+00    5.9562956E+00   -5.9476705E+00   -3.9999999E+00   -4.3826043E+00   -4.5806666E+00   -4.6430279E+00   -7.8328970E+00   -4.1274940E+00   -3.0151307E+00   -3.6069783E+00   -6.4486760E+00   -7.0610061E+00   -1.4789458E+01   -1.4000000E+01   -1.4000005E+01   -4.7653475E+00   -1.4000000E+01   -6.7240016E+00   -3.0000000E+01   -3.4934102E+00   -7.3853073E+00   -8.4504148E+00   -7.2781191E+00   -1.0630969E+01   -1.1065453E+01   -1.8931721E+01   -2.7169307E+01   -8.5001735E+00   -7.9733072E+00   -1.0240964E+01   -1.2588988E+01   -7.8695505E+00   -1.1720353E+01   -7.6258384E+00
    1.7100000E+00    5.9678971E+00   -5.9590666E+00   -3.9999999E+00   -4.3490811E+00   -4.5486492E+00   -4.5771474E+00   -7.9076021E+00   -4.0935082E+00   -3.0089809E+00   -3.6274707E+00   -6.4486766E+00   -7.0641530E+00   -1.4822412E+01   -1.4000000E+01   -1.4000005E+01   -4.7342178E+00   -1.4000000E+01   -6.7041718E+00   -3.0000000E+01   -3.4754396E+00   -7.4384456E+00   -8.4803503E+00   -7.3422090E+00   -1.0623149E+01   -1.1087792E+01   -1.8936594E+01   -2.7204769E+01   -8.4883531E+00   -7.9430853E+00   -1.0215611E+01   -1.2594224E+01   -7.8555794E+00   -1.1657475E+01   -7.5747817E+00
    1.8900000E+00    5.9755135E+00   -5.9664852E+00   -3.9999999E+00   -4.3184593E+00   -4.5194672E+00   -4.5191968E+00   -7.9650992E+00   -4.0629691E+00   -2.9997074E+00   -3.6492064E+00   -6.4486772E+00   -7.0650923E+00   -1.4843505E+01   -1.4000000E+01   -1.4000005E+01   -4.7057558E+00   -1.4000000E+01   -6.6787928E+00   -3.0000000E+01   -3.4583381E+00   -7.4822852E+00   -8.5089570E+00   -7.3930383E+00   -1.0617084E+01   -1.1102218E+01   -1.8939198E+01   -2.7228279E+01   -8.4805256E+00   -7.9177408E+00   -1.0192865E+01   -1.2592384E+01   -7.8402388E+00   -1.1602345E+01   -7.5274798E+00
    2.0700000E+00    5.9801173E+00   -5.9708598E+00   -3.9999999E+00   -4.2784390E+00   -4.4842666E+00   -4.5199212E+00   -7.8992730E+00   -4.0220269E+00   -2.9865462E+00   -3.6721630E+00   -6.4486782E+00   -7.0755806E+00   -1.4855525E+01   -1.4000000E+01   -1.4000005E+01   -4.6534756E+00   -1.4000000E+01   -4.9927410E+00   -3.0000000E+01   -3.4403276E+00   -7.4090767E+00   -8.4265409E+00   -7.3237066E+00   -1.0623678E+01   -1.1110732E+01   -1.8951618E+01   -2.7243101E+01   -8.4756766E+00   -7.8943994E+00   -1.0181938E+01   -1.2583859E+01   -7.8336695E+00   -1.1539954E+01   -7.4699381E+00
    2.2500000E+00    5.9834273E+00   -5.9739491E+00   -3.9999999E+00   -4.2420630E+00   -4.4518075E+00   -4.5208612E+00   -7.9465930E+00   -3.9855249E+00   -2.9729465E+00   -3.6957115E+00   -6.4486791E+00   -7.0803570E+00   -1.4863529E+01   -1.4000000E+01   -1.4000005E+01   -4.6070416E+00   -1.4000000E+01   -4.8860303E+00   -3.0000000E+01   -3.4231808E+00   -7.4515351E+00   -8.4623792E+00   -7.3687735E+00   -1.0625828E+01   -1.1116483E+01   -1.8958258E+01   -2.7253806E+01   -8.4721301E+00   -7.8732410E+00   -1.0167413E+01   -1.2573399E+01   -7.8222183E+00   -1.1483356E+01   -7.4168874E+00
    2.4300000E+00    5.9862367E+00   -5.9765445E+00   -3.9999999E+00   -4.2087080E+00   -4.4216859E+00   -4.5220066E+00   -7.9899564E+00   -3.9525384E+00   -2.9595724E+00   -3.7198862E+00   -6.4486801E+00   -7.0803832E+00   -1.4870081E+01   -1.4000000E+01   -1.4000005E+01   -4.5652752E+00   -1.4000000E+01   -4.8455336E+00   -3.0000000E+01   -3.4067674E+00   -7.4909831E+00   -8.4962084E+00   -7.4103504E+00   -1.0623708E+01   -1.1121248E+01   -1.8960092E+01   -2.7262976E+01   -8.4690912E+00   -7.8533377E+00   -1.0149338E+01   -1.2562660E+01   -7.8067223E+00   -1.1431007E+01   -7.3675770E+00
    2.6100000E+00    5.9887487E+00   -5.9788489E+00   -3.9999999E+00   -4.1779063E+00   -4.3935848E+00   -4.5233558E+00   -8.0294032E+00   -3.9224898E+00   -2.9465659E+00   -3.7446700E+00   -6.4486810E+00   -7.0765470E+00   -1.4875788E+01   -1.4000000E+01   -1.4000005E+01   -4.5273285E+00   -1.4000000E+01   -4.8174594E+00   -3.0000000E+01   -3.3910254E+00   -7.5270585E+00   -8.5272599E+00   -7.4482766E+00   -1.0618004E+01   -1.1125435E+01   -1.8958012E+01   -2.7271224E+01   -8.4663561E+00   -7.8344225E+00   -1.0128337E+01   -1.2551987E+01   -7.7880096E+00   -1.1382172E+01   -7.3214784E+00
    2.7900000E+00    5.9910330E+00   -5.9809315E+00   -3.9999999E+00   -4.1492928E+00   -4.3672481E+00   -4.5249076E+00   -8.0656031E+00   -3.8949345E+00   -2.9339433E+00   -3.7700700E+00   -6.4486819E+00   -7.0695954E+00   -1.4880858E+01   -1.4000000E+01   -1.4000005E+01   -4.4925653E+00   -1.4000000E+01   -4.7917545E+00   -3.0000000E+01   -3.3759009E+00   -7.5602956E+00   -8.5559284E+00   -7.4831546E+00   -1.0609394E+01   -1.1129183E+01   -1.8952769E+01   -2.7278765E+01   -8.4638548E+00   -7.8163705E+00   -1.0105036E+01   -1.2541470E+01   -7.7667753E+00   -1.1336366E+01   -7.2781735E+00
    2.9700000E+00    5.9931264E+00   -5.9828287E+00   -3.9999999E+00   -4.1225756E+00   -4.3424662E+00   -4.5266604E+00   -8.0990276E+00   -3.8695217E+00   -2.9216943E+00   -3.7960983E+00   -6.4486829E+00   -7.0601346E+00   -1.4885400E+01   -1.4000000E+01   -1.4000005E+01   -4.4604962E+00   -1.4000000E+01   -4.7661914E+00   -3.0000000E+01   -3.3613465E+00   -7.5910954E+00   -8.5825414E+00   -7.5154211E+00   -1.0598450E+01   -1.1132566E+01   -1.8944972E+01   -2.7285711E+01   -8.4615499E+00   -7.7990961E+00   -1.0079959E+01   -1.2531136E+01   -7.7435798E+00   -1.1293211E+01   -7.2373240E+00
    3.1500000E+00    5.9950554E+00   -5.9845665E+00   -3.9999999E+00   -4.0975181E+00   -4.3190645E+00   -4.5286124E+00   -8.1300431E+00   -3.8459693E+00   -2.9098036E+00   -3.8227663E+00   -6.4486838E+00   -7.0486488E+00   -1.4889490E+01   -1.4000000E+01   -1.4000005E+01   -4.4307362E+00   -1.4000000E+01   -4.7402409E+00   -3.0000000E+01   -3.3473200E+00   -7.6197744E+00   -8.6073624E+00   -7.5454179E+00   -1.0585629E+01   -1.1135638E+01   -1.8935109E+01   -2.7292145E+01   -8.4594145E+00   -7.7825293E+00   -1.0053523E+01   -1.2520997E+01   -7.7188666E+00   -1.1252403E+01   -7.1986517E+00
    3.3300000E+00    5.9968418E+00   -5.9861666E+00   -3.9999999E+00   -4.0739252E+00   -4.2968966E+00   -4.5307619E+00   -8.1589484E+00   -3.8240472E+00   -2.8982557E+00   -3.8500836E+00   -6.4486848E+00   -7.0355231E+00   -1.4893193E+01   -1.4000000E+01   -1.4000005E+01   -4.4029769E+00   -1.4000000E+01   -4.7137712E+00   -3.0000000E+01   -3.3337837E+00   -7.6465903E+00   -8.6306055E+00   -7.5734236E+00   -1.0571297E+01   -1.1138441E+01   -1.8923568E+01   -2.7298134E+01   -8.4574266E+00   -7.7666098E+00   -1.0026057E+01   -1.2511061E+01   -7.6929845E+00   -1.1213687E+01   -7.1619245E+00
    3.5100000E+00    5.9985045E+00   -5.9876474E+00   -3.9999999E+00   -4.0516347E+00   -4.2758382E+00   -4.5331070E+00   -8.1859924E+00   -3.8035652E+00   -2.8870360E+00   -3.8780561E+00   -6.4486858E+00   -7.0210637E+00   -1.4896563E+01   -1.4000000E+01   -1.4000005E+01   -4.3769678E+00   -1.4000000E+01   -4.6867505E+00   -3.0000000E+01   -3.3207038E+00   -7.6717569E+00   -8.6524466E+00   -7.5996698E+00   -1.0555741E+01   -1.1141014E+01   -1.8910657E+01   -2.7303736E+01   -8.4555669E+00   -7.7512841E+00   -9.9978144E+00   -1.2501332E+01   -7.6662073E+00   -1.1176850E+01   -7.1269471E+00
    3.6900000E+00    6.0000600E+00   -5.9890250E+00   -3.9999999E+00   -4.0305099E+00   -4.2557829E+00   -4.5356457E+00   -8.2113850E+00   -3.7843646E+00   -2.8761310E+00   -3.9066851E+00   -6.4486867E+00   -7.0055162E+00   -1.4899648E+01   -1.4000000E+01   -1.4000005E+01   -4.3525025E+00   -1.4000000E+01   -4.6591762E+00   -3.0000000E+01   -3.3080502E+00   -7.6954533E+00   -8.6730322E+00   -7.6243513E+00   -1.0539192E+01   -1.1143387E+01   -1.8896624E+01   -2.7309003E+01   -8.4538187E+00   -7.7365047E+00   -9.9689960E+00   -1.2491813E+01   -7.6387511E+00   -1.1141707E+01   -7.0935532E+00
    3.8700000E+00    6.0015229E+00   -5.9903141E+00   -3.9999999E+00   -4.0104350E+00   -4.2366392E+00   -4.5383691E+00   -8.2352859E+00   -3.7663088E+00   -2.8655279E+00   -3.9359660E+00   -6.4486877E+00   -6.9890793E+00   -1.4902490E+01   -1.4000000E+01   -1.4000006E+01   -4.3294091E+00   -1.4000000E+01   -4.6310579E+00   -3.0000000E+01   -3.2957950E+00   -7.7178116E+00   -8.6924646E+00   -7.6476140E+00   -1.0521834E+01   -1.1145591E+01   -1.8881670E+01   -2.7313980E+01   -8.4521671E+00   -7.7222282E+00   -9.9397593E+00   -1.2482508E+01   -7.6107882E+00   -1.1108101E+01   -7.0615995E+00
    4.0500000E+00    6.0029075E+00   -5.9915286E+00   -3.9999999E+00   -3.9913107E+00   -4.2183276E+00   -4.5412443E+00   -8.2577869E+00   -3.7492743E+00   -2.8552150E+00   -3.9658861E+00   -6.4486887E+00   -6.9719171E+00   -1.4905130E+01   -1.4000000E+01   -1.4000006E+01   -4.3075431E+00   -1.4000000E+01   -4.6024142E+00   -3.0000000E+01   -3.2839120E+00   -7.7388970E+00   -8.7107807E+00   -7.6695370E+00   -1.0503818E+01   -1.1147653E+01   -1.8865960E+01   -2.7318710E+01   -8.4505975E+00   -7.7084134E+00   -9.9102291E+00   -1.2473417E+01   -7.5824572E+00   -1.1075893E+01   -7.0309611E+00
    4.2300000E+00    6.0042244E+00   -5.9926789E+00   -3.9999999E+00   -3.9730514E+00   -4.2007785E+00   -4.5442696E+00   -8.2791202E+00   -3.7331649E+00   -2.8451807E+00   -3.9964230E+00   -6.4486897E+00   -6.9541670E+00   -1.4907598E+01   -1.4000000E+01   -1.4000006E+01   -4.2867815E+00   -1.4000000E+01   -4.5732731E+00   -3.0000000E+01   -3.2723790E+00   -7.7589223E+00   -8.7281722E+00   -7.6903427E+00   -1.0485271E+01   -1.1149593E+01   -1.8849634E+01   -2.7323226E+01   -8.4490993E+00   -7.6950271E+00   -9.8805108E+00   -1.2464541E+01   -7.5538740E+00   -1.1044964E+01   -7.0015306E+00
    4.4100000E+00    6.0054827E+00   -5.9937739E+00   -3.9999999E+00   -3.9555826E+00   -4.1839309E+00   -4.5474436E+00   -8.2993984E+00   -3.7178973E+00   -2.8354142E+00   -4.0275414E+00   -6.4486907E+00   -6.9359461E+00   -1.4909920E+01   -1.4000000E+01   -1.4000006E+01   -4.2670188E+00   -1.4000000E+01   -4.5436730E+00   -3.0000000E+01   -3.2611758E+00   -7.7779830E+00   -8.7447163E+00   -7.7101355E+00   -1.0466302E+01   -1.1151430E+01   -1.8832810E+01   -2.7327556E+01   -8.4476630E+00   -7.6820392E+00   -9.8506933E+00   -1.2455877E+01   -7.5251364E+00   -1.1015210E+01   -6.9732135E+00
    4.5900000E+00    6.0066902E+00   -5.9948212E+00   -3.9999999E+00   -3.9388393E+00   -4.1677309E+00   -4.5507645E+00   -8.3187181E+00   -3.7033991E+00   -2.8259049E+00   -4.0591901E+00   -6.4486917E+00   -6.9173576E+00   -1.4912118E+01   -1.4000000E+01   -1.4000006E+01   -4.2481637E+00   -1.4000000E+01   -4.5136653E+00   -3.0000000E+01   -3.2502838E+00   -7.7961619E+00   -8.7604801E+00   -7.7290051E+00   -1.0447006E+01   -1.1153178E+01   -1.8815593E+01   -2.7331724E+01   -8.4462808E+00   -7.6694230E+00   -9.8208542E+00   -1.2447423E+01   -7.4963296E+00   -1.0986540E+01   -6.9459268E+00
    4.7700000E+00    6.0078534E+00   -5.9958272E+00   -3.9999999E+00   -3.9227642E+00   -4.1521306E+00   -4.5542311E+00   -8.3371630E+00   -3.6896066E+00   -2.8166424E+00   -4.0912981E+00   -6.4486927E+00   -6.8984942E+00   -1.4914209E+01   -1.4000000E+01   -1.4000007E+01   -4.2301371E+00   -1.4000000E+01   -4.4833162E+00   -3.0000000E+01   -3.2396860E+00   -7.8135306E+00   -8.7755226E+00   -7.7470295E+00   -1.0427471E+01   -1.1154849E+01   -1.8798077E+01   -2.7335749E+01   -8.4449460E+00   -7.6571546E+00   -9.7910637E+00   -1.2439174E+01   -7.4675300E+00   -1.0958875E+01   -6.9195964E+00
    4.9500000E+00    6.0089774E+00   -5.9967969E+00   -3.9999999E+00   -3.9073067E+00   -4.1370871E+00   -4.5578420E+00   -8.3548051E+00   -3.6764639E+00   -2.8076166E+00   -4.1237696E+00   -6.4486937E+00   -6.8794415E+00   -1.4916210E+01   -1.4000000E+01   -1.4000007E+01   -4.2128695E+00   -1.4000000E+01   -4.4527095E+00   -3.0000000E+01   -3.2293670E+00   -7.8301519E+00   -8.7898958E+00   -7.7642761E+00   -1.0407777E+01   -1.1156454E+01   -1.8780348E+01   -2.7339649E+01   -8.4436532E+00   -7.6452128E+00   -9.7613871E+00   -1.2431126E+01   -7.4388082E+00   -1.0932141E+01   -6.8941564E+00
    5.1300000E+00    6.0100664E+00   -5.9977343E+00   -3.9999999E+00   -3.8924217E+00   -4.1225622E+00   -4.5615960E+00   -8.3717061E+00   -3.6639212E+00   -2.7988173E+00   -4.1564789E+00   -6.4486948E+00   -6.8602804E+00   -1.4918129E+01   -1.4000000E+01   -1.4000007E+01   -4.1963001E+00   -1.4000000E+01   -4.4219496E+00   -3.0000000E+01   -3.2193122E+00   -7.8460805E+00   -8.8036465E+00   -7.7808032E+00   -1.0388001E+01   -1.1157999E+01   -1.8762488E+01   -2.7343434E+01   -8.4423983E+00   -7.6335787E+00   -9.7318876E+00   -1.2423272E+01   -7.4102313E+00   -1.0906277E+01   -6.8695476E+00
    5.3100000E+00    6.0111233E+00   -5.9986423E+00   -3.9999999E+00   -3.8780689E+00   -4.1085213E+00   -4.5654920E+00   -8.3879191E+00   -3.6519344E+00   -2.7902344E+00   -4.1892635E+00   -6.4486958E+00   -6.8410891E+00   -1.4919975E+01   -1.4000000E+01   -1.4000008E+01   -4.1803747E+00   -1.4000000E+01   -4.3911643E+00   -3.0000000E+01   -3.2095086E+00   -7.8613643E+00   -8.8168163E+00   -7.7966615E+00   -1.0368219E+01   -1.1159491E+01   -1.8744577E+01   -2.7347115E+01   -8.4411780E+00   -7.6222356E+00   -9.7026278E+00   -1.2415604E+01   -7.3818647E+00   -1.0881226E+01   -6.8457168E+00
    5.4900000E+00    6.0121505E+00   -5.9995230E+00   -3.9999999E+00   -3.8642122E+00   -4.0949333E+00   -4.5695290E+00   -8.4034898E+00   -3.6404638E+00   -2.7818578E+00   -4.2219177E+00   -6.4486968E+00   -6.8219446E+00   -1.4921754E+01   -1.4000000E+01   -1.4000008E+01   -4.1650454E+00   -1.4000000E+01   -4.3605087E+00   -3.0000000E+01   -3.1999436E+00   -7.8760454E+00   -8.8294431E+00   -7.8118950E+00   -1.0348506E+01   -1.1160932E+01   -1.8726693E+01   -2.7350699E+01   -8.4399901E+00   -7.6111687E+00   -9.6736707E+00   -1.2408115E+01   -7.3537735E+00   -1.0856936E+01   -6.8226158E+00
    5.6700000E+00    6.0131497E+00   -6.0003781E+00   -3.9999999E+00   -3.8508189E+00   -4.0817700E+00   -4.5737063E+00   -8.4184584E+00   -3.6294739E+00   -2.7736781E+00   -4.2541846E+00   -6.4486979E+00   -6.8029243E+00   -1.4923470E+01   -1.4000000E+01   -1.4000008E+01   -4.1502692E+00   -1.4000000E+01   -4.3301678E+00   -3.0000000E+01   -3.1906060E+00   -7.8901613E+00   -8.8415608E+00   -7.8265426E+00   -1.0328938E+01   -1.1162327E+01   -1.8708913E+01   -2.7354190E+01   -8.4388327E+00   -7.6003644E+00   -9.6450809E+00   -1.2400796E+01   -7.3260241E+00   -1.0833363E+01   -6.8002006E+00
    5.8500000E+00    6.0141226E+00   -6.0012092E+00   -3.9999999E+00   -3.8378597E+00   -4.0690056E+00   -4.5780230E+00   -8.4328621E+00   -3.6189325E+00   -2.7656865E+00   -4.2857495E+00   -6.4486990E+00   -6.7841063E+00   -1.4925126E+01   -1.4000000E+01   -1.4000009E+01   -4.1360077E+00   -1.4000000E+01   -4.3003601E+00   -3.0000000E+01   -3.1814851E+00   -7.9037464E+00   -8.8532000E+00   -7.8406401E+00   -1.0309592E+01   -1.1163677E+01   -1.8691317E+01   -2.7357594E+01   -8.4377038E+00   -7.5898101E+00   -9.6169247E+00   -1.2393640E+01   -7.2986844E+00   -1.0810465E+01   -6.7784314E+00
    6.0300000E+00    6.0150720E+00   -6.0020191E+00   -3.9999999E+00   -3.8253078E+00   -4.0566168E+00   -4.5824786E+00   -8.4467383E+00   -3.6088107E+00   -2.7578761E+00   -4.3162333E+00   -6.4487000E+00   -6.7655712E+00   -1.4926729E+01   -1.4000000E+01   -1.4000009E+01   -4.1222262E+00   -1.4000000E+01   -4.2713404E+00   -3.0000000E+01   -3.1725710E+00   -7.9168335E+00   -8.8643882E+00   -7.8542229E+00   -1.0290546E+01   -1.1164987E+01   -1.8673986E+01   -2.7360920E+01   -8.4366007E+00   -7.5794929E+00   -9.5892705E+00   -1.2386642E+01   -7.2718255E+00   -1.0788202E+01   -6.7572719E+00
    6.2100000E+00    6.0160028E+00   -6.0028124E+00   -3.9999999E+00   -3.8131391E+00   -4.0445822E+00   -4.5870725E+00   -8.4601294E+00   -3.5990822E+00   -2.7502424E+00   -4.3451895E+00   -6.4487011E+00   -6.7474025E+00   -1.4928294E+01   -1.4000000E+01   -1.4000009E+01   -4.1088937E+00   -1.4000000E+01   -4.2434016E+00   -3.0000000E+01   -3.1638546E+00   -7.9294559E+00   -8.8751491E+00   -7.8673289E+00   -1.0271878E+01   -1.1166267E+01   -1.8657004E+01   -2.7364180E+01   -8.4355184E+00   -7.5693985E+00   -9.5621882E+00   -1.2379803E+01   -7.2455220E+00   -1.0766536E+01   -6.7366889E+00
    6.3900000E+00    6.0169236E+00   -6.0035978E+00   -3.9999999E+00   -3.8013315E+00   -4.0328822E+00   -4.5918045E+00   -8.4730894E+00   -3.5897233E+00   -2.7427859E+00   -4.3721050E+00   -6.4487022E+00   -6.7296876E+00   -1.4929844E+01   -1.4000000E+01   -1.4000010E+01   -4.0959817E+00   -1.4000000E+01   -4.2168763E+00   -3.0000000E+01   -3.1553274E+00   -7.9416509E+00   -8.8855025E+00   -7.8800037E+00   -1.0253667E+01   -1.1167531E+01   -1.8640459E+01   -2.7367401E+01   -8.4344482E+00   -7.5595095E+00   -9.5357485E+00   -1.2373129E+01   -7.2198532E+00   -1.0745428E+01   -6.7166520E+00
    6.5700000E+00    6.0178493E+00   -6.0043900E+00   -3.9999999E+00   -3.7898653E+00   -4.0214992E+00   -4.5966741E+00   -8.4856921E+00   -3.5807130E+00   -2.7355137E+00   -4.3964085E+00   -6.4487033E+00   -6.7125185E+00   -1.4931423E+01   -1.4000000E+01   -1.4000010E+01   -4.0834650E+00   -1.4000000E+01   -4.1921361E+00   -3.0000000E+01   -3.1469817E+00   -7.9534630E+00   -8.8954632E+00   -7.8923066E+00   -1.0235992E+01   -1.1168811E+01   -1.8624443E+01   -2.7370628E+01   -8.4333752E+00   -7.5498032E+00   -9.5100213E+00   -1.2366644E+01   -7.1949038E+00   -1.0724837E+01   -6.6971341E+00
    6.7500000E+00    6.0188041E+00   -6.0052133E+00   -3.9999999E+00   -3.7787232E+00   -4.0104168E+00   -4.6016812E+00   -8.4980431E+00   -3.5720324E+00   -2.7284433E+00   -4.4174871E+00   -6.4487044E+00   -6.6959935E+00   -1.4933103E+01   -1.4000000E+01   -1.4000010E+01   -4.0713204E+00   -1.4000000E+01   -4.1695890E+00   -3.0000000E+01   -3.1388104E+00   -7.9649498E+00   -8.9050402E+00   -7.9043191E+00   -1.0218925E+01   -1.1170152E+01   -1.8609057E+01   -2.7373932E+01   -8.4322748E+00   -7.5402480E+00   -9.4850737E+00   -1.2360387E+01   -7.1707652E+00   -1.0704713E+01   -6.6781107E+00
    6.9300000E+00    6.0198262E+00   -6.0061057E+00   -3.9999999E+00   -3.7678897E+00   -3.9996207E+00   -4.6068252E+00   -8.5102947E+00   -3.5636654E+00   -2.7216065E+00   -4.4347146E+00   -6.4487055E+00   -6.6802180E+00   -1.4934996E+01   -1.4000000E+01   -1.4000011E+01   -4.0595274E+00   -1.4000000E+01   -4.1496747E+00   -3.0000000E+01   -3.1308076E+00   -7.9761880E+00   -8.9142344E+00   -7.9161561E+00   -1.0202536E+01   -1.1171630E+01   -1.8594404E+01   -2.7377427E+01   -8.4311093E+00   -7.5307997E+00   -9.4609673E+00   -1.2354428E+01   -7.1475368E+00   -1.0684996E+01   -6.6595605E+00
    7.1100000E+00    6.0209726E+00   -6.0071242E+00   -3.9999999E+00   -3.7573521E+00   -3.9890978E+00   -4.6121058E+00   -8.5226661E+00   -3.5555989E+00   -2.7150554E+00   -4.4474907E+00   -6.4487067E+00   -6.6653064E+00   -1.4937272E+01   -1.4000000E+01   -1.4000011E+01   -4.0480677E+00   -1.4000000E+01   -4.1328556E+00   -3.0000000E+01   -3.1229679E+00   -7.9872828E+00   -8.9230364E+00   -7.9279795E+00   -1.0186880E+01   -1.1173358E+01   -1.8580601E+01   -2.7381283E+01   -8.4298212E+00   -7.5213959E+00   -9.4377545E+00   -1.2348874E+01   -7.1253282E+00   -1.0665613E+01   -6.6414657E+00
    7.2900000E+00    6.0223268E+00   -6.0083524E+00   -3.9999999E+00   -3.7471004E+00   -3.9788369E+00   -4.6175219E+00   -8.5354680E+00   -3.5478227E+00   -2.7088695E+00   -4.4552880E+00   -6.4487078E+00   -6.6513851E+00   -1.4940180E+01   -1.4000000E+01   -1.4000012E+01   -4.0369253E+00   -1.4000000E+01   -4.1196045E+00   -3.0000000E+01   -3.1152876E+00   -7.9983783E+00   -8.9314234E+00   -7.9400169E+00   -1.0172001E+01   -1.1175502E+01   -1.8567773E+01   -2.7385750E+01   -8.4283272E+00   -7.5119491E+00   -9.4154742E+00   -1.2343889E+01   -7.1042619E+00   -1.0646465E+01   -6.6238124E+00
    7.4700000E+00    6.0240077E+00   -6.0099090E+00   -3.9999999E+00   -3.7371277E+00   -3.9688289E+00   -4.6230723E+00   -8.5491359E+00   -3.5403308E+00   -2.7031654E+00   -4.4577023E+00   -6.4487090E+00   -6.6385957E+00   -1.4944077E+01   -1.4000000E+01   -1.4000012E+01   -4.0260868E+00   -1.4000000E+01   -4.1103879E+00   -3.0000000E+01   -3.1077641E+00   -8.0096720E+00   -8.9393553E+00   -7.9525848E+00   -1.0157922E+01   -1.1178299E+01   -1.8556062E+01   -2.7391183E+01   -8.4265084E+00   -7.5023380E+00   -9.3941468E+00   -1.2339705E+01   -7.0844770E+00   -1.0627425E+01   -6.6065913E+00
    7.6500000E+00    6.0261816E+00   -6.0119605E+00   -3.9999999E+00   -3.7274312E+00   -3.9590664E+00   -4.6287545E+00   -8.5642722E+00   -3.5331219E+00   -2.6981085E+00   -4.4544968E+00   -6.4487101E+00   -6.6271010E+00   -1.4949458E+01   -1.4000000E+01   -1.4000012E+01   -4.0155411E+00   -1.4000000E+01   -4.1056435E+00   -3.0000000E+01   -3.1003967E+00   -8.0214336E+00   -8.9467691E+00   -7.9661192E+00   -1.0144640E+01   -1.1182079E+01   -1.8545632E+01   -2.7398079E+01   -8.4241984E+00   -7.4923956E+00   -9.3737680E+00   -1.2336653E+01   -7.0661356E+00   -1.0608322E+01   -6.5897987E+00
    7.8300000E+00    6.0290781E+00   -6.0147364E+00   -3.9999999E+00   -3.7180126E+00   -3.9495447E+00   -4.6345649E+00   -8.5817029E+00   -3.5262003E+00   -2.6939299E+00   -4.4456328E+00   -6.4487113E+00   -6.6170936E+00   -1.4957013E+01   -1.4000000E+01   -1.4000012E+01   -4.0052804E+00   -1.4000000E+01   -4.1057543E+00   -3.0000000E+01   -3.0931871E+00   -8.0340295E+00   -8.9535720E+00   -7.9812164E+00   -1.0132116E+01   -1.1187300E+01   -1.8536672E+01   -2.7407125E+01   -8.4211678E+00   -7.4818942E+00   -9.3543020E+00   -1.2335193E+01   -7.0494314E+00   -1.0588930E+01   -6.5734379E+00
    8.0100000E+00    6.0330122E+00   -6.0185518E+00   -3.9999999E+00   -3.7088790E+00   -3.9402627E+00   -4.6404879E+00   -8.6025569E+00   -3.5195782E+00   -2.6909490E+00   -4.4312779E+00   -6.4487125E+00   -6.6088069E+00   -1.4967684E+01   -1.4000000E+01   -1.4000013E+01   -3.9953008E+00   -1.4000000E+01   -4.1111037E+00   -3.0000000E+01   -3.0861397E+00   -8.0479579E+00   -8.9596323E+00   -7.9986897E+00   -1.0120269E+01   -1.1194590E+01   -1.8529417E+01   -2.7419264E+01   -8.4171018E+00   -7.4705236E+00   -9.3356711E+00   -1.2335956E+01   -7.0346020E+00   -1.0568945E+01   -6.5575199E+00
    8.1900000E+00    6.0385397E+00   -6.0239632E+00   -3.9999999E+00   -3.6994182E+00   -3.9317620E+00   -4.6358021E+00   -8.6311597E+00   -3.5138917E+00   -2.6895953E+00   -4.4116558E+00   -6.4487136E+00   -6.6001090E+00   -1.4983219E+01   -1.4000000E+01   -1.4000013E+01   -3.9862457E+00   -1.4000000E+01   -4.3105116E+00   -3.0000000E+01   -3.0791285E+00   -8.0664286E+00   -8.9670480E+00   -8.0223066E+00   -1.0106410E+01   -1.1205139E+01   -1.8521731E+01   -2.7436237E+01   -8.4114448E+00   -7.4576036E+00   -9.3150590E+00   -1.2340003E+01   -7.0193876E+00   -1.0547074E+01   -6.5413061E+00
    8.3700000E+00    6.0449327E+00   -6.0302422E+00   -3.9999999E+00   -3.6902939E+00   -3.9234815E+00   -4.6313774E+00   -8.6604126E+00   -3.5085480E+00   -2.6892855E+00   -4.3891299E+00   -6.4487148E+00   -6.5938310E+00   -1.5001282E+01   -1.4000000E+01   -1.4000013E+01   -3.9774266E+00   -1.4000000E+01   -4.5161114E+00   -3.0000000E+01   -3.0722983E+00   -8.0838006E+00   -8.9716340E+00   -8.0456973E+00   -1.0094099E+01   -1.1217340E+01   -1.8516445E+01   -2.7455710E+01   -8.4049248E+00   -7.4440062E+00   -9.2961706E+00   -1.2345874E+01   -7.0067647E+00   -1.0524852E+01   -6.5256048E+00
    8.5500000E+00    6.0518316E+00   -6.0370294E+00   -3.9999999E+00   -3.6814974E+00   -3.9154163E+00   -4.6271866E+00   -8.6911519E+00   -3.5035405E+00   -2.6896570E+00   -4.3653636E+00   -6.4487159E+00   -6.5900449E+00   -1.5020875E+01   -1.4000000E+01   -1.4000013E+01   -3.9688372E+00   -1.4000000E+01   -4.7271827E+00   -3.0000000E+01   -3.0656458E+00   -8.1016293E+00   -8.9756650E+00   -8.0700578E+00   -1.0083767E+01   -1.1230554E+01   -1.8513632E+01   -2.7476686E+01   -8.3979013E+00   -7.4300876E+00   -9.2794341E+00   -1.2352926E+01   -6.9968020E+00   -1.0502628E+01   -6.5104042E+00
    8.7300000E+00    6.0589936E+00   -6.0440820E+00   -3.9999999E+00   -3.6730156E+00   -3.9075582E+00   -4.6232109E+00   -8.7225153E+00   -3.4988568E+00   -2.6904615E+00   -4.3412857E+00   -6.4487171E+00   -6.5887800E+00   -1.5041272E+01   -1.4000000E+01   -1.4000013E+01   -3.9604703E+00   -1.4000000E+01   -4.9417035E+00   -3.0000000E+01   -3.0591655E+00   -8.1195383E+00   -8.9792499E+00   -8.0947686E+00   -1.0075685E+01   -1.1244299E+01   -1.8513322E+01   -2.7498439E+01   -8.3906170E+00   -7.4160851E+00   -9.2651165E+00   -1.2360672E+01   -6.9895237E+00   -1.0480625E+01   -6.4956860E+00
    8.9100000E+00    6.0662599E+00   -6.0512409E+00   -3.9999999E+00   -3.6648336E+00   -3.8998981E+00   -4.6194360E+00   -8.7539406E+00   -3.4944815E+00   -2.6915337E+00   -4.3174325E+00   -6.4487182E+00   -6.5900383E+00   -1.5062000E+01   -1.4000000E+01   -1.4000013E+01   -3.9523176E+00   -1.4000000E+01   -5.1559390E+00   -3.0000000E+01   -3.0528510E+00   -8.1372836E+00   -8.9824627E+00   -8.1194268E+00   -1.0070017E+01   -1.1258259E+01   -1.8515517E+01   -2.7520496E+01   -8.3832307E+00   -7.4021509E+00   -9.2533723E+00   -1.2368789E+01   -6.9849253E+00   -1.0458980E+01   -6.4814286E+00
    9.0900000E+00    6.0735289E+00   -6.0584047E+00   -3.9999999E+00   -3.6569353E+00   -3.8924269E+00   -4.6158498E+00   -8.7850742E+00   -3.4903982E+00   -2.6927653E+00   -4.2940921E+00   -6.4487194E+00   -6.5938032E+00   -1.5082754E+01   -1.4000000E+01   -1.4000013E+01   -3.9443704E+00   -1.4000000E+01   -5.3639583E+00   -3.0000000E+01   -3.0466952E+00   -8.1547154E+00   -8.9853563E+00   -8.1437808E+00   -1.0066845E+01   -1.1272234E+01   -1.8520201E+01   -2.7542555E+01   -8.3758439E+00   -7.3883793E+00   -9.2442800E+00   -1.2377072E+01   -6.9829838E+00   -1.0437774E+01   -6.4676094E+00
    9.2700000E+00    6.0807384E+00   -6.0655109E+00   -3.9999999E+00   -3.6493052E+00   -3.8851360E+00   -4.6124416E+00   -8.8157044E+00   -3.4865899E+00   -2.6940868E+00   -4.2714022E+00   -6.4487205E+00   -6.6000456E+00   -1.5103351E+01   -1.4000000E+01   -1.4000013E+01   -3.9366191E+00   -1.4000000E+01   -5.5575407E+00   -3.0000000E+01   -3.0406912E+00   -8.1717471E+00   -8.9879691E+00   -8.1676815E+00   -1.0066205E+01   -1.1286101E+01   -1.8527345E+01   -2.7564431E+01   -8.3685188E+00   -7.3748253E+00   -9.2378661E+00   -1.2385390E+01   -6.9836632E+00   -1.0417045E+01   -6.4542057E+00
    9.4500000E+00    6.0878517E+00   -6.0725228E+00   -3.9999999E+00   -3.6419279E+00   -3.8780175E+00   -4.6092017E+00   -8.8457131E+00   -3.4830407E+00   -2.6954549E+00   -4.2494134E+00   -6.4487217E+00   -6.6087270E+00   -1.5123681E+01   -1.4000000E+01   -1.4000012E+01   -3.9290545E+00   -1.4000000E+01   -5.7273408E+00   -3.0000000E+01   -3.0348319E+00   -8.1883342E+00   -8.9903296E+00   -8.1910475E+00   -1.0068094E+01   -1.1299788E+01   -1.8536913E+01   -2.7586017E+01   -8.3612919E+00   -7.3615183E+00   -9.2341221E+00   -1.2393665E+01   -6.9869185E+00   -1.0396807E+01   -6.4411956E+00
    9.6300000E+00    6.0948491E+00   -6.0794208E+00   -3.9999999E+00   -3.6347892E+00   -3.8710645E+00   -4.6061211E+00   -8.8750420E+00   -3.4797350E+00   -2.6968433E+00   -4.2281275E+00   -6.4487228E+00   -6.6198011E+00   -1.5143686E+01   -1.4000000E+01   -1.4000012E+01   -3.9216669E+00   -1.4000000E+01   -5.8658590E+00   -3.0000000E+01   -3.0291108E+00   -8.2044587E+00   -8.9924591E+00   -8.2138408E+00   -1.0072485E+01   -1.1313258E+01   -1.8548857E+01   -2.7607256E+01   -8.3541828E+00   -7.3484711E+00   -9.2330150E+00   -1.2401852E+01   -6.9926968E+00   -1.0377060E+01   -6.4285583E+00
    9.8100000E+00    6.1017213E+00   -6.0861952E+00   -3.9999999E+00   -3.6278757E+00   -3.8642710E+00   -4.6031914E+00   -8.9036698E+00   -3.4766585E+00   -2.6982362E+00   -4.2075219E+00   -6.4487239E+00   -6.6332134E+00   -1.5163339E+01   -1.4000000E+01   -1.4000012E+01   -3.9144464E+00   -1.4000000E+01   -5.9708377E+00   -3.0000000E+01   -3.0235214E+00   -8.2201187E+00   -8.9943748E+00   -8.2360501E+00   -1.0079335E+01   -1.1326492E+01   -1.8563125E+01   -2.7628122E+01   -8.3472009E+00   -7.3356866E+00   -9.2344940E+00   -1.2409929E+01   -7.0009378E+00   -1.0357794E+01   -6.4162741E+00
    9.9900000E+00    6.1084649E+00   -6.0928426E+00   -3.9999999E+00   -3.6211749E+00   -3.8576324E+00   -4.6004048E+00   -8.9315968E+00   -3.4737976E+00   -2.6996245E+00   -4.1875622E+00   -6.4487251E+00   -6.6489012E+00   -1.5182630E+01   -1.4000000E+01   -1.4000011E+01   -3.9073829E+00   -1.4000000E+01   -6.0461083E+00   -3.0000000E+01   -3.0180577E+00   -8.2353217E+00   -8.9960907E+00   -8.2576790E+00   -1.0088583E+01   -1.1339486E+01   -1.8579654E+01   -2.7648605E+01   -8.3403494E+00   -7.3231617E+00   -9.2384940E+00   -1.2417883E+01   -7.0115729E+00   -1.0338993E+01   -6.4043248E+00
    1.0170000E+01    6.1150799E+00   -6.0993632E+00   -3.9999999E+00   -3.6146753E+00   -3.8511453E+00   -4.5977538E+00   -8.9588347E+00   -3.4711400E+00   -2.7010025E+00   -4.1682103E+00   -6.4487262E+00   -6.6667920E+00   -1.5201561E+01   -1.4000000E+01   -1.4000011E+01   -3.9004657E+00   -1.4000000E+01   -6.0990431E+00   -3.0000000E+01   -3.0127140E+00   -8.2500797E+00   -8.9976187E+00   -8.2787396E+00   -1.0100158E+01   -1.1352239E+01   -1.8598372E+01   -2.7668707E+01   -8.3336282E+00   -7.3108906E+00   -9.2449371E+00   -1.2425710E+01   -7.0245244E+00   -1.0320639E+01   -6.3926931E+00
    1.0350000E+01    6.1215680E+00   -6.1057584E+00   -3.9999999E+00   -3.6083660E+00   -3.8448075E+00   -4.5952314E+00   -8.9854004E+00   -3.4686740E+00   -2.7023666E+00   -4.1494277E+00   -6.4487273E+00   -6.6868022E+00   -1.5220135E+01   -1.4000000E+01   -1.4000010E+01   -3.8936835E+00   -1.4000000E+01   -6.1371621E+00   -3.0000000E+01   -3.0074851E+00   -8.2644070E+00   -8.9989698E+00   -8.2992475E+00   -1.0113975E+01   -1.1364755E+01   -1.8619197E+01   -2.7688434E+01   -8.3270356E+00   -7.2988661E+00   -9.2537330E+00   -1.2433408E+01   -7.0397034E+00   -1.0302716E+01   -6.3813633E+00
    1.0530000E+01    6.1279314E+00   -6.1120303E+00   -3.9999999E+00   -3.6022372E+00   -3.8386178E+00   -4.5928308E+00   -9.0113120E+00   -3.4663890E+00   -2.7037140E+00   -4.1311778E+00   -6.4487285E+00   -6.7088351E+00   -1.5238360E+01   -1.4000000E+01   -1.4000010E+01   -3.8870251E+00   -1.4000000E+01   -6.1662483E+00   -3.0000000E+01   -3.0023658E+00   -8.2783177E+00   -9.0001537E+00   -8.3192189E+00   -1.0129934E+01   -1.1377040E+01   -1.8642031E+01   -2.7707793E+01   -8.3205693E+00   -7.2870807E+00   -9.2647781E+00   -1.2440978E+01   -7.0570086E+00   -1.0285207E+01   -6.3703202E+00
    1.0710000E+01    6.1341720E+00   -6.1181809E+00   -3.9999999E+00   -3.5962795E+00   -3.8325760E+00   -4.5905459E+00   -9.0365861E+00   -3.4642748E+00   -2.7050420E+00   -4.1134263E+00   -6.4487296E+00   -6.7327796E+00   -1.5256240E+01   -1.4000000E+01   -1.4000009E+01   -3.8804787E+00   -1.4000000E+01   -6.1900778E+00   -3.0000000E+01   -2.9973514E+00   -8.2918252E+00   -9.0011800E+00   -8.3386688E+00   -1.0147924E+01   -1.1389096E+01   -1.8666765E+01   -2.7726790E+01   -8.3142273E+00   -7.2755275E+00   -9.2779550E+00   -1.2448418E+01   -7.0763243E+00   -1.0268094E+01   -6.3595502E+00
    1.0890000E+01    6.1402909E+00   -6.1242113E+00   -3.9999999E+00   -3.5904843E+00   -3.8266822E+00   -4.5883706E+00   -9.0612362E+00   -3.4623223E+00   -2.7063472E+00   -4.0961419E+00   -6.4487307E+00   -6.7585083E+00   -1.5273779E+01   -1.4000000E+01   -1.4000009E+01   -3.8740332E+00   -1.4000000E+01   -6.2108833E+00   -3.0000000E+01   -2.9924374E+00   -8.3049408E+00   -9.0020578E+00   -8.3576097E+00   -1.0167814E+01   -1.1400925E+01   -1.8693271E+01   -2.7745428E+01   -8.3080085E+00   -7.2642008E+00   -9.2931309E+00   -1.2455726E+01   -7.0975189E+00   -1.0251365E+01   -6.3490401E+00
    1.1070000E+01    6.1462882E+00   -6.1301213E+00   -3.9999999E+00   -3.5848435E+00   -3.8209364E+00   -4.5862994E+00   -9.0852706E+00   -3.4605226E+00   -2.7076256E+00   -4.0792957E+00   -6.4487319E+00   -6.7858767E+00   -1.5290975E+01   -1.4000000E+01   -1.4000008E+01   -3.8676778E+00   -1.4000000E+01   -6.2299061E+00   -3.0000000E+01   -2.9876196E+00   -8.3176736E+00   -9.0027960E+00   -8.3760502E+00   -1.0189462E+01   -1.1412527E+01   -1.8721406E+01   -2.7763708E+01   -8.3019128E+00   -7.2530962E+00   -9.3101573E+00   -1.2462897E+01   -7.1204437E+00   -1.0235006E+01   -6.3387777E+00
    1.1250000E+01    6.1521621E+00   -6.1359092E+00   -3.9999999E+00   -3.5793495E+00   -3.8153380E+00   -4.5843272E+00   -9.1086910E+00   -3.4588676E+00   -2.7088713E+00   -4.0628614E+00   -6.4487330E+00   -6.8147215E+00   -1.5307821E+01   -1.4000000E+01   -1.4000008E+01   -3.8614034E+00   -1.4000000E+01   -6.2478117E+00   -3.0000000E+01   -2.9828939E+00   -8.3300290E+00   -9.0034036E+00   -8.3939941E+00   -1.0212706E+01   -1.1423897E+01   -1.8751007E+01   -2.7781622E+01   -8.2959418E+00   -7.2422113E+00   -9.3288690E+00   -1.2469923E+01   -7.1449318E+00   -1.0219009E+01   -6.3287515E+00
    1.1430000E+01    6.1579086E+00   -6.1415709E+00   -3.9999999E+00   -3.5739952E+00   -3.8098857E+00   -4.5824489E+00   -9.1314905E+00   -3.4573494E+00   -2.7100767E+00   -4.0468149E+00   -6.4487342E+00   -6.8448610E+00   -1.5324305E+01   -1.4000000E+01   -1.4000007E+01   -3.8552020E+00   -1.4000000E+01   -6.2649516E+00   -3.0000000E+01   -2.9782566E+00   -8.3420086E+00   -9.0038902E+00   -8.4114386E+00   -1.0237368E+01   -1.1435027E+01   -1.8781891E+01   -2.7799159E+01   -8.2900996E+00   -7.2315460E+00   -9.3490847E+00   -1.2476791E+01   -7.1707978E+00   -1.0203365E+01   -6.3189507E+00
    1.1610000E+01    6.1635206E+00   -6.1470994E+00   -3.9999999E+00   -3.5687736E+00   -3.8045767E+00   -4.5806601E+00   -9.1536507E+00   -3.4559607E+00   -2.7112311E+00   -4.0311341E+00   -6.4487353E+00   -6.8760944E+00   -1.5340405E+01   -1.4000000E+01   -1.4000006E+01   -3.8490678E+00   -1.4000000E+01   -6.2815123E+00   -3.0000000E+01   -2.9737040E+00   -8.3536082E+00   -9.0042657E+00   -8.4283725E+00   -1.0263255E+01   -1.1445900E+01   -1.8813860E+01   -2.7816297E+01   -8.2843930E+00   -7.2211036E+00   -9.3706073E+00   -1.2483482E+01   -7.1978375E+00   -1.0188072E+01   -6.3093648E+00
    1.1790000E+01    6.1689874E+00   -6.1524837E+00   -3.9999999E+00   -3.5636783E+00   -3.7994066E+00   -4.5789567E+00   -9.1751385E+00   -3.4546943E+00   -2.7123201E+00   -4.0157988E+00   -6.4487365E+00   -6.9082030E+00   -1.5356084E+01   -1.4000000E+01   -1.4000006E+01   -3.8429971E+00   -1.4000000E+01   -6.2975966E+00   -3.0000000E+01   -2.9692326E+00   -8.3648169E+00   -9.0045409E+00   -8.4447740E+00   -1.0290159E+01   -1.1456493E+01   -1.8846694E+01   -2.7833001E+01   -8.2788330E+00   -7.2108913E+00   -9.3932255E+00   -1.2489971E+01   -7.2258288E+00   -1.0173131E+01   -6.2999840E+00
    1.1970000E+01    6.1742926E+00   -6.1577076E+00   -3.9999999E+00   -3.5587030E+00   -3.7943692E+00   -4.5773350E+00   -9.1959010E+00   -3.4535430E+00   -2.7133241E+00   -4.0007903E+00   -6.4487376E+00   -6.9409508E+00   -1.5371295E+01   -1.4000000E+01   -1.3999522E+01   -3.8369882E+00   -1.4000000E+01   -6.3132652E+00   -3.0000000E+01   -2.9648389E+00   -8.3756149E+00   -9.0047284E+00   -8.4606065E+00   -1.0317860E+01   -1.1466773E+01   -1.8879675E+01   -2.7848739E+01   -8.2734357E+00   -7.2009217E+00   -9.4167164E+00   -1.2496219E+01   -7.2545325E+00   -1.0158548E+01   -6.2907985E+00
    1.2150000E+01    6.1794132E+00   -6.1627478E+00   -3.9999999E+00   -3.5538414E+00   -3.7894571E+00   -4.5757916E+00   -9.2158599E+00   -3.4525000E+00   -2.7142166E+00   -3.9860916E+00   -6.4487388E+00   -6.9740863E+00   -1.5385964E+01   -1.4000000E+01   -1.3650902E+01   -3.8310416E+00   -1.4000000E+01   -6.3285575E+00   -3.0000000E+01   -2.9605196E+00   -8.3859702E+00   -9.0048427E+00   -8.4758151E+00   -1.0346130E+01   -1.1476693E+01   -1.8564899E+01   -2.7515788E+01   -8.2682243E+00   -7.1912146E+00   -9.4408486E+00   -1.2502176E+01   -7.2836938E+00   -1.0144336E+01   -6.2817988E+00
    1.2330000E+01    6.1843149E+00   -6.1675702E+00   -3.9999999E+00   -3.5490909E+00   -3.7846621E+00   -4.5743220E+00   -9.2348956E+00   -3.4515591E+00   -2.7149619E+00   -3.9716867E+00   -6.4487400E+00   -7.0073231E+00   -1.5399989E+01   -1.4000000E+01   -1.0863902E+01   -3.8251606E+00   -1.4000000E+01   -6.3435016E+00   -3.0000000E+01   -2.9562728E+00   -8.3958318E+00   -9.0049009E+00   -8.4903144E+00   -1.0374718E+01   -1.1486181E+01   -1.5811834E+01   -2.4743799E+01   -8.2632327E+00   -7.1818022E+00   -9.4653681E+00   -1.2507771E+01   -7.3130248E+00   -1.0130526E+01   -6.2729806E+00
    1.2510000E+01    6.1872041E+00   -6.1704116E+00   -3.9999999E+00   -3.5482557E+00   -3.7813676E+00   -4.5710994E+00   -9.4896693E+00   -3.4518698E+00   -2.7155140E+00   -3.9574821E+00   -6.4487406E+00   -7.0111338E+00   -1.5407846E+01   -1.4000000E+01   -7.8179479E+00   -3.8209590E+00   -1.4000000E+01   -6.3558783E+00   -3.0000000E+01   -2.9538811E+00   -8.6452074E+00   -9.2484980E+00   -8.7424196E+00   -1.0375791E+01   -1.1491370E+01   -1.2770114E+01   -2.1706298E+01   -8.2602891E+00   -7.1763615E+00   -9.4641585E+00   -1.2510781E+01   -7.3146499E+00   -1.0124464E+01   -6.2698619E+00
    1.2690000E+01    6.1900747E+00   -6.1732345E+00   -3.9999999E+00   -3.5474272E+00   -3.7781200E+00   -4.5679136E+00   -9.5014783E+00   -3.4521816E+00   -2.7160665E+00   -3.9440236E+00   -6.4487412E+00   -7.0176516E+00   -1.5415964E+01   -1.4000000E+01   -7.5103348E+00   -3.8167943E+00   -1.4000000E+01   -6.3690748E+00   -3.0000000E+01   -2.9515088E+00   -8.6516533E+00   -9.2492027E+00   -8.7515774E+00   -1.0379590E+01   -1.1496836E+01   -1.2469439E+01   -2.1407395E+01   -8.2573646E+00   -7.1709600E+00   -9.4656927E+00   -1.2514087E+01   -7.3190004E+00   -1.0118446E+01   -6.2667689E+00
    1.2870000E+01    6.1929223E+00   -6.1760349E+00   -3.9999999E+00   -3.5466055E+00   -3.7749167E+00   -4.5647735E+00   -9.5119691E+00   -3.4525007E+00   -2.7166171E+00   -3.9313344E+00   -6.4487418E+00   -7.0262692E+00   -1.5424029E+01   -1.4000000E+01   -7.3277581E+00   -3.8126684E+00   -1.4000000E+01   -6.3820932E+00   -3.0000000E+01   -2.9491579E+00   -8.6568243E+00   -9.2486783E+00   -8.7594383E+00   -1.0385511E+01   -1.1502271E+01   -1.2295897E+01   -2.1233472E+01   -8.2544632E+00   -7.1656037E+00   -9.4693691E+00   -1.2517381E+01   -7.3254705E+00   -1.0112478E+01   -6.2637031E+00
    1.3050000E+01    6.1957477E+00   -6.1788132E+00   -3.9999999E+00   -3.5457903E+00   -3.7717551E+00   -4.5616780E+00   -9.5223607E+00   -3.4528268E+00   -2.7171659E+00   -3.9193640E+00   -6.4487424E+00   -7.0364817E+00   -1.5432041E+01   -1.4000000E+01   -7.1965228E+00   -3.8085823E+00   -1.4000000E+01   -6.3945731E+00   -3.0000000E+01   -2.9468277E+00   -8.6619380E+00   -9.2481415E+00   -8.7672207E+00   -1.0393047E+01   -1.1507674E+01   -1.2175289E+01   -2.1110833E+01   -8.2515846E+00   -7.1602916E+00   -9.4746818E+00   -1.2520664E+01   -7.3335550E+00   -1.0106561E+01   -6.2606640E+00
    1.3230000E+01    6.1985511E+00   -6.1815700E+00   -3.9999999E+00   -3.5449817E+00   -3.7686322E+00   -4.5586260E+00   -9.5326594E+00   -3.4531599E+00   -2.7177127E+00   -3.9080680E+00   -6.4487431E+00   -7.0478667E+00   -1.5440000E+01   -1.4000000E+01   -7.0935176E+00   -3.8045373E+00   -1.4000000E+01   -6.4064058E+00   -3.0000000E+01   -2.9445179E+00   -8.6670000E+00   -9.2475965E+00   -8.7749306E+00   -1.0401777E+01   -1.1513044E+01   -1.2084081E+01   -2.1016367E+01   -8.2487282E+00   -7.1550227E+00   -9.4812075E+00   -1.2523932E+01   -7.3428309E+00   -1.0100691E+01   -6.2576511E+00
    1.3410000E+01    6.2013333E+00   -6.1843058E+00   -3.9999999E+00   -3.5441795E+00   -3.7655453E+00   -4.5556164E+00   -9.5428669E+00   -3.4534998E+00   -2.7182578E+00   -3.8974069E+00   -6.4487437E+00   -7.0600715E+00   -1.5447905E+01   -1.4000000E+01   -7.0084425E+00   -3.8005347E+00   -1.4000000E+01   -6.4175779E+00   -3.0000000E+01   -2.9422279E+00   -8.6720112E+00   -9.2470434E+00   -8.7825693E+00   -1.0411348E+01   -1.1518381E+01   -1.2011620E+01   -2.0939775E+01   -8.2458934E+00   -7.1497960E+00   -9.4885927E+00   -1.2527185E+01   -7.3529454E+00   -1.0094869E+01   -6.2546639E+00
    1.3590000E+01    6.2040944E+00   -6.1870209E+00   -3.9999999E+00   -3.5433836E+00   -3.7624919E+00   -4.5526482E+00   -9.5529849E+00   -3.4538465E+00   -2.7188011E+00   -3.8873456E+00   -6.4487443E+00   -7.0728037E+00   -1.5455757E+01   -1.4000000E+01   -6.9357998E+00   -3.7965758E+00   -1.4000000E+01   -6.4281099E+00   -3.0000000E+01   -2.9399575E+00   -8.6769722E+00   -9.2464821E+00   -8.7901378E+00   -1.0421465E+01   -1.1523683E+01   -1.1952117E+01   -2.0875557E+01   -8.2430799E+00   -7.1446108E+00   -9.4965441E+00   -1.2530422E+01   -7.3636053E+00   -1.0089093E+01   -6.2517018E+00
    1.3770000E+01    6.2068350E+00   -6.1897158E+00   -3.9999999E+00   -3.5425939E+00   -3.7594692E+00   -4.5497204E+00   -9.5630148E+00   -3.4541997E+00   -2.7193426E+00   -3.8778528E+00   -6.4487450E+00   -7.0858232E+00   -1.5463554E+01   -1.4000000E+01   -6.8723054E+00   -3.7926615E+00   -1.4000000E+01   -6.4380321E+00   -3.0000000E+01   -2.9377062E+00   -8.6818839E+00   -9.2459126E+00   -8.7976374E+00   -1.0431890E+01   -1.1528950E+01   -1.1902046E+01   -2.0820429E+01   -8.2402873E+00   -7.1394661E+00   -9.5048209E+00   -1.2533642E+01   -7.3745705E+00   -1.0083363E+01   -6.2487644E+00
    1.3950000E+01    6.2095554E+00   -6.1923908E+00   -3.9999999E+00   -3.5418104E+00   -3.7564749E+00   -4.5468320E+00   -9.5729579E+00   -3.4545593E+00   -2.7198823E+00   -3.8689003E+00   -6.4487456E+00   -7.0989360E+00   -1.5471297E+01   -1.4000000E+01   -6.8158394E+00   -3.7887929E+00   -1.4000000E+01   -6.4473757E+00   -3.0000000E+01   -2.9354736E+00   -8.6867468E+00   -9.2453347E+00   -8.8050690E+00   -1.0442427E+01   -1.1534181E+01   -1.1859095E+01   -2.0772272E+01   -8.2375153E+00   -7.1343614E+00   -9.5132284E+00   -1.2536844E+01   -7.3856466E+00   -1.0077677E+01   -6.2458512E+00
    1.4130000E+01    6.2122559E+00   -6.1950461E+00   -3.9999999E+00   -3.5410329E+00   -3.7535066E+00   -4.5439822E+00   -9.5828154E+00   -3.4549253E+00   -2.7204203E+00   -3.8604633E+00   -6.4487463E+00   -7.1119885E+00   -1.5478986E+01   -1.4000000E+01   -6.7649526E+00   -3.7849710E+00   -1.4000000E+01   -6.4561699E+00   -3.0000000E+01   -2.9332594E+00   -8.6915616E+00   -9.2447485E+00   -8.8124335E+00   -1.0452923E+01   -1.1539377E+01   -1.1821660E+01   -2.0729636E+01   -8.2347634E+00   -7.1292959E+00   -9.5216124E+00   -1.2540027E+01   -7.3966795E+00   -1.0072036E+01   -6.2429619E+00
    1.4310000E+01    6.2149368E+00   -6.1976822E+00   -3.9999999E+00   -3.5402614E+00   -3.7505623E+00   -4.5411699E+00   -9.5925884E+00   -3.4552975E+00   -2.7209564E+00   -3.8525191E+00   -6.4487470E+00   -7.1248617E+00   -1.5486620E+01   -1.4000000E+01   -6.7186104E+00   -3.7811965E+00   -1.4000000E+01   -6.4644415E+00   -3.0000000E+01   -2.9310633E+00   -8.6963288E+00   -9.2441539E+00   -8.8197317E+00   -1.0463258E+01   -1.1544536E+01   -1.1788588E+01   -2.0691487E+01   -8.2320315E+00   -7.1242690E+00   -9.5298533E+00   -1.2543190E+01   -7.4075499E+00   -1.0066438E+01   -6.2400961E+00
    1.4490000E+01    6.2175984E+00   -6.2002991E+00   -3.9999999E+00   -3.5394958E+00   -3.7476400E+00   -4.5383943E+00   -9.6022778E+00   -3.4556757E+00   -2.7214906E+00   -3.8450476E+00   -6.4487476E+00   -7.1374661E+00   -1.5494200E+01   -1.4000000E+01   -6.6760480E+00   -3.7774699E+00   -1.4000000E+01   -6.4722142E+00   -3.0000000E+01   -2.9288850E+00   -8.7010490E+00   -9.2435510E+00   -8.8269644E+00   -1.0473343E+01   -1.1549660E+01   -1.1759025E+01   -2.0657060E+01   -8.2293192E+00   -7.1192802E+00   -9.5378611E+00   -1.2546335E+01   -7.4181682E+00   -1.0060882E+01   -6.2372533E+00
    1.4670000E+01    6.2202407E+00   -6.2028971E+00   -3.9999999E+00   -3.5387360E+00   -3.7447381E+00   -4.5356546E+00   -9.6118844E+00   -3.4560600E+00   -2.7220228E+00   -3.8380308E+00   -6.4487483E+00   -7.1497371E+00   -1.5501726E+01   -1.4000000E+01   -6.6366834E+00   -3.7737915E+00   -1.4000000E+01   -6.4795093E+00   -3.0000000E+01   -2.9267242E+00   -8.7057225E+00   -9.2429399E+00   -8.8341321E+00   -1.0483113E+01   -1.1554747E+01   -1.1732323E+01   -2.0625773E+01   -8.2266264E+00   -7.1143289E+00   -9.5455706E+00   -1.2549459E+01   -7.4284694E+00   -1.0055369E+01   -6.2344331E+00
    1.4850000E+01    6.2228640E+00   -6.2054764E+00   -3.9999999E+00   -3.5379818E+00   -3.7418550E+00   -4.5329499E+00   -9.6214089E+00   -3.4564502E+00   -2.7225529E+00   -3.8314525E+00   -6.4487490E+00   -7.1616303E+00   -1.5509198E+01   -1.4000000E+01   -6.6000641E+00   -3.7701616E+00   -1.4000000E+01   -6.4863458E+00   -3.0000000E+01   -2.9245806E+00   -8.7103498E+00   -9.2423205E+00   -8.8412354E+00   -1.0492523E+01   -1.1559798E+01   -1.1707987E+01   -2.0597175E+01   -8.2239530E+00   -7.1094147E+00   -9.5529371E+00   -1.2552563E+01   -7.4384089E+00   -1.0049898E+01   -6.2316353E+00
    1.5030000E+01    6.2254684E+00   -6.2080371E+00   -3.9999999E+00   -3.5372333E+00   -3.7389894E+00   -4.5302794E+00   -9.6308516E+00   -3.4568461E+00   -2.7230806E+00   -3.8252982E+00   -6.4487497E+00   -7.1731175E+00   -1.5516616E+01   -1.4000000E+01   -6.5658303E+00   -3.7665803E+00   -1.4000000E+01   -6.4927407E+00   -3.0000000E+01   -2.9224538E+00   -8.7149310E+00   -9.2416930E+00   -8.8482747E+00   -1.0501545E+01   -1.1564812E+01   -1.1685628E+01   -2.0570904E+01   -8.2212987E+00   -7.1045372E+00   -9.5599321E+00   -1.2555646E+01   -7.4479581E+00   -1.0044467E+01   -6.2288595E+00
    1.5210000E+01    6.2280539E+00   -6.2105790E+00   -3.9999999E+00   -3.5364904E+00   -3.7361402E+00   -4.5276424E+00   -9.6402128E+00   -3.4572476E+00   -2.7236058E+00   -3.8195549E+00   -6.4487504E+00   -7.1841829E+00   -1.5523979E+01   -1.4000000E+01   -6.5336919E+00   -3.7630472E+00   -1.4000000E+01   -6.4987088E+00   -3.0000000E+01   -2.9203438E+00   -8.7194664E+00   -9.2410575E+00   -8.8552500E+00   -1.0510164E+01   -1.1569790E+01   -1.1664941E+01   -2.0546671E+01   -8.2186637E+00   -7.0996961E+00   -9.5665395E+00   -1.2558708E+01   -7.4571011E+00   -1.0039078E+01   -6.2261052E+00
    1.5390000E+01    6.2306203E+00   -6.2131022E+00   -3.9999999E+00   -3.5357529E+00   -3.7333064E+00   -4.5250380E+00   -9.6494922E+00   -3.4576548E+00   -2.7241281E+00   -3.8142112E+00   -6.4487511E+00   -7.1948205E+00   -1.5531288E+01   -1.4000000E+01   -6.5034110E+00   -3.7595622E+00   -1.4000000E+01   -6.5042637E+00   -3.0000000E+01   -2.9182501E+00   -8.7239560E+00   -9.2404142E+00   -8.8621613E+00   -1.0518373E+01   -1.1574730E+01   -1.1645680E+01   -2.0524238E+01   -8.2160480E+00   -7.0948913E+00   -9.5727530E+00   -1.2561749E+01   -7.4658315E+00   -1.0033729E+01   -6.2233723E+00
    1.5570000E+01    6.2331675E+00   -6.2156064E+00   -3.9999999E+00   -3.5350208E+00   -3.7304872E+00   -4.5224655E+00   -9.6586890E+00   -3.4580673E+00   -2.7246470E+00   -3.8092569E+00   -6.4487518E+00   -7.2050306E+00   -1.5538542E+01   -1.4000000E+01   -6.4747902E+00   -3.7561249E+00   -1.4000000E+01   -6.5094171E+00   -3.0000000E+01   -2.9161725E+00   -8.7283994E+00   -9.2397632E+00   -8.8690080E+00   -1.0526173E+01   -1.1579634E+01   -1.1627651E+01   -2.0503406E+01   -8.2134518E+00   -7.0901226E+00   -9.5785731E+00   -1.2564767E+01   -7.4741496E+00   -1.0028421E+01   -6.2206603E+00
    1.5750000E+01    6.2356950E+00   -6.2180912E+00   -3.9999999E+00   -3.5342941E+00   -3.7276820E+00   -4.5199242E+00   -9.6678018E+00   -3.4584853E+00   -2.7251617E+00   -3.8046829E+00   -6.4487525E+00   -7.2148184E+00   -1.5545738E+01   -1.4000000E+01   -6.4476639E+00   -3.7527347E+00   -1.4000000E+01   -6.5141796E+00   -3.0000000E+01   -2.9141108E+00   -8.7327962E+00   -9.2391050E+00   -8.8757892E+00   -1.0533569E+01   -1.1584499E+01   -1.1610691E+01   -2.0484009E+01   -8.2108755E+00   -7.0853904E+00   -9.5840051E+00   -1.2567761E+01   -7.4820601E+00   -1.0023153E+01   -6.2179689E+00
    1.5930000E+01    6.2382022E+00   -6.2205559E+00   -3.9999999E+00   -3.5335725E+00   -3.7248899E+00   -4.5174133E+00   -9.6768283E+00   -3.4589085E+00   -2.7256715E+00   -3.8004814E+00   -6.4487532E+00   -7.2241919E+00   -1.5552876E+01   -1.4000000E+01   -6.4218919E+00   -3.7493912E+00   -1.4000000E+01   -6.5185602E+00   -3.0000000E+01   -2.9120647E+00   -8.7371453E+00   -9.2384397E+00   -8.8825032E+00   -1.0540571E+01   -1.1589324E+01   -1.1594669E+01   -2.0465905E+01   -8.2083199E+00   -7.0806948E+00   -9.5890573E+00   -1.2570731E+01   -7.4895708E+00   -1.0017926E+01   -6.2152979E+00
    1.6110000E+01    6.2406880E+00   -6.2229996E+00   -3.9999999E+00   -3.5328561E+00   -3.7221102E+00   -4.5149323E+00   -9.6857650E+00   -3.4593368E+00   -2.7261751E+00   -3.7966456E+00   -6.4487540E+00   -7.2331602E+00   -1.5559953E+01   -1.4000000E+01   -6.3973541E+00   -3.7460941E+00   -1.4000000E+01   -6.5225670E+00   -3.0000000E+01   -2.9100339E+00   -8.7414452E+00   -9.2377679E+00   -8.8891475E+00   -1.0547188E+01   -1.1594108E+01   -1.1579474E+01   -2.0448969E+01   -8.2057858E+00   -7.0760367E+00   -9.5937398E+00   -1.2573673E+01   -7.4966907E+00   -1.0012740E+01   -6.2126468E+00
    1.6290000E+01    6.2431511E+00   -6.2254207E+00   -3.9999999E+00   -3.5321448E+00   -3.7193421E+00   -4.5124803E+00   -9.6946066E+00   -3.4597702E+00   -2.7266707E+00   -3.7931696E+00   -6.4487547E+00   -7.2417330E+00   -1.5566963E+01   -1.4000000E+01   -6.3739471E+00   -3.7428430E+00   -1.4000000E+01   -6.5262069E+00   -3.0000000E+01   -2.9080183E+00   -8.7456936E+00   -9.2370901E+00   -8.8957184E+00   -1.0553432E+01   -1.1598848E+01   -1.1565012E+01   -2.0433096E+01   -8.2032748E+00   -7.0714173E+00   -9.5980633E+00   -1.2576585E+01   -7.5034291E+00   -1.0007598E+01   -6.2100154E+00
    1.6470000E+01    6.2455895E+00   -6.2278174E+00   -3.9999999E+00   -3.5314385E+00   -3.7165844E+00   -4.5100568E+00   -9.7033459E+00   -3.4602085E+00   -2.7271562E+00   -3.7900486E+00   -6.4487554E+00   -7.2499189E+00   -1.5573902E+01   -1.4000000E+01   -6.3515814E+00   -3.7396380E+00   -1.4000000E+01   -6.5294855E+00   -3.0000000E+01   -2.9060175E+00   -8.7498872E+00   -9.2364069E+00   -8.9022104E+00   -1.0559313E+01   -1.1603539E+01   -1.1551203E+01   -2.0418189E+01   -8.2007887E+00   -7.0668383E+00   -9.6020382E+00   -1.2579463E+01   -7.5097945E+00   -1.0002499E+01   -6.2074033E+00
    1.6650000E+01    6.2480003E+00   -6.2301867E+00   -3.9999999E+00   -3.5307371E+00   -3.7138356E+00   -4.5076612E+00   -9.7119722E+00   -3.4606517E+00   -2.7276285E+00   -3.7872786E+00   -6.4487562E+00   -7.2577254E+00   -1.5580760E+01   -1.4000000E+01   -6.3301784E+00   -3.7364796E+00   -1.4000000E+01   -6.5324079E+00   -3.0000000E+01   -2.9040314E+00   -8.7540211E+00   -9.2357193E+00   -8.9086161E+00   -1.0564841E+01   -1.1608177E+01   -1.1537975E+01   -2.0404162E+01   -8.1983305E+00   -7.0623022E+00   -9.6056747E+00   -1.2582300E+01   -7.5157941E+00   -9.9974477E+00   -6.2048102E+00
    1.6830000E+01    6.2503796E+00   -6.2325247E+00   -3.9999999E+00   -3.5300406E+00   -3.7110937E+00   -4.5052929E+00   -9.7204713E+00   -3.4610995E+00   -2.7280834E+00   -3.7848567E+00   -6.4487570E+00   -7.2651574E+00   -1.5587526E+01   -1.4000000E+01   -6.3096695E+00   -3.7333688E+00   -1.4000000E+01   -6.5349778E+00   -3.0000000E+01   -2.9020596E+00   -8.7580889E+00   -9.2350285E+00   -8.9149248E+00   -1.0570025E+01   -1.1612752E+01   -1.1525264E+01   -2.0390933E+01   -8.1959041E+00   -7.0578127E+00   -9.6089813E+00   -1.2585088E+01   -7.5214326E+00   -9.9924466E+00   -6.2022358E+00
    1.7010000E+01    6.2527221E+00   -6.2348262E+00   -3.9999999E+00   -3.5293487E+00   -3.7083561E+00   -4.5029512E+00   -9.7288232E+00   -3.4615519E+00   -2.7285153E+00   -3.7827806E+00   -6.4487577E+00   -7.2722170E+00   -1.5594183E+01   -1.4000000E+01   -6.2899938E+00   -3.7303072E+00   -1.4000000E+01   -6.5371983E+00   -3.0000000E+01   -2.9001018E+00   -8.7620813E+00   -9.2343359E+00   -8.9211219E+00   -1.0574873E+01   -1.1617255E+01   -1.1513013E+01   -2.0378427E+01   -8.1935147E+00   -7.0533748E+00   -9.6119652E+00   -1.2587818E+01   -7.5267119E+00   -9.9875009E+00   -6.1996797E+00
    1.7190000E+01    6.2550204E+00   -6.2370837E+00   -3.9999999E+00   -3.5286615E+00   -3.7056194E+00   -4.5006356E+00   -9.7370005E+00   -3.4620088E+00   -2.7289167E+00   -3.7810490E+00   -6.4487585E+00   -7.2789027E+00   -1.5600711E+01   -1.4000000E+01   -6.2710974E+00   -3.7272972E+00   -1.4000000E+01   -6.5390713E+00   -3.0000000E+01   -2.8981579E+00   -8.7659856E+00   -9.2336436E+00   -8.9271877E+00   -1.0579391E+01   -1.1621671E+01   -1.1501165E+01   -2.0366567E+01   -8.1911697E+00   -7.0489957E+00   -9.6146319E+00   -1.2590473E+01   -7.5316300E+00   -9.9826175E+00   -6.1971416E+00
    1.7370000E+01    6.2572646E+00   -6.2392873E+00   -3.9999999E+00   -3.5279788E+00   -3.7028793E+00   -4.4983457E+00   -9.7449661E+00   -3.4624699E+00   -2.7292771E+00   -3.7796614E+00   -6.4487593E+00   -7.2852077E+00   -1.5607078E+01   -1.4000000E+01   -6.2529323E+00   -3.7243422E+00   -1.4000000E+01   -6.5405981E+00   -3.0000000E+01   -2.8962276E+00   -8.7697847E+00   -9.2329543E+00   -8.9330947E+00   -1.0583582E+01   -1.1625980E+01   -1.1489665E+01   -2.0355276E+01   -8.1888791E+00   -7.0446849E+00   -9.6169845E+00   -1.2593034E+01   -7.5361801E+00   -9.9778061E+00   -6.1946210E+00
    1.7550000E+01    6.2594411E+00   -6.2414235E+00   -3.9999999E+00   -3.5273005E+00   -3.7001305E+00   -4.4960810E+00   -9.7526693E+00   -3.4629350E+00   -2.7295829E+00   -3.7786183E+00   -6.4487601E+00   -7.2911196E+00   -1.5613245E+01   -1.4000000E+01   -6.2354555E+00   -3.7214464E+00   -1.4000000E+01   -6.5417791E+00   -3.0000000E+01   -2.8943104E+00   -8.7734551E+00   -9.2322717E+00   -8.9388061E+00   -1.0587446E+01   -1.1630155E+01   -1.1478459E+01   -2.0344470E+01   -8.1866564E+00   -7.0404557E+00   -9.6190236E+00   -1.2595473E+01   -7.5403493E+00   -9.9730797E+00   -6.1921175E+00
    1.7730000E+01    6.2615315E+00   -6.2434738E+00   -3.9999999E+00   -3.5266263E+00   -3.6973665E+00   -4.4938411E+00   -9.7600416E+00   -3.4634040E+00   -2.7298152E+00   -3.7779207E+00   -6.4487609E+00   -7.2966177E+00   -1.5619157E+01   -1.4000000E+01   -6.2186283E+00   -3.7186154E+00   -1.4000000E+01   -6.5426135E+00   -3.0000000E+01   -2.8924060E+00   -8.7769650E+00   -9.2316008E+00   -8.9442716E+00   -1.0590982E+01   -1.1634160E+01   -1.1467487E+01   -2.0334055E+01   -8.1845200E+00   -7.0363261E+00   -9.6207469E+00   -1.2597753E+01   -7.5441168E+00   -9.9684562E+00   -6.1896307E+00
    1.7910000E+01    6.2635094E+00   -6.2454117E+00   -3.9999999E+00   -3.5259568E+00   -3.6945824E+00   -4.4916276E+00   -9.7669845E+00   -3.4638761E+00   -2.7299488E+00   -3.7775708E+00   -6.4487617E+00   -7.3016679E+00   -1.5624733E+01   -1.4000000E+01   -6.2024303E+00   -3.7158581E+00   -1.4000000E+01   -6.5431002E+00   -3.0000000E+01   -2.8905158E+00   -8.7802688E+00   -9.2309488E+00   -8.9494191E+00   -1.0594182E+01   -1.1637941E+01   -1.1456694E+01   -2.0323931E+01   -8.1824964E+00   -7.0323239E+00   -9.6221476E+00   -1.2599823E+01   -7.5474494E+00   -9.9639637E+00   -6.1871620E+00
