# Time          5.0000E+01
# Units: Mol/kgw
    Distance           H+               Li+              Na+              Ca++             K+               Al+++            SiO2(aq)         CO2(aq)          O2(aq)           Methane(aq)      Fe++             Fe+++            HS-              SO4--            Mg++             Cl-              CH2O             Tracer       
    9.0000000E-02   -5.3728558E-04    1.0000000E-04    2.5914229E-05    1.5763737E-05    1.3150070E-05    3.5226394E-07    4.4040533E-05    2.6484765E-03    3.3798706E-04    3.5588424E-07    9.6435400E-08    1.9659666E-11    1.0000000E-14    1.0000000E-14    1.0375065E-05    1.0000000E-14    2.3644502E-05    1.0000000E-30
    2.7000000E-01   -6.1277400E-04    1.0000000E-04    4.6004417E-05    2.8903967E-05    2.5529689E-05    1.5271149E-07    8.1325110E-05    2.7964009E-03    3.2793057E-04    3.5587721E-07    1.1942089E-07    1.3021113E-11    1.0000000E-14    1.0000000E-14    1.9020496E-05    1.0000000E-14    1.2344439E-06    1.0000000E-30
    4.5000000E-01   -6.8516821E-04    1.0000000E-04    6.4693206E-05    4.0887475E-05    3.9950945E-05    9.1034613E-08    1.1345322E-04    2.9462573E-03    3.1789914E-04    3.5587059E-07    1.2537345E-07    1.1389375E-11    1.0000000E-14    1.0000000E-14    2.6765635E-05    1.0000000E-14    2.2731253E-07    1.0000000E-30
    6.3000000E-01   -7.5488056E-04    1.0000000E-04    8.2338006E-05    5.2285721E-05    5.4745901E-05    6.2855182E-08    1.4124983E-04    3.0999171E-03    3.0785183E-04    3.5586427E-07    1.2446695E-07    1.0271559E-11    1.0000000E-14    1.0000000E-14    3.4046867E-05    1.0000000E-14    1.8604603E-07    1.0000000E-30
    8.1000000E-01   -8.2248088E-04    1.0000000E-04    9.9190071E-05    6.3446936E-05    6.9078036E-05    4.7362355E-08    1.6556971E-04    3.2582625E-03    2.9778764E-04    3.5585814E-07    1.2184888E-07    9.4859762E-12    1.0000000E-14    1.0000000E-14    4.1119568E-05    1.0000000E-14    1.9005463E-07    1.0000000E-30
    9.9000000E-01   -8.8840569E-04    1.0000000E-04    1.1543648E-04    7.4552205E-05    8.2579123E-05    3.7828522E-08    1.8701462E-04    3.4220181E-03    2.8770729E-04    3.5585215E-07    1.1973693E-07    8.9285577E-12    1.0000000E-14    1.0000000E-14    4.8119367E-05    1.0000000E-14    1.9665006E-07    1.0000000E-30
    1.1700000E+00   -9.5300655E-04    1.0000000E-04    1.3122149E-04    8.5682376E-05    9.5172135E-05    3.1529807E-08    2.0605632E-04    3.5918510E-03    2.7761149E-04    3.5584625E-07    1.1891752E-07    8.5357865E-12    1.0000000E-14    1.0000000E-14    5.5110886E-05    1.0000000E-14    2.0383598E-07    1.0000000E-30
    1.3500000E+00   -1.0165739E-03    1.0000000E-04    1.4665925E-04    9.6870679E-05    1.0691029E-04    2.7162427E-08    2.2308192E-04    3.7683982E-03    2.6750089E-04    3.5584042E-07    1.1957728E-07    8.2670400E-12    1.0000000E-14    1.0000000E-14    6.2124187E-05    1.0000000E-14    2.1156817E-07    1.0000000E-30
    1.5300000E+00   -1.0793493E-03    1.0000000E-04    1.6184217E-04    1.0813054E-04    1.1788847E-04    2.4027994E-08    2.3841144E-04    3.9522786E-03    2.5737605E-04    3.5583463E-07    1.2169805E-07    8.0954498E-12    1.0000000E-14    1.0000000E-14    6.9174066E-05    1.0000000E-14    2.1990735E-07    1.0000000E-30
    1.7100000E+00   -1.1415357E-03    1.0000000E-04    1.7684669E-04    1.1946830E-04    1.2820462E-04    2.1722829E-08    2.5231160E-04    4.1441031E-03    2.4723742E-04    3.5582888E-07    1.2522218E-07    8.0027896E-12    1.0000000E-14    1.0000000E-14    7.6269091E-05    1.0000000E-14    2.2893013E-07    1.0000000E-30
    1.8900000E+00   -1.2033159E-03    1.0000000E-04    1.9175332E-04    1.3089103E-04    1.3791586E-04    1.9997284E-08    2.6503273E-04    4.3444941E-03    2.3708535E-04    3.5582313E-07    1.3010032E-07    7.9763577E-12    1.0000000E-14    1.0000000E-14    8.3425275E-05    1.0000000E-14    2.4080946E-07    1.0000000E-30
    2.0700000E+00   -1.2690278E-03    1.0000000E-04    2.1314848E-04    1.4327141E-04    1.3508890E-04    2.2174063E-08    2.8815120E-04    4.5573096E-03    2.2698375E-04    3.5581664E-07    1.2678602E-07    7.9534952E-12    1.0000000E-14    1.0000000E-14    9.4616765E-05    1.0000000E-14    1.3930303E-05    1.0000000E-30
    2.2500000E+00   -1.3342561E-03    1.0000000E-04    2.3438288E-04    1.5562355E-04    1.3214625E-04    1.9956055E-08    3.0952336E-04    4.7678171E-03    2.1727897E-04    3.5581017E-07    1.2833442E-07    7.9398925E-12    1.0000000E-14    1.0000000E-14    1.0573470E-04    1.0000000E-14    1.5422851E-05    1.0000000E-30
    2.4300000E+00   -1.3990671E-03    1.0000000E-04    2.5546249E-04    1.6794981E-04    1.2911116E-04    1.8195128E-08    3.2930044E-04    4.9762283E-03    2.0792863E-04    3.5580374E-07    1.3239216E-07    7.9305636E-12    1.0000000E-14    1.0000000E-14    1.1679022E-04    1.0000000E-14    1.6174501E-05    1.0000000E-30
    2.6100000E+00   -1.4634999E-03    1.0000000E-04    2.7639065E-04    1.8025162E-04    1.2600211E-04    1.6769087E-08    3.4760738E-04    5.1824250E-03    1.9893514E-04    3.5579733E-07    1.3785199E-07    7.9234789E-12    1.0000000E-14    1.0000000E-14    1.2779193E-04    1.0000000E-14    1.6909735E-05    1.0000000E-30
    2.7900000E+00   -1.5275860E-03    1.0000000E-04    2.9716916E-04    1.9252987E-04    1.2283439E-04    1.5594080E-08    3.6455371E-04    5.3863153E-03    1.9029958E-04    3.5579094E-07    1.4417930E-07    7.9172579E-12    1.0000000E-14    1.0000000E-14    1.3874678E-04    1.0000000E-14    1.7676948E-05    1.0000000E-30
    2.9700000E+00   -1.5913503E-03    1.0000000E-04    3.1779858E-04    2.0478504E-04    1.1962085E-04    1.4611537E-08    3.8023639E-04    5.5877990E-03    1.8202284E-04    3.5578458E-07    1.5110719E-07    7.9108378E-12    1.0000000E-14    1.0000000E-14    1.4966036E-04    1.0000000E-14    1.8479925E-05    1.0000000E-30
    3.1500000E+00   -1.6548124E-03    1.0000000E-04    3.3827860E-04    2.1701729E-04    1.1637241E-04    1.3779383E-08    3.9474195E-04    5.7867661E-03    1.7410576E-04    3.5577823E-07    1.5849568E-07    7.9033660E-12    1.0000000E-14    1.0000000E-14    1.6053724E-04    1.0000000E-14    1.9319061E-05    1.0000000E-30
    3.3300000E+00   -1.7179875E-03    1.0000000E-04    3.5860813E-04    2.2922651E-04    1.1309846E-04    1.3066659E-08    4.0814809E-04    5.9830970E-03    1.6654914E-04    3.5577190E-07    1.6626520E-07    7.8941397E-12    1.0000000E-14    1.0000000E-14    1.7138111E-04    1.0000000E-14    2.0194089E-05    1.0000000E-30
    3.5100000E+00   -1.7808873E-03    1.0000000E-04    3.7878552E-04    2.4141238E-04    1.0980712E-04    1.2450107E-08    4.2052505E-04    6.1766621E-03    1.5935372E-04    3.5576558E-07    1.7436411E-07    7.8825640E-12    1.0000000E-14    1.0000000E-14    1.8219493E-04    1.0000000E-14    2.1104169E-05    1.0000000E-30
    3.6900000E+00   -1.8435203E-03    1.0000000E-04    3.9880864E-04    2.5357435E-04    1.0650556E-04    1.1911924E-08    4.3193657E-04    6.3673225E-03    1.5252022E-04    3.5575928E-07    1.8275241E-07    7.8681249E-12    1.0000000E-14    1.0000000E-14    1.9298109E-04    1.0000000E-14    2.2047793E-05    1.0000000E-30
    3.8700000E+00   -1.9058926E-03    1.0000000E-04    4.1867497E-04    2.6571175E-04    1.0320008E-04    1.1438262E-08    4.4244077E-04    6.5549293E-03    1.4604935E-04    3.5575299E-07    1.9139303E-07    7.8503686E-12    1.0000000E-14    1.0000000E-14    2.0374149E-04    1.0000000E-14    2.3022656E-05    1.0000000E-30
    4.0500000E+00   -1.9680081E-03    1.0000000E-04    4.3838163E-04    2.7782372E-04    9.9896340E-05    1.1018183E-08    4.5209078E-04    6.7393236E-03    1.3994178E-04    3.5574672E-07    2.0024696E-07    7.8288866E-12    1.0000000E-14    1.0000000E-14    2.1447757E-04    1.0000000E-14    2.4025525E-05    1.0000000E-30
    4.2300000E+00   -2.0298687E-03    1.0000000E-04    4.5792544E-04    2.8990927E-04    9.6599427E-05    1.0642931E-08    4.6093530E-04    6.9203361E-03    1.3419817E-04    3.5574045E-07    2.0927026E-07    7.8033052E-12    1.0000000E-14    1.0000000E-14    2.2519042E-04    1.0000000E-14    2.5052099E-05    1.0000000E-30
    4.4100000E+00   -2.0914748E-03    1.0000000E-04    4.7730295E-04    3.0196727E-04    9.3313963E-05    1.0305410E-08    4.6901908E-04    7.0977871E-03    1.2881918E-04    3.5573421E-07    2.1841209E-07    7.7732769E-12    1.0000000E-14    1.0000000E-14    2.3588082E-04    1.0000000E-14    2.6096876E-05    1.0000000E-30
    4.5900000E+00   -2.1528253E-03    1.0000000E-04    4.9651044E-04    3.1399647E-04    9.0044179E-05    9.9997989E-09    4.7638328E-04    7.2714852E-03    1.2380547E-04    3.5572797E-07    2.2761320E-07    7.7384738E-12    1.0000000E-14    1.0000000E-14    2.4654925E-04    1.0000000E-14    2.7153037E-05    1.0000000E-30
    4.7700000E+00   -2.2139175E-03    1.0000000E-04    5.1554394E-04    3.2599549E-04    8.6793981E-05    9.7212718E-09    4.8306581E-04    7.4412274E-03    1.1915768E-04    3.5572175E-07    2.3680484E-07    7.6985833E-12    1.0000000E-14    1.0000000E-14    2.5719591E-04    1.0000000E-14    2.8212351E-05    1.0000000E-30
    4.9500000E+00   -2.2747477E-03    1.0000000E-04    5.3439924E-04    3.3796281E-04    8.3566998E-05    9.4657859E-09    4.8910157E-04    7.6067985E-03    1.1487647E-04    3.5571554E-07    2.4590799E-07    7.6533038E-12    1.0000000E-14    1.0000000E-14    2.6782081E-04    1.0000000E-14    2.9265119E-05    1.0000000E-30
    5.1300000E+00   -2.3353108E-03    1.0000000E-04    5.5307188E-04    3.4989680E-04    8.0366624E-05    9.2299205E-09    4.9452274E-04    7.7679699E-03    1.1096251E-04    3.5570935E-07    2.5483277E-07    7.6023419E-12    1.0000000E-14    1.0000000E-14    2.7842369E-04    1.0000000E-14    3.0300184E-05    1.0000000E-30
    5.3100000E+00   -2.3956008E-03    1.0000000E-04    5.7155713E-04    3.6179570E-04    7.7196062E-05    9.0107536E-09    4.9935893E-04    7.9244993E-03    1.0741647E-04    3.5570317E-07    2.6347830E-07    7.5454104E-12    1.0000000E-14    1.0000000E-14    2.8900410E-04    1.0000000E-14    3.1305010E-05    1.0000000E-30
    5.4900000E+00   -2.4556102E-03    1.0000000E-04    5.8985001E-04    3.7365761E-04    7.4058347E-05    8.8057656E-09    5.0363740E-04    8.0761299E-03    1.0423903E-04    3.5569701E-07    2.7173281E-07    7.4822269E-12    1.0000000E-14    1.0000000E-14    2.9956140E-04    1.0000000E-14    3.2265845E-05    1.0000000E-30
    5.6700000E+00   -2.5153309E-03    1.0000000E-04    6.0794527E-04    3.8548050E-04    7.0956376E-05    8.6127650E-09    5.0738318E-04    8.2225893E-03    1.0143091E-04    3.5569086E-07    2.7947429E-07    7.4125120E-12    1.0000000E-14    1.0000000E-14    3.1009475E-04    1.0000000E-14    3.3168001E-05    1.0000000E-30
    5.8500000E+00   -2.5747532E-03    1.0000000E-04    6.2583734E-04    3.9726217E-04    6.7892931E-05    8.4298283E-09    5.1061921E-04    8.3635889E-03    9.8992830E-05    3.5568474E-07    2.8657170E-07    7.3359897E-12    1.0000000E-14    1.0000000E-14    3.2060310E-04    1.0000000E-14    3.3996234E-05    1.0000000E-30
    6.0300000E+00   -2.6338666E-03    1.0000000E-04    6.4352040E-04    4.0900029E-04    6.4870697E-05    8.2552531E-09    5.1336647E-04    8.4988230E-03    9.6925541E-05    3.5567863E-07    2.9288675E-07    7.2523866E-12    1.0000000E-14    1.0000000E-14    3.3108523E-04    1.0000000E-14    3.4735230E-05    1.0000000E-30
    6.2100000E+00   -2.6926595E-03    1.0000000E-04    6.6098824E-04    4.2069237E-04    6.1892279E-05    8.0875205E-09    5.1564409E-04    8.6279676E-03    9.5229813E-05    3.5567255E-07    2.9827637E-07    7.1614321E-12    1.0000000E-14    1.0000000E-14    3.4153971E-04    1.0000000E-14    3.5370182E-05    1.0000000E-30
    6.3900000E+00   -2.7511188E-03    1.0000000E-04    6.7823438E-04    4.3233573E-04    5.8960218E-05    7.9252644E-09    5.1746938E-04    8.7506797E-03    9.3906436E-05    3.5566648E-07    3.0259595E-07    7.0628598E-12    1.0000000E-14    1.0000000E-14    3.5196493E-04    1.0000000E-14    3.5887434E-05    1.0000000E-30
    6.5700000E+00   -2.8092307E-03    1.0000000E-04    6.9525191E-04    4.4392752E-04    5.6077000E-05    7.7672474E-09    5.1885800E-04    8.8665960E-03    9.2956223E-05    3.5566044E-07    3.0570333E-07    6.9564080E-12    1.0000000E-14    1.0000000E-14    3.6235904E-04    1.0000000E-14    3.6275132E-05    1.0000000E-30
    6.7500000E+00   -2.8669798E-03    1.0000000E-04    7.1203359E-04    4.5546468E-04    5.3245068E-05    7.6123407E-09    5.1982394E-04    8.9753324E-03    9.2380003E-05    3.5565443E-07    3.0746345E-07    6.8418218E-12    1.0000000E-14    1.0000000E-14    3.7272001E-04    1.0000000E-14    3.6523852E-05    1.0000000E-30
    6.9300000E+00   -2.9243495E-03    1.0000000E-04    7.2857176E-04    4.6694395E-04    5.0466832E-05    7.4595086E-09    5.2037965E-04    9.0764825E-03    9.2178619E-05    3.5564844E-07    3.0775366E-07    6.7188550E-12    1.0000000E-14    1.0000000E-14    3.8304555E-04    1.0000000E-14    3.6627133E-05    1.0000000E-30
    7.1100000E+00   -2.9813218E-03    1.0000000E-04    7.4485830E-04    4.7836183E-04    4.7744672E-05    7.3077953E-09    5.2053603E-04    9.1696167E-03    9.2352923E-05    3.5564248E-07    3.0646937E-07    6.5872726E-12    1.0000000E-14    1.0000000E-14    3.9333317E-04    1.0000000E-14    3.6581873E-05    1.0000000E-30
    7.2900000E+00   -3.0378774E-03    1.0000000E-04    7.6088468E-04    4.8971457E-04    4.5080947E-05    7.1563155E-09    5.2030253E-04    9.2542809E-03    9.2903770E-05    3.5563655E-07    3.0353000E-07    6.4468543E-12    1.0000000E-14    1.0000000E-14    4.0358008E-04    1.0000000E-14    3.6388534E-05    1.0000000E-30
    7.4700000E+00   -3.0939954E-03    1.0000000E-04    7.7664185E-04    5.0099815E-04    4.2477999E-05    7.0042461E-09    5.1968713E-04    9.3299958E-03    9.3832012E-05    3.5563066E-07    2.9888465E-07    6.2973983E-12    1.0000000E-14    1.0000000E-14    4.1378323E-04    1.0000000E-14    3.6051142E-05    1.0000000E-30
    7.6500000E+00   -3.1496531E-03    1.0000000E-04    7.9212028E-04    5.1220827E-04    3.9938154E-05    6.8508205E-09    5.1869641E-04    9.3962550E-03    9.5138493E-05    3.5562480E-07    2.9251731E-07    6.1387250E-12    1.0000000E-14    1.0000000E-14    4.2393929E-04    1.0000000E-14    3.5577073E-05    1.0000000E-30
    7.8300000E+00   -3.2048263E-03    1.0000000E-04    8.0730988E-04    5.2334028E-04    3.7463732E-05    6.6953250E-09    5.1733551E-04    9.4525241E-03    9.6824042E-05    3.5561899E-07    2.8445098E-07    5.9706827E-12    1.0000000E-14    1.0000000E-14    4.3404456E-04    1.0000000E-14    3.4976646E-05    1.0000000E-30
    8.0100000E+00   -3.2594898E-03    1.0000000E-04    8.2220228E-04    5.3438850E-04    3.5060711E-05    6.5372462E-09    5.1559334E-04    9.4982403E-03    9.8889471E-05    3.5561321E-07    2.7476242E-07    5.7931495E-12    1.0000000E-14    1.0000000E-14    4.4409336E-04    1.0000000E-14    3.4253131E-05    1.0000000E-30
    8.1900000E+00   -3.3144231E-03    1.0000000E-04    8.3775075E-04    5.4511969E-04    3.4228470E-05    6.4155547E-09    5.0704712E-04    9.5334754E-03    1.0135357E-04    3.5560749E-07    2.7077603E-07    5.6022061E-12    1.0000000E-14    1.0000000E-14    4.5347488E-04    1.0000000E-14    5.0626757E-06    1.0000000E-30
    8.3700000E+00   -3.3688175E-03    1.0000000E-04    8.5307191E-04    5.5575449E-04    3.3427645E-05    6.3247685E-09    4.9867302E-04    9.5669548E-03    1.0389728E-04    3.5560182E-07    2.6327304E-07    5.4207327E-12    1.0000000E-14    1.0000000E-14    4.6278475E-04    1.0000000E-14    1.1380488E-06    1.0000000E-30
    8.5500000E+00   -3.4226936E-03    1.0000000E-04    8.6814886E-04    5.6629628E-04    3.2659482E-05    6.2418700E-09    4.9047820E-04    9.6001468E-03    1.0645849E-04    3.5559619E-07    2.5362633E-07    5.2490001E-12    1.0000000E-14    1.0000000E-14    4.7203639E-04    1.0000000E-14    6.1176864E-07    1.0000000E-30
    8.7300000E+00   -3.4760718E-03    1.0000000E-04    8.8298003E-04    5.7675138E-04    3.1922868E-05    6.1663910E-09    4.8246852E-04    9.6332525E-03    1.0903131E-04    3.5559060E-07    2.4284228E-07    5.0866033E-12    1.0000000E-14    1.0000000E-14    4.8123402E-04    1.0000000E-14    5.3314980E-07    1.0000000E-30
    8.9100000E+00   -3.5289710E-03    1.0000000E-04    8.9757026E-04    5.8712413E-04    3.1216550E-05    6.0976342E-09    4.7464823E-04    9.6663194E-03    1.1161498E-04    3.5558504E-07    2.3162382E-07    4.9329240E-12    1.0000000E-14    1.0000000E-14    4.9038020E-04    1.0000000E-14    5.1265332E-07    1.0000000E-30
    9.0900000E+00   -3.5814084E-03    1.0000000E-04    9.1192709E-04    5.9741729E-04    3.0539305E-05    6.0349507E-09    4.6702010E-04    9.6993745E-03    1.1420942E-04    3.5557953E-07    2.2043914E-07    4.7873661E-12    1.0000000E-14    1.0000000E-14    4.9947724E-04    1.0000000E-14    4.9992799E-07    1.0000000E-30
    9.2700000E+00   -3.6334002E-03    1.0000000E-04    9.2605893E-04    6.0763215E-04    2.9889970E-05    5.9777649E-09    4.5958565E-04    9.7324423E-03    1.1681463E-04    3.5557405E-07    2.0958234E-07    4.6493811E-12    1.0000000E-14    1.0000000E-14    5.0852797E-04    1.0000000E-14    4.8857906E-07    1.0000000E-30
    9.4500000E+00   -3.6849614E-03    1.0000000E-04    9.3997436E-04    6.1776802E-04    2.9267459E-05    5.9255674E-09    4.5234532E-04    9.7655466E-03    1.1943065E-04    3.5556861E-07    1.9922329E-07    4.5184670E-12    1.0000000E-14    1.0000000E-14    5.1753670E-04    1.0000000E-14    4.7778966E-07    1.0000000E-30
    9.6300000E+00   -3.7361062E-03    1.0000000E-04    9.5368176E-04    6.2782151E-04    2.8670786E-05    5.8779052E-09    4.4529865E-04    9.7987116E-03    1.2205748E-04    3.5556320E-07    1.8944669E-07    4.3941647E-12    1.0000000E-14    1.0000000E-14    5.2651009E-04    1.0000000E-14    4.6743765E-07    1.0000000E-30
    9.8100000E+00   -3.7868479E-03    1.0000000E-04    9.6718921E-04    6.3778560E-04    2.8099121E-05    5.8343714E-09    4.3844441E-04    9.8319616E-03    1.2469516E-04    3.5555782E-07    1.8028153E-07    4.2760539E-12    1.0000000E-14    1.0000000E-14    5.3545817E-04    1.0000000E-14    4.5748721E-07    1.0000000E-30
    9.9900000E+00   -3.8371991E-03    1.0000000E-04    9.8050440E-04    6.4764896E-04    2.7551888E-05    5.7945951E-09    4.3178075E-04    9.8653214E-03    1.2734371E-04    3.5555247E-07    1.7172224E-07    4.1637503E-12    1.0000000E-14    1.0000000E-14    5.4439504E-04    1.0000000E-14    4.4791438E-07    1.0000000E-30
    1.0170000E+01   -3.8871718E-03    1.0000000E-04    9.9363469E-04    6.5739544E-04    2.7028938E-05    5.7582299E-09    4.2530527E-04    9.8988163E-03    1.3000314E-04    3.5554715E-07    1.6374341E-07    4.0569020E-12    1.0000000E-14    1.0000000E-14    5.5333925E-04    1.0000000E-14    4.3869807E-07    1.0000000E-30
    1.0350000E+01   -3.9367774E-03    1.0000000E-04    1.0065871E-03    6.6700429E-04    2.6530849E-05    5.7249394E-09    4.1901510E-04    9.9324724E-03    1.3267349E-04    3.5554186E-07    1.5630955E-07    3.9551867E-12    1.0000000E-14    1.0000000E-14    5.6231353E-04    1.0000000E-14    4.2981885E-07    1.0000000E-30
    1.0530000E+01   -3.9860268E-03    1.0000000E-04    1.0193684E-03    6.7645087E-04    2.6059382E-05    5.6943776E-09    4.1290701E-04    9.9663161E-03    1.3535477E-04    3.5553660E-07    1.4938120E-07    3.8583092E-12    1.0000000E-14    1.0000000E-14    5.7134373E-04    1.0000000E-14    4.2125867E-07    1.0000000E-30
    1.0710000E+01   -4.0349303E-03    1.0000000E-04    1.0319850E-03    6.8570809E-04    2.5618165E-05    5.6661624E-09    4.0697738E-04    1.0000375E-02    1.3804700E-04    3.5553136E-07    1.4291866E-07    3.7659992E-12    1.0000000E-14    1.0000000E-14    5.8045710E-04    1.0000000E-14    4.1300077E-07    1.0000000E-30
    1.0890000E+01   -4.0834977E-03    1.0000000E-04    1.0444432E-03    6.9474831E-04    2.5213657E-05    5.6398402E-09    4.0122227E-04    1.0034677E-02    1.4075022E-04    3.5552615E-07    1.3688400E-07    3.6780086E-12    1.0000000E-14    1.0000000E-14    5.8967983E-04    1.0000000E-14    4.0502952E-07    1.0000000E-30
    1.1070000E+01   -4.1317381E-03    1.0000000E-04    1.0567491E-03    7.0354541E-04    2.4856425E-05    5.6148391E-09    3.9563734E-04    1.0069251E-02    1.4346445E-04    3.5552097E-07    1.3124200E-07    3.5941101E-12    1.0000000E-14    1.0000000E-14    5.9903427E-04    1.0000000E-14    3.9733036E-07    1.0000000E-30
    1.1250000E+01   -4.1796598E-03    1.0000000E-04    1.0689087E-03    7.1207685E-04    2.4562770E-05    5.5904122E-09    3.9021786E-04    1.0104126E-02    1.4618970E-04    3.5551581E-07    1.2596058E-07    3.5140951E-12    1.0000000E-14    1.0000000E-14    6.0853599E-04    1.0000000E-14    3.8988970E-07    1.0000000E-30
    1.1430000E+01   -4.2272701E-03    1.0000000E-04    1.0809281E-03    7.2032521E-04    2.4356703E-05    5.5655742E-09    3.8495853E-04    1.0139332E-02    1.4892601E-04    3.5551068E-07    1.2101072E-07    3.4377724E-12    1.0000000E-14    1.0000000E-14    6.1819108E-04    1.0000000E-14    3.8269484E-07    1.0000000E-30
    1.1610000E+01   -4.2745752E-03    1.0000000E-04    1.0928134E-03    7.2827912E-04    2.4272208E-05    5.5390401E-09    3.7985344E-04    1.0174900E-02    1.5167340E-04    3.5550557E-07    1.1636636E-07    3.3649668E-12    1.0000000E-14    1.0000010E-14    6.2799401E-04    1.0000000E-14    3.7573386E-07    1.0000000E-30
    1.1790000E+01   -4.3215800E-03    1.0000000E-04    1.1045710E-03    7.3593330E-04    2.4355745E-05    5.5091831E-09    3.7489586E-04    1.0210860E-02    1.5443188E-04    3.5550050E-07    1.1200408E-07    3.2955177E-12    1.0000000E-14    1.0004125E-14    6.3792609E-04    1.0000000E-14    3.6899564E-07    1.0000000E-30
    1.1970000E+01   -4.3682877E-03    1.0000000E-04    1.1162074E-03    7.4328781E-04    2.4668826E-05    5.4740385E-09    3.7007818E-04    1.0247242E-02    1.5720149E-04    3.5549545E-07    1.0790287E-07    3.2292782E-12    1.0000000E-14    1.1681818E-14    6.4795485E-04    1.0000000E-14    3.6246969E-07    1.0000000E-30
    1.2150000E+01   -4.4146996E-03    1.0000000E-04    1.1277294E-03    7.5034645E-04    2.5290502E-05    5.4313854E-09    3.6539186E-04    1.0284076E-02    1.5998225E-04    3.5549044E-07    1.0404386E-07    3.1661138E-12    1.0000000E-14    6.9574701E-13    6.5803424E-04    1.0000000E-14    3.5614619E-07    1.0000000E-30
    1.2330000E+01   -4.4607699E-03    1.0000000E-04    1.1391220E-03    7.5711051E-04    2.6318795E-05    5.3789640E-09    3.6083201E-04    1.0321346E-02    1.6277419E-04    3.5548547E-07    1.0044471E-07    3.1059544E-12    1.0000000E-14    2.7961540E-10    6.6809885E-04    1.0000000E-14    3.5001641E-07    1.0000000E-30
    1.2510000E+01   -4.4878990E-03    1.0000000E-04    1.1412030E-03    7.6178550E-04    2.7870164E-05    2.9915722E-09    3.5824777E-04    1.0340484E-02    1.6559303E-04    3.5548242E-07    1.2960010E-07    3.0735696E-12    1.0000000E-14    1.1445542E-07    6.7526081E-04    1.0000000E-14    3.4652846E-07    1.0000000E-30
    1.2690000E+01   -4.5148959E-03    1.0000000E-04    1.1432737E-03    7.6633687E-04    2.9659541E-05    2.9466933E-09    3.5568639E-04    1.0359583E-02    1.6832339E-04    3.5547939E-07    1.4009249E-07    3.0385149E-12    1.0000000E-14    2.3051537E-07    6.8238348E-04    1.0000000E-14    3.4109002E-07    1.0000000E-30
    1.2870000E+01   -4.5417749E-03    1.0000000E-04    1.1453339E-03    7.7076478E-04    3.1724119E-05    2.9011613E-09    3.5314426E-04    1.0378705E-02    1.7095049E-04    3.5547638E-07    1.4264161E-07    3.0034569E-12    1.0000000E-14    3.4838721E-07    6.8944810E-04    1.0000000E-14    3.3583176E-07    1.0000000E-30
    1.3050000E+01   -4.5685468E-03    1.0000000E-04    1.1473838E-03    7.7506892E-04    3.4104774E-05    2.8537139E-09    3.5062112E-04    1.0397863E-02    1.7347438E-04    3.5547338E-07    1.4192541E-07    2.9688543E-12    1.0000000E-14    4.6799982E-07    6.9643500E-04    1.0000000E-14    3.3091468E-07    1.0000000E-30
    1.3230000E+01   -4.5952168E-03    1.0000000E-04    1.1494238E-03    7.7924840E-04    3.6845319E-05    2.8044700E-09    3.4811674E-04    1.0417067E-02    1.7589517E-04    3.5547041E-07    1.3994556E-07    2.9348965E-12    1.0000000E-14    5.8928212E-07    7.0332360E-04    1.0000000E-14    3.2633046E-07    1.0000000E-30
    1.3410000E+01   -4.6217879E-03    1.0000000E-04    1.1514540E-03    7.8330169E-04    3.9992081E-05    2.7536297E-09    3.4563096E-04    1.0436325E-02    1.7821305E-04    3.5546746E-07    1.3754021E-07    2.9016538E-12    1.0000000E-14    7.1216320E-07    7.1009269E-04    1.0000000E-14    3.2205836E-07    1.0000000E-30
    1.3590000E+01   -4.6482621E-03    1.0000000E-04    1.1534750E-03    7.8722662E-04    4.3593349E-05    2.7014617E-09    3.4316366E-04    1.0455644E-02    1.8042829E-04    3.5546453E-07    1.3505102E-07    2.8691453E-12    1.0000000E-14    8.3657231E-07    7.1672074E-04    1.0000000E-14    3.1807850E-07    1.0000000E-30
    1.3770000E+01   -4.6746411E-03    1.0000000E-04    1.1554869E-03    7.9102039E-04    4.7698698E-05    2.6482889E-09    3.4071481E-04    1.0475031E-02    1.8254126E-04    3.5546163E-07    1.3261166E-07    2.8373688E-12    1.0000000E-14    9.6243895E-07    7.2318623E-04    1.0000000E-14    3.1437276E-07    1.0000000E-30
    1.3950000E+01   -4.7009265E-03    1.0000000E-04    1.1574901E-03    7.9467967E-04    5.2358184E-05    2.5944710E-09    3.3828446E-04    1.0494494E-02    1.8455243E-04    3.5545875E-07    1.3027047E-07    2.8063135E-12    1.0000000E-14    1.0896929E-06    7.2946798E-04    1.0000000E-14    3.1092463E-07    1.0000000E-30
    1.4130000E+01   -4.7271199E-03    1.0000000E-04    1.1594850E-03    7.9820068E-04    5.7621430E-05    2.5403858E-09    3.3587271E-04    1.0514041E-02    1.8646239E-04    3.5545591E-07    1.2804159E-07    2.7759658E-12    1.0000000E-14    1.2182645E-06    7.3554551E-04    1.0000000E-14    3.0771903E-07    1.0000000E-30
    1.4310000E+01   -4.7532229E-03    1.0000000E-04    1.1614717E-03    8.0157940E-04    6.3536616E-05    2.4864117E-09    3.3347972E-04    1.0533681E-02    1.8827186E-04    3.5545310E-07    1.2592593E-07    2.7463117E-12    1.0000000E-14    1.3480845E-06    7.4139933E-04    1.0000000E-14    3.0474213E-07    1.0000000E-30
    1.4490000E+01   -4.7792371E-03    1.0000000E-04    1.1634506E-03    8.0481171E-04    7.0149393E-05    2.4329124E-09    3.3110570E-04    1.0553421E-02    1.8998168E-04    3.5545032E-07    1.2391961E-07    2.7173373E-12    1.0000000E-14    1.4790840E-06    7.4701137E-04    1.0000000E-14    3.0198125E-07    1.0000000E-30
    1.4670000E+01   -4.8051641E-03    1.0000000E-04    1.1654219E-03    8.0789363E-04    7.7501758E-05    2.3802251E-09    3.2875090E-04    1.0573271E-02    1.9159283E-04    3.5544757E-07    1.2201725E-07    2.6890298E-12    1.0000000E-14    1.6111952E-06    7.5236524E-04    1.0000000E-14    2.9942469E-07    1.0000000E-30
    1.4850000E+01   -4.8310058E-03    1.0000000E-04    1.1673858E-03    8.1082162E-04    8.5630910E-05    2.3286515E-09    3.2641560E-04    1.0593242E-02    1.9310643E-04    3.5544487E-07    1.2021324E-07    2.6613772E-12    1.0000000E-14    1.7443508E-06    7.5744660E-04    1.0000000E-14    2.9706165E-07    1.0000000E-30
    1.5030000E+01   -4.8567638E-03    1.0000000E-04    1.1693425E-03    8.1359280E-04    9.4568121E-05    2.2784532E-09    3.2410009E-04    1.0613342E-02    1.9452370E-04    3.5544220E-07    1.1850219E-07    2.6343688E-12    1.0000000E-14    1.8784843E-06    7.6224338E-04    1.0000000E-14    2.9488212E-07    1.0000000E-30
    1.5210000E+01   -4.8824398E-03    1.0000000E-04    1.1712921E-03    8.1620527E-04    1.0433767E-04    2.2298493E-09    3.2180468E-04    1.0633585E-02    1.9584598E-04    3.5543956E-07    1.1687907E-07    2.6079949E-12    1.0000000E-14    2.0135302E-06    7.6674607E-04    1.0000000E-14    2.9287683E-07    1.0000000E-30
    1.5390000E+01   -4.9080357E-03    1.0000000E-04    1.1732349E-03    8.1865844E-04    1.1495588E-04    2.1830169E-09    3.1952967E-04    1.0653980E-02    1.9707475E-04    3.5543697E-07    1.1533926E-07    2.5822468E-12    1.0000000E-14    2.1494242E-06    7.7094784E-04    1.0000000E-14    2.9103717E-07    1.0000000E-30
    1.5570000E+01   -4.9335531E-03    1.0000000E-04    1.1751709E-03    8.2095330E-04    1.2643026E-04    2.1380931E-09    3.1727537E-04    1.0674540E-02    1.9821152E-04    3.5543442E-07    1.1387850E-07    2.5571172E-12    1.0000000E-14    2.2861027E-06    7.7484472E-04    1.0000000E-14    2.8935516E-07    1.0000000E-30
    1.5750000E+01   -4.9589939E-03    1.0000000E-04    1.1771002E-03    8.2309279E-04    1.3875882E-04    2.0951788E-09    3.1504205E-04    1.0695277E-02    1.9925791E-04    3.5543190E-07    1.1249292E-07    2.5325999E-12    1.0000000E-14    2.4235035E-06    7.7843553E-04    1.0000000E-14    2.8782341E-07    1.0000000E-30
    1.5930000E+01   -4.9843597E-03    1.0000000E-04    1.1790228E-03    8.2508206E-04    1.5192961E-04    2.0543421E-09    3.1282998E-04    1.0716205E-02    2.0021556E-04    3.5542942E-07    1.1117897E-07    2.5086897E-12    1.0000000E-14    2.5615653E-06    7.8172187E-04    1.0000000E-14    2.8643509E-07    1.0000000E-30
    1.6110000E+01   -5.0096522E-03    1.0000000E-04    1.1809389E-03    8.2692884E-04    1.6592046E-04    2.0156230E-09    3.1063943E-04    1.0737339E-02    2.0108612E-04    3.5542699E-07    1.0993344E-07    2.4853827E-12    1.0000000E-14    2.7002282E-06    7.8470788E-04    1.0000000E-14    2.8518390E-07    1.0000000E-30
    1.6290000E+01   -5.0348732E-03    1.0000000E-04    1.1828483E-03    8.2864374E-04    1.8069889E-04    1.9790377E-09    3.0847062E-04    1.0758692E-02    2.0187125E-04    3.5542458E-07    1.0875344E-07    2.4626760E-12    1.0000000E-14    2.8394332E-06    7.8740002E-04    1.0000000E-14    2.8406411E-07    1.0000000E-30
    1.6470000E+01   -5.0600245E-03    1.0000000E-04    1.1847511E-03    8.3024049E-04    1.9622241E-04    1.9445825E-09    3.0632378E-04    1.0780280E-02    2.0257255E-04    3.5542221E-07    1.0763633E-07    2.4405679E-12    1.0000000E-14    2.9791225E-06    7.8980659E-04    1.0000000E-14    2.8307046E-07    1.0000000E-30
    1.6650000E+01   -5.0851076E-03    1.0000000E-04    1.1866472E-03    8.3173623E-04    2.1243890E-04    1.9122378E-09    3.0419909E-04    1.0802120E-02    2.0319156E-04    3.5541987E-07    1.0657979E-07    2.4190577E-12    1.0000000E-14    3.1192393E-06    7.9193732E-04    1.0000000E-14    2.8219826E-07    1.0000000E-30
    1.6830000E+01   -5.1101244E-03    1.0000000E-04    1.1885366E-03    8.3315175E-04    2.2928735E-04    1.8819712E-09    3.0209672E-04    1.0824229E-02    2.0372970E-04    3.5541756E-07    1.0558173E-07    2.3981457E-12    1.0000000E-14    3.2597280E-06    7.9380279E-04    1.0000000E-14    2.8144331E-07    1.0000000E-30
    1.7010000E+01   -5.1350764E-03    1.0000000E-04    1.1904192E-03    8.3451155E-04    2.4669869E-04    1.8537408E-09    3.0001685E-04    1.0846624E-02    2.0418829E-04    3.5541528E-07    1.0464035E-07    2.3778334E-12    1.0000000E-14    3.4005337E-06    7.9541382E-04    1.0000000E-14    2.8080195E-07    1.0000000E-30
    1.7190000E+01   -5.1599654E-03    1.0000000E-04    1.1922949E-03    8.3584398E-04    2.6459693E-04    1.8274972E-09    2.9795961E-04    1.0869326E-02    2.0456849E-04    3.5541301E-07    1.0375409E-07    2.3581231E-12    1.0000000E-14    3.5416023E-06    7.9678093E-04    1.0000000E-14    2.8027104E-07    1.0000000E-30
    1.7370000E+01   -5.1847931E-03    1.0000000E-04    1.1941636E-03    8.3718114E-04    2.8290035E-04    1.8031864E-09    2.9592512E-04    1.0892354E-02    2.0487126E-04    3.5541077E-07    1.0292162E-07    2.3390179E-12    1.0000000E-14    3.6828804E-06    7.9791371E-04    1.0000000E-14    2.7984797E-07    1.0000000E-30
    1.7550000E+01   -5.2095612E-03    1.0000000E-04    1.1960252E-03    8.3855874E-04    3.0152282E-04    1.7807510E-09    2.9391350E-04    1.0915730E-02    2.0509740E-04    3.5540854E-07    1.0214186E-07    2.3205222E-12    1.0000000E-14    3.8243151E-06    7.9882038E-04    1.0000000E-14    2.7953067E-07    1.0000000E-30
    1.7730000E+01   -5.2342713E-03    1.0000000E-04    1.1978795E-03    8.4001578E-04    3.2037509E-04    1.7601319E-09    2.9192485E-04    1.0939475E-02    2.0524747E-04    3.5540632E-07    1.0141397E-07    2.3026411E-12    1.0000000E-14    3.9658533E-06    7.9950738E-04    1.0000000E-14    2.7931763E-07    1.0000000E-30
    1.7910000E+01   -5.2588655E-03    1.0000000E-04    1.1997220E-03    8.4158935E-04    3.3932038E-04    1.7413133E-09    2.8996392E-04    1.0963554E-02    2.0532181E-04    3.5540412E-07    1.0073880E-07    2.2854210E-12    1.0000000E-14    4.1070998E-06    7.9997900E-04    1.0000000E-14    2.7920787E-07    1.0000000E-30
