# Time          5.0000E+01
# Units: Log10 mol/kgw
    Distance      pH               H+               Li+              Na+              Ca++             K+               Al+++            SiO2(aq)         CO2(aq)          O2(aq)           Methane(aq)      Fe++             Fe+++            HS-              SO4--            Mg++             Cl-              CH2O             Tracer           HCO3-            Al(OH)2+         AlO2-            AlOH++           FeOH+            FeOH++           FeSO4(aq)        FeSO4+           OH-              CO3--            FeCO3(aq)        FeCO3+           FeHCO3+          NaCO3-           NaHCO3(aq)   
    9.0000000E-02    5.7676076E+00   -5.7592839E+00   -3.9999999E+00   -5.1571390E+00   -5.5460239E+00   -5.2899714E+00   -6.3477060E+00   -5.0899870E+00   -2.6589031E+00   -3.4783187E+00   -6.4486826E+00   -7.3817309E+00   -1.3710145E+01   -1.4000000E+01   -1.4000002E+01   -5.7428485E+00   -1.4000000E+01   -3.9247831E+00   -3.0000000E+01   -3.3261919E+00   -6.2750915E+00   -7.7175750E+00   -5.9801673E+00   -1.1139451E+01   -1.0173379E+01   -1.9249913E+01   -2.6086312E+01   -8.6891822E+00   -7.9957289E+00   -1.0581588E+01   -1.1528425E+01   -8.0218076E+00   -1.2516038E+01   -8.2325147E+00
    2.7000000E-01    5.7684355E+00   -5.7599471E+00   -3.9999999E+00   -5.0009455E+00   -5.3044673E+00   -5.2801529E+00   -6.4271337E+00   -4.8515918E+00   -2.6510809E+00   -3.4947713E+00   -6.4486828E+00   -7.3038119E+00   -1.4228146E+01   -1.4000000E+01   -1.4000003E+01   -5.4825815E+00   -1.4000000E+01   -4.5640490E+00   -3.0000000E+01   -3.3173664E+00   -6.3541750E+00   -7.7950028E+00   -6.0595588E+00   -1.1061212E+01   -1.0691345E+01   -1.9173376E+01   -2.6606323E+01   -8.6881792E+00   -7.9855557E+00   -1.0494873E+01   -1.2038259E+01   -7.9357455E+00   -1.2350365E+01   -8.0678452E+00
    4.5000000E-01    5.7755496E+00   -5.7669092E+00   -3.9999999E+00   -4.8879054E+00   -5.1507764E+00   -5.2632921E+00   -6.5865126E+00   -4.7051764E+00   -2.6501043E+00   -3.5091476E+00   -6.4486829E+00   -7.2434986E+00   -1.4248033E+01   -1.4000000E+01   -1.4000003E+01   -5.3264515E+00   -1.4000000E+01   -5.1870273E+00   -3.0000000E+01   -3.3091134E+00   -6.5005368E+00   -7.9271363E+00   -6.2125542E+00   -1.0994255E+01   -1.0704848E+01   -1.9114340E+01   -2.6628067E+01   -8.6809032E+00   -7.9697080E+00   -1.0419985E+01   -1.2044151E+01   -7.8678098E+00   -1.2222119E+01   -7.9468753E+00
    6.3000000E-01    5.7842378E+00   -5.7754444E+00   -3.9999999E+00   -4.7998490E+00   -5.0395798E+00   -5.2380455E+00   -6.7355659E+00   -4.5956287E+00   -2.6506709E+00   -3.5236437E+00   -6.4486830E+00   -7.1955187E+00   -1.4272633E+01   -1.4000000E+01   -1.4000004E+01   -5.2150694E+00   -1.4000000E+01   -5.7781577E+00   -3.0000000E+01   -3.3008286E+00   -6.6334324E+00   -8.0426557E+00   -6.3536539E+00   -1.0938060E+01   -1.0721494E+01   -1.9067647E+01   -2.6654535E+01   -8.6720520E+00   -7.9522511E+00   -1.0355831E+01   -1.2053157E+01   -7.8121800E+00   -1.2117252E+01   -7.8508594E+00
    8.1000000E-01    5.7932189E+00   -5.7842736E+00   -3.9999999E+00   -4.7279978E+00   -4.9534577E+00   -5.2037205E+00   -6.8608697E+00   -4.5086841E+00   -2.6515760E+00   -3.5388156E+00   -6.4486832E+00   -7.1564485E+00   -1.4298127E+01   -1.4000000E+01   -1.4000004E+01   -5.1291733E+00   -1.4000000E+01   -6.2866117E+00   -3.0000000E+01   -3.2925901E+00   -6.7419842E+00   -8.1332451E+00   -6.4707057E+00   -1.0890478E+01   -1.0738737E+01   -1.9029855E+01   -2.6681887E+01   -8.6629087E+00   -7.9345502E+00   -1.0300334E+01   -1.2062804E+01   -7.7655024E+00   -1.2028342E+01   -7.7710935E+00
    9.9000000E-01    5.8020990E+00   -5.7930049E+00   -3.9999999E+00   -4.6674731E+00   -4.8839297E+00   -5.1606276E+00   -6.9669035E+00   -4.4372914E+00   -2.6525125E+00   -3.5548607E+00   -6.4486834E+00   -7.1239954E+00   -1.4323356E+01   -1.4000000E+01   -1.4000004E+01   -5.0599764E+00   -1.4000000E+01   -6.6209534E+00   -3.0000000E+01   -3.2844872E+00   -6.8314426E+00   -8.2049434E+00   -6.5685726E+00   -1.0849605E+01   -1.0755799E+01   -1.8998655E+01   -2.6708934E+01   -8.6538697E+00   -7.9170957E+00   -1.0251676E+01   -1.2072393E+01   -7.7255646E+00   -1.1950992E+01   -7.7027830E+00
    1.1700000E+00    5.8107255E+00   -5.8014868E+00   -3.9999999E+00   -4.6152913E+00   -4.8262275E+00   -5.1101123E+00   -7.0589305E+00   -4.3771337E+00   -2.6533668E+00   -3.5719010E+00   -6.4486836E+00   -7.0965502E+00   -1.4347871E+01   -1.4000000E+01   -1.4000004E+01   -5.0026486E+00   -1.4000000E+01   -6.7597909E+00   -3.0000000E+01   -3.2765601E+00   -6.9073682E+00   -8.2636159E+00   -6.6526659E+00   -1.0813981E+01   -1.0772380E+01   -1.8972429E+01   -2.6735217E+01   -8.6450885E+00   -7.9000832E+00   -1.0208433E+01   -1.2081659E+01   -7.6907936E+00   -1.1882411E+01   -7.6429828E+00
    1.3500000E+00    5.8189917E+00   -5.8096129E+00   -3.9999999E+00   -4.5694949E+00   -4.7773703E+00   -5.0542627E+00   -7.1403506E+00   -4.3253936E+00   -2.6540447E+00   -3.5900515E+00   -6.4486837E+00   -7.0729246E+00   -1.4371355E+01   -1.4000000E+01   -1.4000005E+01   -4.9541917E+00   -1.4000000E+01   -6.7914769E+00   -3.0000000E+01   -3.2688215E+00   -6.9733718E+00   -8.3130871E+00   -6.7264907E+00   -1.0782523E+01   -1.0788268E+01   -1.8949986E+01   -2.6760415E+01   -8.6366723E+00   -7.8836335E+00   -1.0169536E+01   -1.2090403E+01   -7.6600123E+00   -1.1820759E+01   -7.5897471E+00
    1.5300000E+00    5.8267598E+00   -5.8172454E+00   -3.9999999E+00   -4.5287252E+00   -4.7353329E+00   -4.9954489E+00   -7.2130832E+00   -4.2801487E+00   -2.6544079E+00   -3.6094397E+00   -6.4486839E+00   -7.0521925E+00   -1.4393395E+01   -1.4000000E+01   -1.4000005E+01   -4.9125699E+00   -1.4000000E+01   -6.7863331E+00   -3.0000000E+01   -3.2612709E+00   -7.0316483E+00   -8.3558274E+00   -6.7921042E+00   -1.0754443E+01   -1.0803189E+01   -1.8930399E+01   -2.6784114E+01   -8.6287588E+00   -7.8678836E+00   -1.0134196E+01   -1.2098349E+01   -7.6322944E+00   -1.1764815E+01   -7.5417171E+00
    1.7100000E+00    5.8338036E+00   -5.8241577E+00   -3.9999999E+00   -4.4919916E+00   -4.6986436E+00   -4.9358964E+00   -7.2779547E+00   -4.2400274E+00   -2.6542221E+00   -3.6302139E+00   -6.4486840E+00   -7.0335872E+00   -1.4413311E+01   -1.4000000E+01   -1.4000005E+01   -4.8762999E+00   -1.4000000E+01   -6.7699969E+00   -3.0000000E+01   -3.2539000E+00   -7.0834788E+00   -8.3935704E+00   -6.8505604E+00   -1.0729202E+01   -1.0816690E+01   -1.8912905E+01   -2.6805639E+01   -8.6215740E+00   -7.8530509E+00   -1.0101865E+01   -1.2105037E+01   -7.6068659E+00   -1.1713807E+01   -7.4978940E+00
    1.8900000E+00    5.8397321E+00   -5.8299586E+00   -3.9999999E+00   -4.4585212E+00   -4.6661727E+00   -4.8774773E+00   -7.3347730E+00   -4.2039894E+00   -2.6530816E+00   -3.6525492E+00   -6.4486841E+00   -7.0164303E+00   -1.4429927E+01   -1.4000000E+01   -1.4000005E+01   -4.8442172E+00   -1.4000000E+01   -6.7446041E+00   -3.0000000E+01   -3.2466936E+00   -7.1294567E+00   -8.4276912E+00   -6.9020603E+00   -1.0706512E+01   -1.0827988E+01   -1.8896828E+01   -2.6823819E+01   -8.6155084E+00   -7.8395094E+00   -1.0072242E+01   -1.2109671E+01   -7.5830347E+00   -1.1667337E+01   -7.4574907E+00
    2.0700000E+00    5.8447745E+00   -5.8348534E+00   -3.9999999E+00   -4.4149839E+00   -4.6333442E+00   -4.8769746E+00   -7.2762601E+00   -4.1565991E+00   -2.6503063E+00   -3.6764737E+00   -6.4486844E+00   -7.0069974E+00   -1.4443878E+01   -1.4000000E+01   -1.4000005E+01   -4.7958356E+00   -1.4000000E+01   -5.1009366E+00   -3.0000000E+01   -3.2387169E+00   -7.0620339E+00   -8.3501836E+00   -6.8392097E+00   -1.0692495E+01   -1.0837601E+01   -1.8888644E+01   -2.6839576E+01   -8.6103073E+00   -7.8260201E+00   -1.0050565E+01   -1.2111935E+01   -7.5662406E+00   -1.1610939E+01   -7.4062933E+00
    2.2500000E+00    5.8490607E+00   -5.8389975E+00   -3.9999999E+00   -4.3757836E+00   -4.6029433E+00   -4.8766285E+00   -7.3283408E+00   -4.1149797E+00   -2.6470570E+00   -3.7013030E+00   -6.4486848E+00   -6.9972163E+00   -1.4455469E+01   -1.4000000E+01   -1.4000006E+01   -4.7525088E+00   -1.4000000E+01   -4.9694771E+00   -3.0000000E+01   -3.2310282E+00   -7.1066733E+00   -8.3862507E+00   -6.8876821E+00   -1.0678869E+01   -1.0845583E+01   -1.8880066E+01   -2.6852907E+01   -8.6058683E+00   -7.8135922E+00   -1.0029555E+01   -1.2112834E+01   -7.5493638E+00   -1.1559915E+01   -7.3597094E+00
    2.4300000E+00    5.8530564E+00   -5.8428542E+00   -3.9999999E+00   -4.3401432E+00   -4.5746356E+00   -4.8764225E+00   -7.3794506E+00   -4.0776010E+00   -2.6436892E+00   -3.7270414E+00   -6.4486851E+00   -6.9870606E+00   -1.4466218E+01   -1.4000000E+01   -1.4000006E+01   -4.7132845E+00   -1.4000000E+01   -4.9171944E+00   -3.0000000E+01   -3.2235145E+00   -7.1508984E+00   -8.4224843E+00   -6.9354591E+00   -1.0665149E+01   -1.0853000E+01   -1.8871089E+01   -2.6865360E+01   -8.6017228E+00   -7.8016390E+00   -1.0008621E+01   -1.2113329E+01   -7.5322749E+00   -1.1512914E+01   -7.3168542E+00
    2.6100000E+00    5.8568768E+00   -5.8465385E+00   -3.9999999E+00   -4.3074823E+00   -4.5481533E+00   -4.8763566E+00   -7.4265776E+00   -4.0437150E+00   -2.6403084E+00   -3.7536673E+00   -6.4486854E+00   -6.9765136E+00   -1.4476468E+01   -1.4000000E+01   -1.4000006E+01   -4.6774621E+00   -1.4000000E+01   -4.8834683E+00   -3.0000000E+01   -3.2161661E+00   -7.1914685E+00   -8.4554136E+00   -6.9794146E+00   -1.0651205E+01   -1.0860078E+01   -1.8861698E+01   -2.6877279E+01   -8.5977554E+00   -7.7900350E+00   -9.9876212E+00   -1.2113641E+01   -7.5149486E+00   -1.1469230E+01   -7.2771380E+00
    2.7900000E+00    5.8605609E+00   -5.8500890E+00   -3.9999999E+00   -4.2773526E+00   -4.5232774E+00   -4.8764316E+00   -7.4702857E+00   -4.0127654E+00   -2.6369476E+00   -3.7812069E+00   -6.4486858E+00   -6.9655703E+00   -1.4486335E+01   -1.4000000E+01   -1.4000006E+01   -4.6445067E+00   -1.4000000E+01   -4.8545336E+00   -3.0000000E+01   -3.2089768E+00   -7.2288708E+00   -8.4854479E+00   -7.0200742E+00   -1.0636992E+01   -1.0866897E+01   -1.8851888E+01   -2.6888782E+01   -8.5939273E+00   -7.7787350E+00   -9.9665070E+00   -1.2113840E+01   -7.4973741E+00   -1.1428370E+01   -7.2401065E+00
    2.9700000E+00    5.8641258E+00   -5.8535231E+00   -3.9999999E+00   -4.2493996E+00   -4.4998262E+00   -4.8766480E+00   -7.5110790E+00   -3.9843182E+00   -2.6336180E+00   -3.8097038E+00   -6.4486861E+00   -6.9542319E+00   -1.4495870E+01   -1.4000000E+01   -1.4000006E+01   -4.6140003E+00   -1.4000000E+01   -4.8265227E+00   -3.0000000E+01   -3.2019406E+00   -7.2635756E+00   -8.5130228E+00   -7.0579252E+00   -1.0622496E+01   -1.0873489E+01   -1.8841661E+01   -2.6899922E+01   -8.5902210E+00   -7.7677150E+00   -9.9452565E+00   -1.2113955E+01   -7.4795467E+00   -1.1389957E+01   -7.2053993E+00
    3.1500000E+00    5.8675824E+00   -5.8568514E+00   -3.9999999E+00   -4.2233384E+00   -4.4776471E+00   -4.8770061E+00   -7.5493477E+00   -3.9580286E+00   -2.6303245E+00   -3.8392095E+00   -6.4486864E+00   -6.9425037E+00   -1.4505103E+01   -1.4000000E+01   -1.4000006E+01   -4.5856099E+00   -1.4000000E+01   -4.7982408E+00   -3.0000000E+01   -3.1950514E+00   -7.2959525E+00   -8.5384864E+00   -7.0933477E+00   -1.0607710E+01   -1.0879876E+01   -1.8831025E+01   -2.6910729E+01   -8.5866256E+00   -7.7569582E+00   -9.9238588E+00   -1.2114001E+01   -7.4614665E+00   -1.1353687E+01   -7.1727259E+00
    3.3300000E+00    5.8709394E+00   -5.8600824E+00   -3.9999999E+00   -4.1989360E+00   -4.4566107E+00   -4.8775061E+00   -7.5854053E+00   -3.9336177E+00   -2.6270704E+00   -3.8697812E+00   -6.4486868E+00   -6.9303940E+00   -1.4514060E+01   -1.4000000E+01   -1.4000006E+01   -4.5590659E+00   -1.4000000E+01   -4.7692862E+00   -3.0000000E+01   -3.1883036E+00   -7.3262984E+00   -8.5621185E+00   -7.1266469E+00   -1.0592636E+01   -1.0886074E+01   -1.8819987E+01   -2.6921231E+01   -8.5831323E+00   -7.7464498E+00   -9.9023085E+00   -1.2113991E+01   -7.4431365E+00   -1.1319316E+01   -7.1418478E+00
    3.5100000E+00    5.8742046E+00   -5.8632240E+00   -3.9999999E+00   -4.1760001E+00   -4.4366065E+00   -4.8781477E+00   -7.6195103E+00   -3.9108571E+00   -2.6238581E+00   -3.9014807E+00   -6.4486871E+00   -6.9179143E+00   -1.4522763E+01   -1.4000000E+01   -1.4000007E+01   -4.5341470E+00   -1.4000000E+01   -4.7395045E+00   -3.0000000E+01   -3.1816918E+00   -7.3548567E+00   -8.5841463E+00   -7.1580738E+00   -1.0577276E+01   -1.0892100E+01   -1.8808560E+01   -2.6931453E+01   -8.5797330E+00   -7.7361761E+00   -9.8806041E+00   -1.2113935E+01   -7.4245630E+00   -1.1286636E+01   -7.1125673E+00
    3.6900000E+00    5.8773861E+00   -5.8662841E+00   -3.9999999E+00   -4.1543697E+00   -4.4175392E+00   -4.8789309E+00   -7.6518803E+00   -3.8895575E+00   -2.6206905E+00   -3.9343745E+00   -6.4486875E+00   -6.9050784E+00   -1.4531237E+01   -1.4000000E+01   -1.4000007E+01   -4.5106693E+00   -1.4000000E+01   -4.7088229E+00   -3.0000000E+01   -3.1752107E+00   -7.3818301E+00   -8.6047568E+00   -7.1878388E+00   -1.0561637E+01   -1.0897968E+01   -1.8796760E+01   -2.6941417E+01   -8.5764198E+00   -7.7261237E+00   -9.8587469E+00   -1.2113842E+01   -7.4057551E+00   -1.1255473E+01   -7.0847186E+00
    3.8700000E+00    5.8804915E+00   -5.8692702E+00   -3.9999999E+00   -4.1339090E+00   -4.3993261E+00   -4.8798553E+00   -7.6827016E+00   -3.8695601E+00   -2.6175707E+00   -3.9685340E+00   -6.4486878E+00   -6.8919024E+00   -1.4539502E+01   -1.4000000E+01   -1.4000007E+01   -4.4884785E+00   -1.4000000E+01   -4.6771972E+00   -3.0000000E+01   -3.1688555E+00   -7.4073898E+00   -8.6241055E+00   -7.2161206E+00   -1.0545728E+01   -1.0903694E+01   -1.8784601E+01   -2.6951148E+01   -8.5731848E+00   -7.7162797E+00   -9.8367406E+00   -1.2113725E+01   -7.3867244E+00   -1.1225681E+01   -7.0581612E+00
    4.0500000E+00    5.8835290E+00   -5.8721904E+00   -3.9999999E+00   -4.1145023E+00   -4.3818951E+00   -4.8809205E+00   -7.7121357E+00   -3.8507308E+00   -2.6145019E+00   -4.0040355E+00   -6.4486882E+00   -6.8784047E+00   -1.4547583E+01   -1.4000000E+01   -1.4000007E+01   -4.4674436E+00   -1.4000000E+01   -4.6445946E+00   -3.0000000E+01   -3.1626215E+00   -7.4316821E+00   -8.6423228E+00   -7.2430732E+00   -1.0529558E+01   -1.0909293E+01   -1.8772105E+01   -2.6960669E+01   -8.5700199E+00   -7.7066311E+00   -9.8145914E+00   -1.2113594E+01   -7.3674849E+00   -1.1197129E+01   -7.0327747E+00
    4.2300000E+00    5.8865067E+00   -5.8750528E+00   -3.9999999E+00   -4.0960504E+00   -4.3651829E+00   -4.8821259E+00   -7.7403250E+00   -3.8329551E+00   -2.6114883E+00   -4.0409608E+00   -6.4486885E+00   -6.8646056E+00   -1.4555503E+01   -1.4000000E+01   -1.4000007E+01   -4.4474527E+00   -1.4000000E+01   -4.6109886E+00   -3.0000000E+01   -3.1565044E+00   -7.4548335E+00   -8.6595189E+00   -7.2688313E+00   -1.0513141E+01   -1.0914782E+01   -1.8759291E+01   -2.6970006E+01   -8.5669168E+00   -7.6971652E+00   -9.7923074E+00   -1.2113461E+01   -7.3480529E+00   -1.1169707E+01   -7.0084559E+00
    4.4100000E+00    5.8894330E+00   -5.8778657E+00   -3.9999999E+00   -4.0784676E+00   -4.3491335E+00   -4.8834711E+00   -7.7673963E+00   -3.8161345E+00   -2.6085340E+00   -4.0793971E+00   -6.4486889E+00   -6.8505273E+00   -1.4563287E+01   -1.4000000E+01   -1.4000008E+01   -4.4284094E+00   -1.4000000E+01   -4.5763583E+00   -3.0000000E+01   -3.1505000E+00   -7.4769546E+00   -8.6757874E+00   -7.2935134E+00   -1.0496491E+01   -1.0920177E+01   -1.8746182E+01   -2.6979185E+01   -8.5638670E+00   -7.6878693E+00   -9.7698989E+00   -1.2113339E+01   -7.3284468E+00   -1.1143316E+01   -6.9851151E+00
    4.5900000E+00    5.8923168E+00   -5.8806378E+00   -3.9999999E+00   -4.0616792E+00   -4.3336974E+00   -4.8849552E+00   -7.7934642E+00   -3.8001841E+00   -2.6056443E+00   -4.1194373E+00   -6.4486893E+00   -6.8361938E+00   -1.4570960E+01   -1.4000000E+01   -1.4000008E+01   -4.4102302E+00   -1.4000000E+01   -4.5406884E+00   -3.0000000E+01   -3.1446045E+00   -7.4981430E+00   -8.6912083E+00   -7.3172259E+00   -1.0479622E+01   -1.0925495E+01   -1.8732804E+01   -2.6988230E+01   -8.5608616E+00   -7.6787304E+00   -9.7473774E+00   -1.2113242E+01   -7.3086871E+00   -1.1117869E+01   -6.9626739E+00
    4.7700000E+00    5.8951670E+00   -5.8833782E+00   -3.9999999E+00   -4.0456203E+00   -4.3188305E+00   -4.8865777E+00   -7.8186336E+00   -3.7850297E+00   -2.6028245E+00   -4.1611801E+00   -6.4486896E+00   -6.8216310E+00   -1.4578550E+01   -1.4000000E+01   -1.4000008E+01   -4.3928421E+00   -1.4000000E+01   -4.5039707E+00   -3.0000000E+01   -3.1388144E+00   -7.5184857E+00   -8.7058504E+00   -7.3400646E+00   -1.0462552E+01   -1.0930754E+01   -1.8719181E+01   -2.6997171E+01   -8.5578915E+00   -7.6697356E+00   -9.7247562E+00   -1.2113184E+01   -7.2887961E+00   -1.1093288E+01   -6.9410638E+00
    4.9500000E+00    5.8979934E+00   -5.8860964E+00   -3.9999999E+00   -4.0302336E+00   -4.3044935E+00   -4.8883378E+00   -7.8430014E+00   -3.7706066E+00   -2.6000810E+00   -4.2047300E+00   -6.4486900E+00   -6.8068661E+00   -1.4586084E+01   -1.4000000E+01   -1.4000008E+01   -4.3761810E+00   -1.4000000E+01   -4.4662059E+00   -3.0000000E+01   -3.1331261E+00   -7.5380612E+00   -8.7197731E+00   -7.3621174E+00   -1.0445299E+01   -1.0935973E+01   -1.8705343E+01   -2.7006035E+01   -8.5549471E+00   -7.6608719E+00   -9.7020502E+00   -1.2113181E+01   -7.2687981E+00   -1.1069504E+01   -6.9202243E+00
    5.1300000E+00    5.9008059E+00   -5.8888024E+00   -3.9999999E+00   -4.0154687E+00   -4.2906509E+00   -4.8902346E+00   -7.8666584E+00   -3.7568580E+00   -2.5974207E+00   -4.2501971E+00   -6.4486904E+00   -6.7919278E+00   -1.4593591E+01   -1.4000000E+01   -1.4000009E+01   -4.3601906E+00   -1.4000000E+01   -4.4274049E+00   -3.0000000E+01   -3.1275365E+00   -7.5569405E+00   -8.7330275E+00   -7.3834652E+00   -1.0427881E+01   -1.0941171E+01   -1.8691318E+01   -2.7014854E+01   -8.5520182E+00   -7.6521259E+00   -9.6792750E+00   -1.2113249E+01   -7.2487187E+00   -1.1046453E+01   -6.9001019E+00
    5.3100000E+00    5.9036150E+00   -5.8915065E+00   -3.9999999E+00   -4.0012808E+00   -4.2772710E+00   -4.8922674E+00   -7.8896903E+00   -3.7437336E+00   -2.5948510E+00   -4.2976967E+00   -6.4486908E+00   -6.7768463E+00   -1.4601103E+01   -1.4000000E+01   -1.4000009E+01   -4.3448207E+00   -1.4000000E+01   -4.3875911E+00   -3.0000000E+01   -3.1220428E+00   -7.5751891E+00   -8.7456579E+00   -7.4041837E+00   -1.0410319E+01   -1.0946369E+01   -1.8677136E+01   -2.7023657E+01   -8.5490944E+00   -7.6434840E+00   -9.6564476E+00   -1.2113406E+01   -7.2285853E+00   -1.1024076E+01   -6.8806491E+00
    5.4900000E+00    5.9064314E+00   -5.8942196E+00   -3.9999999E+00   -3.9876303E+00   -4.2643251E+00   -4.8944351E+00   -7.9121787E+00   -3.7311889E+00   -2.5923802E+00   -4.3473484E+00   -6.4486912E+00   -6.7616526E+00   -1.4608651E+01   -1.4000000E+01   -1.4000009E+01   -4.3300270E+00   -1.4000000E+01   -4.3468028E+00   -3.0000000E+01   -3.1166421E+00   -7.5928669E+00   -8.7577029E+00   -7.4243437E+00   -1.0392632E+01   -1.0951589E+01   -1.8662830E+01   -2.7032478E+01   -8.5461649E+00   -7.6349325E+00   -9.6335858E+00   -1.2113672E+01   -7.2084266E+00   -1.1002320E+01   -6.8618235E+00
    5.6700000E+00    5.9092665E+00   -5.8969528E+00   -3.9999999E+00   -3.9744817E+00   -4.2517872E+00   -4.8967370E+00   -7.9342016E+00   -3.7191844E+00   -2.5900169E+00   -4.3992754E+00   -6.4486915E+00   -6.7463787E+00   -1.4616269E+01   -1.4000000E+01   -1.4000010E+01   -4.3157696E+00   -1.4000000E+01   -4.3050949E+00   -3.0000000E+01   -3.1113318E+00   -7.6100300E+00   -8.7691958E+00   -7.4440122E+00   -1.0374842E+01   -1.0956853E+01   -1.8648432E+01   -2.7041351E+01   -8.5432182E+00   -7.6264574E+00   -9.6107081E+00   -1.2114066E+01   -7.1882720E+00   -1.0981137E+01   -6.8435873E+00
    5.8500000E+00    5.9121317E+00   -5.8997175E+00   -3.9999999E+00   -3.9618034E+00   -4.2396337E+00   -4.8991721E+00   -7.9558334E+00   -3.7076848E+00   -2.5877703E+00   -4.4536022E+00   -6.4486919E+00   -6.7310576E+00   -1.4623990E+01   -1.4000000E+01   -1.4000010E+01   -4.3020130E+00   -1.4000000E+01   -4.2625409E+00   -3.0000000E+01   -3.1061097E+00   -7.6267303E+00   -8.7801658E+00   -7.4632524E+00   -1.0356970E+01   -1.0962182E+01   -1.8633974E+01   -2.7050309E+01   -8.5402430E+00   -7.6180449E+00   -9.5878337E+00   -1.2114607E+01   -7.1681523E+00   -1.0960480E+01   -6.8259063E+00
    6.0300000E+00    5.9150384E+00   -5.9025252E+00   -3.9999999E+00   -3.9495670E+00   -4.2278433E+00   -4.9017394E+00   -7.9771453E+00   -3.6966587E+00   -2.5856497E+00   -4.5104528E+00   -6.4486924E+00   -6.7157223E+00   -1.4631848E+01   -1.4000000E+01   -1.4000010E+01   -4.2887250E+00   -1.4000000E+01   -4.2192348E+00   -3.0000000E+01   -3.1009734E+00   -7.6430162E+00   -8.7906383E+00   -7.4821242E+00   -1.0339038E+01   -1.0967600E+01   -1.8619490E+01   -2.7059387E+01   -8.5372277E+00   -7.6096812E+00   -9.5649821E+00   -1.2115317E+01   -7.1480986E+00   -1.0940309E+01   -6.8087502E+00
    6.2100000E+00    5.9179979E+00   -5.9053871E+00   -3.9999999E+00   -3.9377468E+00   -4.2163963E+00   -4.9044378E+00   -7.9982046E+00   -3.6860776E+00   -2.5836643E+00   -4.5699463E+00   -6.4486928E+00   -6.7004062E+00   -1.4639877E+01   -1.4000000E+01   -1.4000011E+01   -4.2758769E+00   -1.4000000E+01   -4.1752922E+00   -3.0000000E+01   -3.0959210E+00   -7.6589327E+00   -8.8006356E+00   -7.5006838E+00   -1.0321068E+01   -1.0973129E+01   -1.8605014E+01   -2.7068619E+01   -8.5341610E+00   -7.6013527E+00   -9.5421735E+00   -1.2116217E+01   -7.1281421E+00   -1.0920583E+01   -6.7920913E+00
    6.3900000E+00    5.9210212E+00   -5.9083141E+00   -3.9999999E+00   -3.9263198E+00   -4.2052750E+00   -4.9072664E+00   -8.0190743E+00   -3.6759162E+00   -2.5818232E+00   -4.6321925E+00   -6.4486932E+00   -6.6851424E+00   -1.4648108E+01   -1.4000000E+01   -1.4000011E+01   -4.2634423E+00   -1.4000000E+01   -4.1308506E+00   -3.0000000E+01   -3.0909506E+00   -7.6745213E+00   -8.8101777E+00   -7.5189834E+00   -1.0303083E+01   -1.0978790E+01   -1.8590579E+01   -2.7078036E+01   -8.5310320E+00   -7.5930467E+00   -9.5194286E+00   -1.2117324E+01   -7.1083144E+00   -1.0901267E+01   -6.7759048E+00
    6.5700000E+00    5.9241182E+00   -5.9113162E+00   -3.9999999E+00   -3.9152651E+00   -4.1944629E+00   -4.9102239E+00   -8.0398120E+00   -3.6661514E+00   -2.5801347E+00   -4.6972838E+00   -6.4486936E+00   -6.6699635E+00   -1.4656571E+01   -1.4000000E+01   -1.4000011E+01   -4.2513976E+00   -1.4000000E+01   -4.0860689E+00   -3.0000000E+01   -3.0860604E+00   -7.6898199E+00   -8.8192822E+00   -7.5370709E+00   -1.0285105E+01   -1.0984603E+01   -1.8576218E+01   -2.7087670E+01   -8.5278306E+00   -7.5847514E+00   -9.4967682E+00   -1.2118659E+01   -7.0886464E+00   -1.0882328E+01   -6.7601680E+00
    6.7500000E+00    5.9272978E+00   -5.9144021E+00   -3.9999999E+00   -3.9045638E+00   -4.1839451E+00   -4.9133093E+00   -8.0604691E+00   -3.6567625E+00   -2.5786059E+00   -4.7652848E+00   -6.4486940E+00   -6.6549014E+00   -1.4665293E+01   -1.4000000E+01   -1.4000012E+01   -4.2397211E+00   -1.4000000E+01   -4.0411263E+00   -3.0000000E+01   -3.0812488E+00   -7.7048624E+00   -8.8279656E+00   -7.5549888E+00   -1.0267157E+01   -1.0990586E+01   -1.8561963E+01   -2.7097546E+01   -8.5245481E+00   -7.5764561E+00   -9.4742139E+00   -1.2120236E+01   -7.0691684E+00   -1.0863738E+01   -6.7448604E+00
    6.9300000E+00    5.9305672E+00   -5.9175791E+00   -3.9999999E+00   -3.8941984E+00   -4.1737075E+00   -4.9165214E+00   -8.0810897E+00   -3.6477304E+00   -2.5772427E+00   -4.8362155E+00   -6.4486945E+00   -6.6399866E+00   -1.4674294E+01   -1.4000000E+01   -1.4000012E+01   -4.2283931E+00   -1.4000000E+01   -3.9962192E+00   -3.0000000E+01   -3.0765142E+00   -7.7196785E+00   -8.8362429E+00   -7.5727741E+00   -1.0249262E+01   -1.0996752E+01   -1.8547844E+01   -2.7107687E+01   -8.5211770E+00   -7.5681520E+00   -9.4517877E+00   -1.2122068E+01   -7.0499095E+00   -1.0845469E+01   -6.7299631E+00
    7.1100000E+00    5.9339320E+00   -5.9208529E+00   -3.9999999E+00   -3.8841531E+00   -4.1637376E+00   -4.9198589E+00   -8.1017105E+00   -3.6390378E+00   -2.5760491E+00   -4.9100275E+00   -6.4486949E+00   -6.6252485E+00   -1.4683591E+01   -1.4000000E+01   -1.4000013E+01   -4.2173953E+00   -1.4000000E+01   -3.9515586E+00   -3.0000000E+01   -3.0718552E+00   -7.7342939E+00   -8.8441286E+00   -7.5904582E+00   -1.0231445E+01   -1.1003112E+01   -1.8533892E+01   -2.7118108E+01   -8.5177119E+00   -7.5598319E+00   -9.4295116E+00   -1.2124165E+01   -7.0308976E+00   -1.0827500E+01   -6.7154588E+00
    7.2900000E+00    5.9373963E+00   -5.9242274E+00   -3.9999999E+00   -3.8744132E+00   -4.1540232E+00   -4.9233205E+00   -8.1223612E+00   -3.6306687E+00   -2.5750279E+00   -4.9865657E+00   -6.4486954E+00   -6.6107144E+00   -1.4693196E+01   -1.4000000E+01   -1.4000013E+01   -4.2067112E+00   -1.4000000E+01   -3.9073650E+00   -3.0000000E+01   -3.0672703E+00   -7.7487303E+00   -8.8516364E+00   -7.6080666E+00   -1.0213729E+01   -1.1009675E+01   -1.8520134E+01   -2.7128821E+01   -8.5141485E+00   -7.5514903E+00   -9.4074079E+00   -1.2126533E+01   -7.0121589E+00   -1.0809809E+01   -6.7013316E+00
    7.4700000E+00    5.9409632E+00   -5.9277056E+00   -3.9999999E+00   -3.8649652E+00   -4.1445535E+00   -4.9269050E+00   -8.1430667E+00   -3.6226085E+00   -2.5741808E+00   -5.0655108E+00   -6.4486958E+00   -6.5964099E+00   -1.4703117E+01   -1.4000000E+01   -1.4000013E+01   -4.1963252E+00   -1.4000000E+01   -3.8638647E+00   -3.0000000E+01   -3.0627582E+00   -7.7630068E+00   -8.8587792E+00   -7.6256213E+00   -1.0196136E+01   -1.1016445E+01   -1.8506595E+01   -2.7139837E+01   -8.5104839E+00   -7.5431228E+00   -9.3854978E+00   -1.2129177E+01   -6.9937176E+00   -1.0792379E+01   -6.6875664E+00
    7.6500000E+00    5.9446363E+00   -5.9312912E+00   -3.9999999E+00   -3.8557965E+00   -4.1353182E+00   -4.9306108E+00   -8.1638533E+00   -3.6148436E+00   -2.5735102E+00   -5.1462890E+00   -6.4486963E+00   -6.5823586E+00   -1.4713366E+01   -1.4000000E+01   -1.4000014E+01   -4.1862233E+00   -1.4000000E+01   -3.8212848E+00   -3.0000000E+01   -3.0583176E+00   -7.7771423E+00   -8.8655685E+00   -7.6431451E+00   -1.0178686E+01   -1.1023431E+01   -1.8493300E+01   -2.7151165E+01   -8.5067143E+00   -7.5347244E+00   -9.3638000E+00   -1.2132103E+01   -6.9755960E+00   -1.0775192E+01   -6.6741497E+00
    7.8300000E+00    5.9484235E+00   -5.9349921E+00   -3.9999999E+00   -3.8468957E+00   -4.1263076E+00   -4.9344367E+00   -8.1847606E+00   -3.6073616E+00   -2.5730227E+00   -5.2279332E+00   -6.4486967E+00   -6.5685820E+00   -1.4723966E+01   -1.4000000E+01   -1.4000014E+01   -4.1763922E+00   -1.4000000E+01   -3.7798508E+00   -3.0000000E+01   -3.0539474E+00   -7.7911610E+00   -8.8720129E+00   -7.6606699E+00   -1.0161393E+01   -1.1030648E+01   -1.8480269E+01   -2.7162830E+01   -8.5028318E+00   -7.5262858E+00   -9.3423270E+00   -1.2135325E+01   -6.9578146E+00   -1.0758228E+01   -6.6610687E+00
    8.0100000E+00    5.9523432E+00   -5.9388267E+00   -3.9999999E+00   -3.8382519E+00   -4.1175133E+00   -4.9383721E+00   -8.2058651E+00   -3.6001515E+00   -2.5727358E+00   -5.3088799E+00   -6.4486972E+00   -6.5550987E+00   -1.4734970E+01   -1.4000000E+01   -1.4000015E+01   -4.1668204E+00   -1.4000000E+01   -3.7398325E+00   -3.0000000E+01   -3.0496465E+00   -7.8051026E+00   -8.8781150E+00   -7.6782536E+00   -1.0144258E+01   -1.1038132E+01   -1.8467523E+01   -2.7174886E+01   -8.4988181E+00   -7.5177876E+00   -9.3210781E+00   -1.2138879E+01   -6.9403911E+00   -1.0741457E+01   -6.6483114E+00
    8.1900000E+00    5.9565301E+00   -5.9429293E+00   -3.9999999E+00   -3.8292580E+00   -4.1093126E+00   -4.9323273E+00   -8.2303634E+00   -3.5933061E+00   -2.5726890E+00   -5.3872993E+00   -6.4486977E+00   -6.5407674E+00   -1.4746789E+01   -1.4000000E+01   -1.4000015E+01   -4.1579301E+00   -1.4000000E+01   -3.7571390E+00   -3.0000000E+01   -3.0453192E+00   -7.8218972E+00   -8.8865358E+00   -7.6989601E+00   -1.0126005E+01   -1.1046159E+01   -1.8453921E+01   -2.7187746E+01   -8.4945379E+00   -7.5089984E+00   -9.2986836E+00   -1.2142947E+01   -6.9220899E+00   -1.0724041E+01   -6.6351762E+00
    8.3700000E+00    5.9608119E+00   -5.9471280E+00   -3.9999999E+00   -3.8205321E+00   -4.1013245E+00   -4.9264319E+00   -8.2526143E+00   -3.5867376E+00   -2.5728077E+00   -5.4630075E+00   -6.4486982E+00   -6.5268365E+00   -1.4758893E+01   -1.4000000E+01   -1.4000016E+01   -4.1492424E+00   -1.4000000E+01   -3.7715235E+00   -3.0000000E+01   -3.0410638E+00   -7.8362451E+00   -8.8923201E+00   -7.7173185E+00   -1.0108053E+01   -1.1054370E+01   -1.8440710E+01   -2.7200876E+01   -8.4901641E+00   -7.5001898E+00   -9.2766603E+00   -1.2147264E+01   -6.9042562E+00   -1.0706869E+01   -6.6223783E+00
    8.5500000E+00    5.9651481E+00   -5.9513823E+00   -3.9999999E+00   -3.8120622E+00   -4.0935378E+00   -4.9206832E+00   -8.2747979E+00   -3.5804342E+00   -2.5730500E+00   -5.5348106E+00   -6.4486986E+00   -6.5133029E+00   -1.4771168E+01   -1.4000000E+01   -1.4000016E+01   -4.1407517E+00   -1.4000000E+01   -3.7835536E+00   -3.0000000E+01   -3.0368788E+00   -7.8504076E+00   -8.8978101E+00   -7.7355496E+00   -1.0090441E+01   -1.1062693E+01   -1.8427887E+01   -2.7214165E+01   -8.4857371E+00   -7.4914009E+00   -9.2550441E+00   -1.2151760E+01   -6.8868852E+00   -1.0689968E+01   -6.6099043E+00
    8.7300000E+00    5.9695081E+00   -5.9556615E+00   -3.9999999E+00   -3.8038366E+00   -4.0859409E+00   -4.9150734E+00   -8.2968320E+00   -3.5743836E+00   -2.5733834E+00   -5.6016468E+00   -6.4486991E+00   -6.5001607E+00   -1.4783524E+01   -1.4000000E+01   -1.4000016E+01   -4.1324534E+00   -1.4000000E+01   -3.7937046E+00   -3.0000000E+01   -3.0327624E+00   -7.8643640E+00   -8.9030466E+00   -7.7536018E+00   -1.0073193E+01   -1.1071067E+01   -1.8415445E+01   -2.7227519E+01   -8.4812877E+00   -7.4826606E+00   -9.2338584E+00   -1.2156370E+01   -6.8699696E+00   -1.0673355E+01   -6.5977409E+00
    8.9100000E+00    5.9738677E+00   -5.9599414E+00   -3.9999999E+00   -3.7958441E+00   -4.0785235E+00   -4.9095789E+00   -8.3186195E+00   -3.5685729E+00   -2.5737820E+00   -5.6620558E+00   -6.4486996E+00   -6.4874029E+00   -1.4795887E+01   -1.4000000E+01   -1.4000017E+01   -4.1243430E+00   -1.4000000E+01   -3.8023810E+00   -3.0000000E+01   -3.0287127E+00   -7.8780654E+00   -8.9080287E+00   -7.7714024E+00   -1.0056327E+01   -1.1079443E+01   -1.8403379E+01   -2.7240867E+01   -8.4768397E+00   -7.4739907E+00   -9.2131183E+00   -1.2161045E+01   -6.8535004E+00   -1.0657040E+01   -6.5858747E+00
    9.0900000E+00    5.9782078E+00   -5.9642029E+00   -3.9999999E+00   -3.7880736E+00   -4.0712752E+00   -4.9041834E+00   -8.3400850E+00   -3.5629892E+00   -2.5742244E+00   -5.7141857E+00   -6.4487001E+00   -6.4750220E+00   -1.4808200E+01   -1.4000000E+01   -1.4000017E+01   -4.1164151E+00   -1.4000000E+01   -3.8099334E+00   -3.0000000E+01   -3.0247275E+00   -7.8914755E+00   -8.9127586E+00   -7.7888954E+00   -1.0039853E+01   -1.1087784E+01   -1.8391680E+01   -2.7254152E+01   -8.4724124E+00   -7.4654084E+00   -9.1928334E+00   -1.2165743E+01   -6.8374682E+00   -1.0641031E+01   -6.5742929E+00
    9.2700000E+00    5.9825117E+00   -5.9684293E+00   -3.9999999E+00   -3.7805146E+00   -4.0641871E+00   -4.8988903E+00   -8.3612219E+00   -3.5576214E+00   -2.5746922E+00   -5.7558939E+00   -6.4487006E+00   -6.4630104E+00   -1.4820413E+01   -1.4000000E+01   -1.4000018E+01   -4.1086640E+00   -1.4000000E+01   -3.8166732E+00   -3.0000000E+01   -3.0208051E+00   -7.9046208E+00   -8.9172962E+00   -7.8060908E+00   -1.0023782E+01   -1.1096055E+01   -1.8380342E+01   -2.7267324E+01   -8.4680224E+00   -7.4569282E+00   -9.1730114E+00   -1.2170431E+01   -6.8218637E+00   -1.0625331E+01   -6.5629832E+00
    9.4500000E+00    5.9867649E+00   -5.9726060E+00   -3.9999999E+00   -3.7731572E+00   -4.0572508E+00   -4.8937022E+00   -8.3819874E+00   -3.5524594E+00   -2.5751691E+00   -5.7849846E+00   -6.4487011E+00   -6.4513618E+00   -1.4832481E+01   -1.4000000E+01   -1.4000018E+01   -4.1010836E+00   -1.4000000E+01   -3.8228845E+00   -3.0000000E+01   -3.0169435E+00   -7.9174880E+00   -8.9216569E+00   -7.8229607E+00   -1.0008121E+01   -1.1104227E+01   -1.8369358E+01   -2.7280339E+01   -8.4636842E+00   -7.4485628E+00   -9.1536584E+00   -1.2175077E+01   -6.8066786E+00   -1.0609943E+01   -6.5519336E+00
    9.6300000E+00    5.9909542E+00   -5.9767197E+00   -3.9999999E+00   -3.7659917E+00   -4.0504589E+00   -4.8886210E+00   -8.4023427E+00   -3.5474930E+00   -2.5756400E+00   -5.7995822E+00   -6.4487017E+00   -6.4400707E+00   -1.4844365E+01   -1.4000000E+01   -1.4000019E+01   -4.0936677E+00   -1.4000000E+01   -3.8288346E+00   -3.0000000E+01   -3.0131408E+00   -7.9300650E+00   -8.9258553E+00   -7.8394795E+00   -9.9928789E+00   -1.1112275E+01   -1.8358724E+01   -2.7293157E+01   -8.4594110E+00   -7.4403234E+00   -9.1347808E+00   -1.2179652E+01   -6.7919060E+00   -1.0594868E+01   -6.5411328E+00
    9.8100000E+00    5.9950670E+00   -5.9807579E+00   -3.9999999E+00   -3.7590090E+00   -4.0438048E+00   -4.8836486E+00   -8.4222509E+00   -3.5427128E+00   -2.5760904E+00   -5.7985532E+00   -6.4487022E+00   -6.4291338E+00   -1.4856026E+01   -1.4000000E+01   -1.4000019E+01   -4.0864100E+00   -1.4000000E+01   -3.8347844E+00   -3.0000000E+01   -3.0093953E+00   -7.9423402E+00   -8.9299050E+00   -7.8556230E+00   -9.9780643E+00   -1.1120172E+01   -1.8348435E+01   -2.7305741E+01   -8.4552153E+00   -7.4322207E+00   -9.1163860E+00   -1.2184130E+01   -6.7775408E+00   -1.0580109E+01   -6.5305698E+00
    9.9900000E+00    5.9990909E+00   -5.9847082E+00   -3.9999999E+00   -3.7522002E+00   -4.0372824E+00   -4.8787861E+00   -8.4416757E+00   -3.5381096E+00   -2.5765063E+00   -5.7818144E+00   -6.4487027E+00   -6.4185499E+00   -1.4867428E+01   -1.4000000E+01   -1.4000020E+01   -4.0793037E+00   -1.4000000E+01   -3.8409970E+00   -3.0000000E+01   -3.0057050E+00   -7.9543022E+00   -8.9338192E+00   -7.8713675E+00   -9.9636887E+00   -1.1127893E+01   -1.8338492E+01   -2.7318054E+01   -8.4511095E+00   -7.4242650E+00   -9.0984834E+00   -1.2188483E+01   -6.7635799E+00   -1.0565668E+01   -6.5202342E+00
    1.0170000E+01    6.0030138E+00   -5.9885583E+00   -3.9999999E+00   -3.7455570E+00   -4.0308866E+00   -4.8740347E+00   -8.4605806E+00   -3.5336745E+00   -2.5768736E+00   -5.7503782E+00   -6.4487033E+00   -6.4083207E+00   -1.4878532E+01   -1.4000000E+01   -1.4000020E+01   -4.0723423E+00   -1.4000000E+01   -3.8477470E+00   -3.0000000E+01   -3.0020682E+00   -7.9659393E+00   -8.9376106E+00   -7.8866888E+00   -9.9497660E+00   -1.1135413E+01   -1.8328896E+01   -2.7330058E+01   -8.4471056E+00   -7.4164667E+00   -9.0810854E+00   -1.2192686E+01   -6.7500235E+00   -1.0551545E+01   -6.5101156E+00
    1.0350000E+01    6.0068232E+00   -5.9922959E+00   -3.9999999E+00   -3.7390712E+00   -4.0246126E+00   -4.8693952E+00   -8.4789285E+00   -3.5293989E+00   -2.5771783E+00   -5.7061136E+00   -6.4487038E+00   -6.3984513E+00   -1.4889301E+01   -1.4000000E+01   -1.4000021E+01   -4.0655187E+00   -1.4000000E+01   -3.8553295E+00   -3.0000000E+01   -2.9984830E+00   -7.9772392E+00   -8.9412915E+00   -7.9015624E+00   -9.9363138E+00   -1.1142708E+01   -1.8319652E+01   -2.7341717E+01   -8.4432161E+00   -7.4088362E+00   -9.0642076E+00   -1.2196710E+01   -6.7368748E+00   -1.0537744E+01   -6.5002042E+00
    1.0530000E+01    6.0105071E+00   -5.9959088E+00   -3.9999999E+00   -3.7327353E+00   -4.0184565E+00   -4.8648682E+00   -8.4966824E+00   -3.5252748E+00   -2.5774063E+00   -5.6513454E+00   -6.4487044E+00   -6.3889508E+00   -1.4899697E+01   -1.4000000E+01   -1.4000021E+01   -4.0588259E+00   -1.4000000E+01   -3.8640688E+00   -3.0000000E+01   -2.9949477E+00   -7.9881897E+00   -8.9448742E+00   -7.9159635E+00   -9.9233535E+00   -1.1149751E+01   -1.8310770E+01   -2.7352993E+01   -8.4394531E+00   -7.4013837E+00   -9.0478697E+00   -1.2200530E+01   -6.7241414E+00   -1.0524267E+01   -6.4904907E+00
    1.0710000E+01    6.0140535E+00   -5.9993849E+00   -3.9999999E+00   -3.7265416E+00   -4.0124147E+00   -4.8604543E+00   -8.5138060E+00   -3.5212942E+00   -2.5775439E+00   -5.5884607E+00   -6.4487050E+00   -6.3798328E+00   -1.4909685E+01   -1.4000000E+01   -1.4000021E+01   -4.0522567E+00   -1.4000000E+01   -3.8743276E+00   -3.0000000E+01   -2.9914603E+00   -7.9987784E+00   -8.9483702E+00   -7.9298679E+00   -9.9109107E+00   -1.1156520E+01   -1.8302264E+01   -2.7363850E+01   -8.4358284E+00   -7.3941193E+00   -9.0320957E+00   -1.2204119E+01   -6.7118352E+00   -1.0511117E+01   -6.4809658E+00
    1.0890000E+01    6.0174513E+00   -6.0027133E+00   -3.9999999E+00   -3.7204832E+00   -4.0064844E+00   -4.8561536E+00   -8.5302659E+00   -3.5174495E+00   -2.5775784E+00   -5.5196385E+00   -6.4487055E+00   -6.3711164E+00   -1.4919229E+01   -1.4000000E+01   -1.4000022E+01   -4.0458037E+00   -1.4000000E+01   -3.8865160E+00   -3.0000000E+01   -2.9880193E+00   -8.0089943E+00   -8.9517905E+00   -7.9432534E+00   -9.8990158E+00   -1.1162989E+01   -1.8294153E+01   -2.7374254E+01   -8.4323531E+00   -7.3870522E+00   -9.0169142E+00   -1.2207453E+01   -6.6999737E+00   -1.0498296E+01   -6.4716208E+00
    1.1070000E+01    6.0206910E+00   -6.0058843E+00   -3.9999999E+00   -3.7145530E+00   -4.0006630E+00   -4.8519664E+00   -8.5460337E+00   -3.5137332E+00   -2.5774986E+00   -5.4467213E+00   -6.4487061E+00   -6.3628270E+00   -1.4928300E+01   -1.4000000E+01   -1.4000022E+01   -4.0394596E+00   -1.4000000E+01   -3.9011000E+00   -3.0000000E+01   -2.9846228E+00   -8.0188284E+00   -8.9551451E+00   -7.9561013E+00   -9.8877036E+00   -1.1169140E+01   -1.8286463E+01   -2.7384176E+01   -8.4290368E+00   -7.3801902E+00   -9.0023583E+00   -1.2210509E+01   -6.6885806E+00   -1.0485806E+01   -6.4624470E+00
    1.1250000E+01    6.0237654E+00   -6.0088908E+00   -3.9999999E+00   -3.7087447E+00   -3.9949481E+00   -4.8478927E+00   -8.5610894E+00   -3.5101383E+00   -2.5772956E+00   -5.3711972E+00   -6.4487067E+00   -6.3549967E+00   -1.4936874E+01   -1.4000000E+01   -1.4000023E+01   -4.0332172E+00   -1.4000000E+01   -3.9186088E+00   -3.0000000E+01   -2.9812692E+00   -8.0282751E+00   -8.9584430E+00   -7.9683989E+00   -9.8770135E+00   -1.1174957E+01   -1.8279226E+01   -2.7393592E+01   -8.4258864E+00   -7.3735386E+00   -8.9884659E+00   -1.2213271E+01   -6.6776864E+00   -1.0473645E+01   -6.4534363E+00
    1.1430000E+01    6.0266706E+00   -6.0117287E+00   -3.9999999E+00   -3.7030519E+00   -3.9893377E+00   -4.8439324E+00   -8.5754240E+00   -3.5066581E+00   -2.5769638E+00   -5.2942405E+00   -6.4487074E+00   -6.3476652E+00   -1.4944940E+01   -1.4000000E+01   -1.4000023E+01   -4.0270698E+00   -1.4000000E+01   -3.9396413E+00   -3.0000000E+01   -2.9779568E+00   -8.0373337E+00   -8.9616913E+00   -7.9801413E+00   -9.8669893E+00   -1.1180430E+01   -1.8272481E+01   -2.7402491E+01   -8.4229061E+00   -7.3670996E+00   -8.9752792E+00   -1.2215727E+01   -6.6673294E+00   -1.0461809E+01   -6.4445810E+00
    1.1610000E+01    6.0294064E+00   -6.0143979E+00   -3.9999999E+00   -3.6974689E+00   -3.9838296E+00   -4.8400854E+00   -8.5890422E+00   -3.5032862E+00   -2.5765016E+00   -5.2167759E+00   -6.4487080E+00   -6.3408804E+00   -1.4952494E+01   -1.4000000E+01   -1.4000023E+01   -4.0210109E+00   -1.4000000E+01   -3.9648685E+00   -3.0000000E+01   -2.9746841E+00   -8.0460094E+00   -8.9648954E+00   -7.9913335E+00   -9.8576792E+00   -1.1185558E+01   -1.8266278E+01   -2.7410871E+01   -8.4200959E+00   -7.3608719E+00   -8.9628448E+00   -1.2217876E+01   -6.6575560E+00   -1.0450291E+01   -6.4358737E+00
    1.1790000E+01    6.0319763E+00   -6.0169018E+00   -3.9999999E+00   -3.6919901E+00   -3.9784215E+00   -4.8363512E+00   -8.6019613E+00   -3.5000167E+00   -2.5759111E+00   -5.1395408E+00   -6.4487086E+00   -6.3346989E+00   -1.4959545E+01   -1.4000000E+01   -1.4000024E+01   -4.0150348E+00   -1.4000000E+01   -3.9950331E+00   -3.0000000E+01   -2.9714496E+00   -8.0543126E+00   -8.9680588E+00   -8.0019893E+00   -9.8491363E+00   -1.1190346E+01   -1.8260673E+01   -2.7418740E+01   -8.4174522E+00   -7.3548503E+00   -8.9512146E+00   -1.2219720E+01   -6.6484216E+00   -1.0439081E+01   -6.4273075E+00
    1.1970000E+01    6.0343859E+00   -6.0192461E+00   -3.9999999E+00   -3.6866103E+00   -3.9731109E+00   -4.8327296E+00   -8.6142058E+00   -3.4968439E+00   -2.5751965E+00   -5.0631377E+00   -6.4487093E+00   -6.3291860E+00   -1.4966109E+01   -1.4000000E+01   -1.3999990E+01   -4.0091366E+00   -1.4000000E+01   -4.0309433E+00   -3.0000000E+01   -2.9682520E+00   -8.0622569E+00   -8.9711840E+00   -8.0121279E+00   -9.8414204E+00   -1.1194804E+01   -1.8255697E+01   -2.7426079E+01   -8.4149695E+00   -7.3490278E+00   -8.9404468E+00   -1.2221268E+01   -6.6399900E+00   -1.0428166E+01   -6.4188759E+00
    1.2150000E+01    6.0366386E+00   -6.0214341E+00   -3.9999999E+00   -3.6813248E+00   -3.9678949E+00   -4.8292199E+00   -8.6257925E+00   -3.4937625E+00   -2.5743600E+00   -4.9880723E+00   -6.4487100E+00   -6.3244151E+00   -1.4972195E+01   -1.4000000E+01   -1.3962911E+01   -4.0033121E+00   -1.4000000E+01   -4.0734600E+00   -3.0000000E+01   -2.9650900E+00   -8.0698524E+00   -8.9742739E+00   -8.0217627E+00   -9.8346015E+00   -1.1198938E+01   -1.8214412E+01   -2.7395888E+01   -8.4126442E+00   -7.3433996E+00   -8.9306104E+00   -1.2222524E+01   -6.6323335E+00   -1.0417538E+01   -6.4105729E+00
    1.2330000E+01    6.0387263E+00   -6.0234576E+00   -3.9999999E+00   -3.6761326E+00   -3.9627712E+00   -4.8258210E+00   -8.6366941E+00   -3.4907698E+00   -2.5733934E+00   -4.9147783E+00   -6.4487106E+00   -6.3204651E+00   -1.4977776E+01   -1.4000000E+01   -1.1990399E+01   -3.9975596E+00   -1.4000000E+01   -4.1234763E+00   -3.0000000E+01   -2.9619635E+00   -8.0770880E+00   -8.9773341E+00   -8.0308745E+00   -9.8287666E+00   -1.1202729E+01   -1.6238512E+01   -2.5429753E+01   -8.4104847E+00   -7.3379739E+00   -8.9217923E+00   -1.2223472E+01   -6.6255310E+00   -1.0407202E+01   -6.4023975E+00
    1.2510000E+01    6.0392402E+00   -6.0239341E+00   -3.9999999E+00   -3.6752155E+00   -3.9592317E+00   -4.8218713E+00   -8.8629045E+00   -3.4905314E+00   -2.5722551E+00   -4.8432291E+00   -6.4487109E+00   -6.3153021E+00   -1.4978737E+01   -1.4000000E+01   -8.9377406E+00   -3.9934687E+00   -1.4000000E+01   -4.1814274E+00   -3.0000000E+01   -2.9602692E+00   -8.3025676E+00   -9.2017860E+00   -8.2567446E+00   -9.8232080E+00   -1.1203351E+01   -1.3181017E+01   -2.2378520E+01   -8.4099289E+00   -7.3356423E+00   -8.9146229E+00   -1.2222564E+01   -6.6188334E+00   -1.0404118E+01   -6.3998696E+00
    1.2690000E+01    6.0398084E+00   -6.0244649E+00   -3.9999999E+00   -3.6743013E+00   -3.9557308E+00   -4.8179431E+00   -8.8690703E+00   -3.4902819E+00   -2.5711741E+00   -4.7786999E+00   -6.4487112E+00   -6.3110504E+00   -1.4979960E+01   -1.4000000E+01   -8.6034586E+00   -3.9894080E+00   -1.4000000E+01   -4.2479698E+00   -3.0000000E+01   -2.9585780E+00   -8.3078938E+00   -9.2059758E+00   -8.2625157E+00   -9.8185063E+00   -1.1204178E+01   -1.2842810E+01   -2.2045923E+01   -8.4093188E+00   -7.3332596E+00   -8.9083135E+00   -1.2221865E+01   -6.6130502E+00   -1.0400986E+01   -6.3973477E+00
    1.2870000E+01    6.0404662E+00   -6.0250856E+00   -3.9999999E+00   -3.6733902E+00   -3.9522680E+00   -4.8140633E+00   -8.8720943E+00   -3.4900354E+00   -2.5701917E+00   -4.7200716E+00   -6.4487115E+00   -6.3077249E+00   -1.4981445E+01   -1.4000000E+01   -8.3954372E+00   -3.9853794E+00   -1.4000000E+01   -4.3232139E+00   -3.0000000E+01   -2.9568959E+00   -8.3098976E+00   -9.2066640E+00   -8.2650545E+00   -9.8146407E+00   -1.1205178E+01   -1.2631788E+01   -2.1839848E+01   -8.4086193E+00   -7.3307969E+00   -8.9028490E+00   -1.2221347E+01   -6.6082016E+00   -1.0397777E+01   -6.3948376E+00
    1.3050000E+01    6.0412414E+00   -6.0258238E+00   -3.9999999E+00   -3.6724824E+00   -3.9488425E+00   -4.8102316E+00   -8.8754979E+00   -3.4897921E+00   -2.5693359E+00   -4.6663796E+00   -6.4487118E+00   -6.3053421E+00   -1.4983277E+01   -1.4000000E+01   -8.2398982E+00   -3.9813832E+00   -1.4000000E+01   -4.4071917E+00   -3.0000000E+01   -2.9552232E+00   -8.3120448E+00   -9.2072607E+00   -8.2678547E+00   -9.8115999E+00   -1.1206406E+01   -1.2474190E+01   -2.1686600E+01   -8.4078025E+00   -7.3282268E+00   -8.8982183E+00   -1.2221066E+01   -6.6043044E+00   -1.0394462E+01   -6.3923400E+00
    1.3230000E+01    6.0421510E+00   -6.0266965E+00   -3.9999999E+00   -3.6715783E+00   -3.9454536E+00   -4.8064475E+00   -8.8793838E+00   -3.4895525E+00   -2.5686240E+00   -4.6170095E+00   -6.4487121E+00   -6.3039164E+00   -1.4985507E+01   -1.4000000E+01   -8.1136812E+00   -3.9774199E+00   -1.4000000E+01   -4.4998168E+00   -3.0000000E+01   -2.9535602E+00   -8.3144042E+00   -9.2078011E+00   -8.2710020E+00   -9.8093813E+00   -1.1207899E+01   -1.2346870E+01   -2.1563070E+01   -8.4068517E+00   -7.3255326E+00   -8.8944190E+00   -1.2221057E+01   -6.6013732E+00   -1.0391026E+01   -6.3898553E+00
    1.3410000E+01    6.0432010E+00   -6.0277099E+00   -3.9999999E+00   -3.6706781E+00   -3.9421007E+00   -4.8027103E+00   -8.8837753E+00   -3.4893169E+00   -2.5680621E+00   -4.5715436E+00   -6.4487124E+00   -6.3034578E+00   -1.4988157E+01   -1.4000000E+01   -8.0064590E+00   -3.9734902E+00   -1.4000000E+01   -4.6008482E+00   -3.0000000E+01   -2.9519070E+00   -8.3169867E+00   -9.2082835E+00   -8.2745134E+00   -9.8079886E+00   -1.1209668E+01   -1.2239510E+01   -2.1458953E+01   -8.4057605E+00   -7.3227082E+00   -8.8914552E+00   -1.2221336E+01   -6.5994181E+00   -1.0387463E+01   -6.3873839E+00
    1.3590000E+01    6.0443885E+00   -6.0288609E+00   -3.9999999E+00   -3.6697821E+00   -3.9387829E+00   -4.7990194E+00   -8.8886612E+00   -3.4890855E+00   -2.5676476E+00   -4.5296711E+00   -6.4487127E+00   -6.3039705E+00   -1.4991219E+01   -1.4000000E+01   -7.9127177E+00   -3.9695947E+00   -1.4000000E+01   -4.7098517E+00   -3.0000000E+01   -2.9502639E+00   -8.3197874E+00   -9.2087092E+00   -8.2783811E+00   -9.8074294E+00   -1.1211712E+01   -1.2146601E+01   -2.1368726E+01   -8.4045321E+00   -7.3197571E+00   -8.8893344E+00   -1.2221898E+01   -6.5984437E+00   -1.0383777E+01   -6.3849263E+00
    1.3770000E+01    6.0457029E+00   -6.0301390E+00   -3.9999999E+00   -3.6688905E+00   -3.9354993E+00   -4.7953742E+00   -8.8940038E+00   -3.4888588E+00   -2.5673699E+00   -4.4911373E+00   -6.4487130E+00   -6.3054523E+00   -1.4994664E+01   -1.4000000E+01   -7.8291603E+00   -3.9657341E+00   -1.4000000E+01   -4.8261551E+00   -3.0000000E+01   -2.9486309E+00   -8.3227892E+00   -9.2090821E+00   -8.2825775E+00   -9.8077116E+00   -1.1214011E+01   -1.2064843E+01   -2.1289064E+01   -8.4031769E+00   -7.3166897E+00   -8.8880649E+00   -1.2222724E+01   -6.5984477E+00   -1.0379979E+01   -6.3824829E+00
    1.3950000E+01    6.0471290E+00   -6.0315290E+00   -3.9999999E+00   -3.6680034E+00   -3.9322489E+00   -4.7917739E+00   -8.8997472E+00   -3.4886369E+00   -2.5672140E+00   -4.4557153E+00   -6.4487133E+00   -6.3078937E+00   -1.4998449E+01   -1.4000000E+01   -7.7536521E+00   -3.9619089E+00   -1.4000000E+01   -4.9487935E+00   -3.0000000E+01   -2.9470081E+00   -8.3259671E+00   -9.2094077E+00   -8.2870621E+00   -9.8088412E+00   -1.1216537E+01   -1.1992092E+01   -2.1217788E+01   -8.4017102E+00   -7.3135216E+00   -8.8876525E+00   -1.2223786E+01   -6.5994207E+00   -1.0376083E+01   -6.3800539E+00
    1.4130000E+01    6.0486488E+00   -6.0330129E+00   -3.9999999E+00   -3.6671211E+00   -3.9290308E+00   -4.7882181E+00   -8.9058261E+00   -3.4884201E+00   -2.5671618E+00   -4.4231914E+00   -6.4487137E+00   -6.3112778E+00   -1.5002521E+01   -1.4000000E+01   -7.6847252E+00   -3.9581197E+00   -1.4000000E+01   -5.0764403E+00   -3.0000000E+01   -2.9453956E+00   -8.3292914E+00   -9.2096925E+00   -8.2917875E+00   -9.8108192E+00   -1.1219255E+01   -1.1926864E+01   -2.1153378E+01   -8.4001501E+00   -7.3102706E+00   -8.8880984E+00   -1.2225051E+01   -6.6013458E+00   -1.0372108E+01   -6.3776395E+00
    1.4310000E+01    6.0502438E+00   -6.0345722E+00   -3.9999999E+00   -3.6662437E+00   -3.9258437E+00   -4.7847060E+00   -8.9121728E+00   -3.4882084E+00   -2.5671947E+00   -4.3933605E+00   -6.4487140E+00   -6.3155807E+00   -1.5006827E+01   -1.4000000E+01   -7.6213206E+00   -3.9543671E+00   -1.4000000E+01   -5.2073264E+00   -3.0000000E+01   -2.9437933E+00   -8.3327318E+00   -9.2099430E+00   -8.2967048E+00   -9.8136403E+00   -1.1222132E+01   -1.1868075E+01   -2.1094723E+01   -8.3985150E+00   -7.3069553E+00   -8.8893972E+00   -1.2226483E+01   -6.6041993E+00   -1.0368073E+01   -6.3752398E+00
    1.4490000E+01    6.0518964E+00   -6.0361893E+00   -3.9999999E+00   -3.6653713E+00   -3.9226866E+00   -4.7812371E+00   -8.9187237E+00   -3.4880020E+00   -2.5672953E+00   -4.3660246E+00   -6.4487143E+00   -6.3207722E+00   -1.5011317E+01   -1.4000000E+01   -7.5626434E+00   -3.9506513E+00   -1.4000000E+01   -5.3391650E+00   -3.0000000E+01   -2.9422012E+00   -8.3362594E+00   -9.2101654E+00   -8.3017676E+00   -9.8172916E+00   -1.1225134E+01   -1.1814901E+01   -2.1040976E+01   -8.3968225E+00   -7.3035931E+00   -8.8915360E+00   -1.2228050E+01   -6.6079507E+00   -1.0363995E+01   -6.3728549E+00
    1.4670000E+01    6.0535912E+00   -6.0378488E+00   -3.9999999E+00   -3.6645039E+00   -3.9195581E+00   -4.7778108E+00   -8.9254220E+00   -3.4878009E+00   -2.5674480E+00   -4.3409945E+00   -6.4487147E+00   -6.3268160E+00   -1.5015946E+01   -1.4000000E+01   -7.5080775E+00   -3.9469729E+00   -1.4000000E+01   -5.4691186E+00   -3.0000000E+01   -2.9406192E+00   -8.3398486E+00   -9.2103650E+00   -8.3069347E+00   -9.8217526E+00   -1.1228232E+01   -1.1766688E+01   -2.0991478E+01   -8.3950880E+00   -7.3001994E+00   -8.8944941E+00   -1.2229722E+01   -6.6125636E+00   -1.0359890E+01   -6.3704845E+00
    1.4850000E+01    6.0553151E+00   -6.0395376E+00   -3.9999999E+00   -3.6636415E+00   -3.9164573E+00   -4.7744265E+00   -8.9322202E+00   -3.4876052E+00   -2.5676394E+00   -4.3180923E+00   -6.4487151E+00   -6.3336710E+00   -1.5020676E+01   -1.4000000E+01   -7.4571324E+00   -3.9433320E+00   -1.4000000E+01   -5.5938757E+00   -3.0000000E+01   -2.9390470E+00   -8.3434778E+00   -9.2105464E+00   -8.3121716E+00   -9.8269950E+00   -1.1231400E+01   -1.1722906E+01   -2.0945698E+01   -8.3933246E+00   -7.2967871E+00   -8.8982430E+00   -1.2231473E+01   -6.6179969E+00   -1.0355771E+01   -6.3681287E+00
    1.5030000E+01    6.0570577E+00   -6.0412452E+00   -3.9999999E+00   -3.6627841E+00   -3.9133828E+00   -4.7710836E+00   -8.9390798E+00   -3.4874149E+00   -2.5678591E+00   -4.2971532E+00   -6.4487154E+00   -6.3412915E+00   -1.5025476E+01   -1.4000000E+01   -7.4094085E+00   -3.9397288E+00   -1.4000000E+01   -5.7099159E+00   -3.0000000E+01   -2.9374846E+00   -8.3471297E+00   -9.2107131E+00   -8.3174505E+00   -9.8329836E+00   -1.1234620E+01   -1.1683109E+01   -2.0903208E+01   -8.3915426E+00   -7.2933665E+00   -8.9027476E+00   -1.2233285E+01   -6.6242046E+00   -1.0351648E+01   -6.3657874E+00
    1.5210000E+01    6.0588109E+00   -6.0429637E+00   -3.9999999E+00   -3.6619318E+00   -3.9103335E+00   -4.7677815E+00   -8.9459714E+00   -3.4872298E+00   -2.5680988E+00   -4.2780267E+00   -6.4487158E+00   -6.3496280E+00   -1.5030323E+01   -1.4000000E+01   -7.3645744E+00   -3.9361635E+00   -1.4000000E+01   -5.8139953E+00   -3.0000000E+01   -2.9359318E+00   -8.3507910E+00   -9.2108680E+00   -8.3227498E+00   -9.8396771E+00   -1.1237874E+01   -1.1646917E+01   -2.0863653E+01   -8.3897503E+00   -7.2899454E+00   -8.9079663E+00   -1.2235140E+01   -6.6311372E+00   -1.0347528E+01   -6.3634602E+00
    1.5390000E+01    6.0605687E+00   -6.0446868E+00   -3.9999999E+00   -3.6610844E+00   -3.9073084E+00   -4.7645198E+00   -8.9528730E+00   -3.4870501E+00   -2.5683522E+00   -4.2605778E+00   -6.4487162E+00   -6.3586282E+00   -1.5035198E+01   -1.4000000E+01   -7.3223514E+00   -3.9326361E+00   -1.4000000E+01   -5.9037593E+00   -3.0000000E+01   -2.9343884E+00   -8.3544516E+00   -9.2110130E+00   -8.3280537E+00   -9.8470292E+00   -1.1241152E+01   -1.1613997E+01   -2.0826735E+01   -8.3879536E+00   -7.2865297E+00   -8.9138526E+00   -1.2237028E+01   -6.6387421E+00   -1.0343418E+01   -6.3611470E+00
    1.5570000E+01    6.0623267E+00   -6.0464105E+00   -3.9999999E+00   -3.6602420E+00   -3.9043064E+00   -4.7612978E+00   -8.9597685E+00   -3.4868756E+00   -2.5686149E+00   -4.2446863E+00   -6.4487166E+00   -6.3682369E+00   -1.5040090E+01   -1.4000000E+01   -7.2825020E+00   -3.9291466E+00   -1.4000000E+01   -5.9782366E+00   -3.0000000E+01   -2.9328542E+00   -8.3581043E+00   -9.2111497E+00   -8.3333505E+00   -9.8549889E+00   -1.1244445E+01   -1.1584058E+01   -2.0792204E+01   -8.3861569E+00   -7.2831235E+00   -8.9203553E+00   -1.2238939E+01   -6.6469639E+00   -1.0339322E+01   -6.3588476E+00
    1.5750000E+01    6.0640819E+00   -6.0481315E+00   -3.9999999E+00   -3.6594045E+00   -3.9013265E+00   -4.7581149E+00   -8.9666470E+00   -3.4867064E+00   -2.5688837E+00   -4.2302474E+00   -6.4487170E+00   -6.3783965E+00   -1.5044989E+01   -1.4000000E+01   -7.2448218E+00   -3.9256950E+00   -1.4000000E+01   -6.0379550E+00   -3.0000000E+01   -2.9313290E+00   -8.3617442E+00   -9.2112791E+00   -8.3386321E+00   -9.8635019E+00   -1.1247747E+01   -1.1556839E+01   -2.0759847E+01   -8.3843631E+00   -7.2797296E+00   -8.9274200E+00   -1.2240867E+01   -6.6557451E+00   -1.0335242E+01   -6.3565618E+00
    1.5930000E+01    6.0658323E+00   -6.0498478E+00   -3.9999999E+00   -3.6585719E+00   -3.8983678E+00   -4.7549707E+00   -8.9735008E+00   -3.4865422E+00   -2.5691563E+00   -4.2171697E+00   -6.4487175E+00   -6.3890479E+00   -1.5049887E+01   -1.4000000E+01   -7.2091341E+00   -3.9222811E+00   -1.4000000E+01   -6.0846177E+00   -3.0000000E+01   -2.9298127E+00   -8.3653676E+00   -9.2114018E+00   -8.3438931E+00   -9.8725109E+00   -1.1251053E+01   -1.1532101E+01   -2.0729481E+01   -8.3825743E+00   -7.2763501E+00   -8.9349891E+00   -1.2242807E+01   -6.6650261E+00   -1.0331180E+01   -6.3542894E+00
    1.6110000E+01    6.0675764E+00   -6.0515580E+00   -3.9999999E+00   -3.6577441E+00   -3.8954296E+00   -4.7518646E+00   -8.9803246E+00   -3.4863832E+00   -2.5694311E+00   -4.2053752E+00   -6.4487179E+00   -6.4001299E+00   -1.5054781E+01   -1.4000000E+01   -7.1752842E+00   -3.9189047E+00   -1.4000000E+01   -6.1205301E+00   -3.0000000E+01   -2.9283050E+00   -8.3689724E+00   -9.2115184E+00   -8.3491296E+00   -9.8819564E+00   -1.1254359E+01   -1.1509631E+01   -2.0700946E+01   -8.3807920E+00   -7.2729859E+00   -8.9430031E+00   -1.2244756E+01   -6.6747458E+00   -1.0327139E+01   -6.3520301E+00
    1.6290000E+01    6.0693132E+00   -6.0532611E+00   -3.9999999E+00   -3.6569211E+00   -3.8925109E+00   -4.7487960E+00   -8.9871149E+00   -3.4862291E+00   -2.5697069E+00   -4.1947977E+00   -6.4487184E+00   -6.4115803E+00   -1.5059667E+01   -1.4000000E+01   -7.1431368E+00   -3.9155656E+00   -1.4000000E+01   -6.1480540E+00   -3.0000000E+01   -2.9268058E+00   -8.3725569E+00   -9.2116292E+00   -8.3543391E+00   -9.8917769E+00   -1.1257664E+01   -1.1489230E+01   -2.0674103E+01   -8.3790171E+00   -7.2696380E+00   -8.9514002E+00   -1.2246711E+01   -6.6848416E+00   -1.0323117E+01   -6.3497837E+00
    1.6470000E+01    6.0710420E+00   -6.0549563E+00   -3.9999999E+00   -3.6561029E+00   -3.8896110E+00   -4.7457644E+00   -8.9938688E+00   -3.4860801E+00   -2.5699829E+00   -4.1853819E+00   -6.4487188E+00   -6.4233353E+00   -1.5064541E+01   -1.4000000E+01   -7.1125725E+00   -3.9122637E+00   -1.4000000E+01   -6.1692570E+00   -3.0000000E+01   -2.9253149E+00   -8.3761198E+00   -9.2117345E+00   -8.3595194E+00   -9.9019096E+00   -1.1260965E+01   -1.1470716E+01   -2.0648830E+01   -8.3772505E+00   -7.2663070E+00   -8.9601175E+00   -1.2248670E+01   -6.6952497E+00   -1.0319117E+01   -6.3475500E+00
    1.6650000E+01    6.0727620E+00   -6.0566429E+00   -3.9999999E+00   -3.6552893E+00   -3.8867291E+00   -4.7427693E+00   -9.0005833E+00   -3.4859359E+00   -2.5702580E+00   -4.1770826E+00   -6.4487193E+00   -6.4353303E+00   -1.5069401E+01   -1.4000000E+01   -7.0834856E+00   -3.9089987E+00   -1.4000000E+01   -6.1857731E+00   -3.0000000E+01   -2.9238322E+00   -8.3796598E+00   -9.2118345E+00   -8.3646686E+00   -9.9122907E+00   -1.1264259E+01   -1.1453918E+01   -2.0625018E+01   -8.3754928E+00   -7.2629934E+00   -8.9690910E+00   -1.2250630E+01   -6.7059052E+00   -1.0315138E+01   -6.3453288E+00
    1.6830000E+01    6.0744721E+00   -6.0583197E+00   -3.9999999E+00   -3.6544803E+00   -3.8838645E+00   -4.7398101E+00   -9.0072547E+00   -3.4857966E+00   -2.5705311E+00   -4.1698638E+00   -6.4487198E+00   -6.4474997E+00   -1.5074242E+01   -1.4000000E+01   -7.0557825E+00   -3.9057705E+00   -1.4000000E+01   -6.1988061E+00   -3.0000000E+01   -2.9223575E+00   -8.3831751E+00   -9.2119297E+00   -8.3697836E+00   -9.9228556E+00   -1.1267544E+01   -1.1438677E+01   -2.0602570E+01   -8.3737452E+00   -7.2596982E+00   -8.9782560E+00   -1.2252587E+01   -6.7167426E+00   -1.0311181E+01   -6.3431199E+00
    1.7010000E+01    6.0761706E+00   -6.0599851E+00   -3.9999999E+00   -3.6536759E+00   -3.8810164E+00   -4.7368862E+00   -9.0138767E+00   -3.4856620E+00   -2.5708002E+00   -4.1636979E+00   -6.4487203E+00   -6.4597773E+00   -1.5079059E+01   -1.4000000E+01   -7.0293799E+00   -3.9025789E+00   -1.4000000E+01   -6.2092004E+00   -3.0000000E+01   -2.9208906E+00   -8.3866631E+00   -9.2120206E+00   -8.3748601E+00   -9.9335398E+00   -1.1270815E+01   -1.1424843E+01   -2.0581396E+01   -8.3720093E+00   -7.2564229E+00   -8.9875478E+00   -1.2254539E+01   -6.7276954E+00   -1.0307248E+01   -6.3409231E+00
    1.7190000E+01    6.0778545E+00   -6.0616360E+00   -3.9999999E+00   -3.6528760E+00   -3.8781837E+00   -4.7339973E+00   -9.0204384E+00   -3.4855321E+00   -2.5710623E+00   -4.1585652E+00   -6.4487208E+00   -6.4720960E+00   -1.5083842E+01   -1.4000000E+01   -7.0042033E+00   -3.8994241E+00   -1.4000000E+01   -6.2175283E+00   -3.0000000E+01   -2.9194314E+00   -8.3901187E+00   -9.2121084E+00   -8.3798903E+00   -9.9442792E+00   -1.1274067E+01   -1.1412275E+01   -2.0561411E+01   -8.3702882E+00   -7.2531704E+00   -8.9969022E+00   -1.2256477E+01   -6.7386964E+00   -1.0303342E+01   -6.3387382E+00
    1.7370000E+01    6.0795187E+00   -6.0632673E+00   -3.9999999E+00   -3.6520806E+00   -3.8753653E+00   -4.7311427E+00   -9.0269206E+00   -3.4854068E+00   -2.5713119E+00   -4.1544537E+00   -6.4487213E+00   -6.4843880E+00   -1.5088574E+01   -1.4000000E+01   -6.9801864E+00   -3.8963061E+00   -1.4000000E+01   -6.2241674E+00   -3.0000000E+01   -2.9179797E+00   -8.3935333E+00   -9.2121948E+00   -8.3848601E+00   -9.9550113E+00   -1.1277286E+01   -1.1400839E+01   -2.0542535E+01   -8.3685870E+00   -7.2499456E+00   -9.0062564E+00   -1.2258391E+01   -6.7496775E+00   -1.0299467E+01   -6.3365650E+00
    1.7550000E+01    6.0811537E+00   -6.0648696E+00   -3.9999999E+00   -3.6512896E+00   -3.8725600E+00   -4.7283219E+00   -9.0332895E+00   -3.4852860E+00   -2.5715397E+00   -4.1513589E+00   -6.4487218E+00   -6.4965842E+00   -1.5093227E+01   -1.4000000E+01   -6.9572698E+00   -3.8932255E+00   -1.4000000E+01   -6.2293617E+00   -3.0000000E+01   -2.9165354E+00   -8.3968917E+00   -9.2122831E+00   -8.3897449E+00   -9.9656763E+00   -1.1280455E+01   -1.1390406E+01   -2.0524677E+01   -8.3669151E+00   -7.2467577E+00   -9.0155507E+00   -1.2260260E+01   -6.7605696E+00   -1.0295633E+01   -6.3344031E+00
    1.7730000E+01    6.0827430E+00   -6.0664264E+00   -3.9999999E+00   -3.6505028E+00   -3.8697662E+00   -4.7255346E+00   -9.0394845E+00   -3.4851696E+00   -2.5717288E+00   -4.1492833E+00   -6.4487224E+00   -6.5086139E+00   -1.5097750E+01   -1.4000000E+01   -6.9354005E+00   -3.8901826E+00   -1.4000000E+01   -6.2332653E+00   -3.0000000E+01   -2.9150982E+00   -8.4001664E+00   -9.2123792E+00   -8.3945009E+00   -9.9762200E+00   -1.1283540E+01   -1.1380852E+01   -2.0507736E+01   -8.3652890E+00   -7.2436231E+00   -9.0247305E+00   -1.2262052E+01   -6.7713019E+00   -1.0291857E+01   -6.3322524E+00
    1.7910000E+01    6.0842562E+00   -6.0679072E+00   -3.9999999E+00   -3.6497207E+00   -3.8669842E+00   -4.7227826E+00   -9.0453939E+00   -3.4850574E+00   -2.5718497E+00   -4.1482370E+00   -6.4487229E+00   -6.5203937E+00   -1.5102052E+01   -1.4000000E+01   -6.9145485E+00   -3.8871811E+00   -1.4000000E+01   -6.2359715E+00   -3.0000000E+01   -2.9136692E+00   -8.4033067E+00   -9.2124931E+00   -8.3990467E+00   -9.9865894E+00   -1.1286478E+01   -1.1372065E+01   -2.0491589E+01   -8.3637392E+00   -7.2405733E+00   -9.0337438E+00   -1.2263705E+01   -6.7817917E+00   -1.0288168E+01   -6.3301143E+00
