# Time          5.0000E+01
# Units: Log10 mol/kgw
    Distance      pH               H+               Li+              Na+              Ca++             K+               Al+++            SiO2(aq)         CO2(aq)          O2(aq)           Methane(aq)      Fe++             Fe+++            HS-              SO4--            Mg++             Cl-              CH2O             Tracer           HCO3-            Al(OH)2+         AlO2-            AlOH++           FeOH+            FeOH++           FeSO4(aq)        FeSO4+           OH-              CO3--            FeCO3(aq)        FeCO3+           FeHCO3+          NaCO3-           NaHCO3(aq)   
    9.0000000E-02    5.8138591E+00   -5.8070163E+00   -3.9999999E+00   -4.9565268E+00   -5.2299773E+00   -5.2243402E+00   -6.6835234E+00   -4.8060269E+00   -2.9889723E+00   -3.4641254E+00   -6.4486724E+00   -7.2365371E+00   -1.4104569E+01   -1.4000000E+01   -1.4000003E+01   -5.4160936E+00   -1.4000000E+01   -3.2723695E+00   -3.0000000E+01   -3.6115773E+00   -6.5066022E+00   -7.8565827E+00   -6.2625823E+00   -1.0943446E+01   -1.0514401E+01   -1.9092351E+01   -2.6462692E+01   -8.6444961E+00   -8.2395157E+00   -1.0667843E+01   -1.2148622E+01   -8.1558824E+00   -1.2553002E+01   -8.3141627E+00
    2.7000000E-01    5.8572684E+00   -5.8499589E+00   -3.9999999E+00   -4.7568108E+00   -4.9743431E+00   -5.1103021E+00   -7.0559039E+00   -4.5483656E+00   -2.9941477E+00   -3.4641520E+00   -6.4486747E+00   -7.1438584E+00   -1.4504884E+01   -1.4000000E+01   -1.4000004E+01   -5.1547153E+00   -1.4000000E+01   -3.2714674E+00   -3.0000000E+01   -3.5728514E+00   -6.7958846E+00   -8.0590467E+00   -6.5938124E+00   -1.0808793E+01   -1.0873565E+01   -1.9003559E+01   -2.6868687E+01   -8.6005954E+00   -8.1559190E+00   -1.0495445E+01   -1.2471011E+01   -8.0264011E+00   -1.2271640E+01   -8.0767020E+00
    4.5000000E-01    5.8966742E+00   -5.8889437E+00   -3.9999999E+00   -4.6304101E+00   -4.8277568E+00   -4.9762886E+00   -7.3502098E+00   -4.3984353E+00   -2.9992320E+00   -3.4641786E+00   -6.4486769E+00   -7.1057547E+00   -1.4618998E+01   -1.4000000E+01   -1.4000004E+01   -5.0091431E+00   -1.4000000E+01   -3.2705671E+00   -3.0000000E+01   -3.5380842E+00   -7.0147347E+00   -8.1990850E+00   -6.8507461E+00   -1.0732579E+01   -1.0950307E+01   -1.8968971E+01   -2.6987931E+01   -8.5607447E+00   -8.0804237E+00   -1.0385352E+01   -1.2514750E+01   -7.9552688E+00   -1.2071509E+01   -7.9164223E+00
    6.3000000E-01    5.9323363E+00   -5.9242289E+00   -3.9999999E+00   -4.5392889E+00   -4.7287560E+00   -4.8434917E+00   -7.5789497E+00   -4.2958225E+00   -3.0042152E+00   -3.4642051E+00   -6.4486790E+00   -7.1007937E+00   -1.4722337E+01   -1.4000000E+01   -1.4000004E+01   -4.9118387E+00   -1.4000000E+01   -3.2696688E+00   -3.0000000E+01   -3.5070054E+00   -7.1751536E+00   -8.2881797E+00   -7.0456406E+00   -1.0693118E+01   -1.1019801E+01   -1.8967164E+01   -2.7095866E+01   -8.5246833E+00   -8.0124963E+00   -1.0315609E+01   -1.2554749E+01   -7.9207878E+00   -1.1914044E+01   -7.7950194E+00
    8.1000000E-01    5.9648059E+00   -5.9563589E+00   -3.9999999E+00   -4.4687992E+00   -4.6557471E+00   -4.7232515E+00   -7.7686728E+00   -4.2195556E+00   -3.0091050E+00   -3.4642316E+00   -6.4486809E+00   -7.1179175E+00   -1.4816504E+01   -1.4000000E+01   -1.4000004E+01   -4.8405724E+00   -1.4000000E+01   -3.2687723E+00   -3.0000000E+01   -3.4790643E+00   -7.3026433E+00   -8.3507303E+00   -7.2045284E+00   -1.0678820E+01   -1.1083132E+01   -1.8987135E+01   -2.7194176E+01   -8.4918529E+00   -7.9510140E+00   -1.0274090E+01   -1.2591569E+01   -7.9113772E+00   -1.1783503E+01   -7.6973088E+00
    9.9000000E-01    5.9946085E+00   -5.9858520E+00   -3.9999999E+00   -4.4117831E+00   -4.5983954E+00   -4.6192209E+00   -7.9324684E+00   -4.1599093E+00   -3.0139153E+00   -3.4642580E+00   -6.4486827E+00   -7.1500404E+00   -1.4903008E+01   -1.4000000E+01   -1.4000004E+01   -4.7849156E+00   -1.4000000E+01   -3.2678776E+00   -3.0000000E+01   -3.4537418E+00   -7.4092994E+00   -8.3977812E+00   -7.3400085E+00   -1.0682096E+01   -1.1141322E+01   -1.9021858E+01   -2.7284460E+01   -8.4617207E+00   -7.8949104E+00   -1.0252702E+01   -1.2625743E+01   -7.9194616E+00   -1.1671689E+01   -7.6156282E+00
    1.1700000E+00    6.0221732E+00   -6.0131314E+00   -3.9999999E+00   -4.3642209E+00   -4.5510087E+00   -4.5310144E+00   -8.0774655E+00   -4.1116373E+00   -3.0186613E+00   -3.4642844E+00   -6.4486845E+00   -7.1919768E+00   -1.4983074E+01   -1.4000000E+01   -1.4000004E+01   -4.7391518E+00   -1.4000000E+01   -3.2669848E+00   -3.0000000E+01   -3.4306179E+00   -7.5014393E+00   -8.4347917E+00   -7.4588095E+00   -1.0697350E+01   -1.1195191E+01   -1.9066195E+01   -2.7368011E+01   -8.4338514E+00   -7.8433182E+00   -1.0245440E+01   -1.2657695E+01   -7.9394590E+00   -1.1573741E+01   -7.5455499E+00
    1.3500000E+00    6.0478440E+00   -6.0385367E+00   -3.9999999E+00   -4.3236345E+00   -4.5102645E+00   -4.4566276E+00   -8.2080780E+00   -4.0716045E+00   -3.0233584E+00   -3.4643108E+00   -6.4486861E+00   -7.2396958E+00   -1.5057676E+01   -1.4000000E+01   -1.4000003E+01   -4.6999483E+00   -1.4000000E+01   -3.2660938E+00   -3.0000000E+01   -3.4093597E+00   -7.5828249E+00   -8.4648357E+00   -7.5650234E+00   -1.0720220E+01   -1.1245395E+01   -1.9116152E+01   -2.7445860E+01   -8.4078966E+00   -7.7955466E+00   -1.0247619E+01   -1.2687765E+01   -7.9670241E+00   -1.1486508E+01   -7.4842721E+00
    1.5300000E+00    6.0718986E+00   -6.0623423E+00   -3.9999999E+00   -4.2883906E+00   -4.4741830E+00   -4.3936830E+00   -8.3272766E+00   -4.0377955E+00   -3.0280229E+00   -3.4643372E+00   -6.4486877E+00   -7.2900674E+00   -1.5127604E+01   -1.4000000E+01   -1.4000003E+01   -4.6653216E+00   -1.4000000E+01   -3.2652046E+00   -3.0000000E+01   -3.3897020E+00   -7.6558978E+00   -8.4897993E+00   -7.6613593E+00   -1.0747309E+01   -1.1292460E+01   -1.9168626E+01   -2.7518834E+01   -8.3835750E+00   -7.7510427E+00   -1.0255583E+01   -1.2716229E+01   -7.9987750E+00   -1.1407817E+01   -7.4299032E+00
    1.7100000E+00    6.0945649E+00   -6.0847735E+00   -3.9999999E+00   -4.2573577E+00   -4.4415670E+00   -4.3399741E+00   -8.4371824E+00   -4.0088410E+00   -3.0326715E+00   -3.4643636E+00   -6.4486893E+00   -7.3407818E+00   -1.5193507E+01   -1.4000000E+01   -1.4000002E+01   -4.6340757E+00   -1.4000000E+01   -3.2643173E+00   -3.0000000E+01   -3.3714314E+00   -7.7223425E+00   -8.5109114E+00   -7.7497221E+00   -1.0776086E+01   -1.1336819E+01   -1.9221327E+01   -2.7587613E+01   -8.3606564E+00   -7.7093576E+00   -1.0266593E+01   -1.2743317E+01   -8.0321984E+00   -1.1336098E+01   -7.3811033E+00
    1.8900000E+00    6.1160340E+00   -6.1060197E+00   -3.9999999E+00   -4.2297128E+00   -4.4116658E+00   -4.2936848E+00   -8.5393904E+00   -3.9837618E+00   -3.0373224E+00   -3.4643900E+00   -6.4486908E+00   -7.3903042E+00   -1.5255932E+01   -1.4000000E+01   -1.4000002E+01   -4.6054488E+00   -1.4000000E+01   -3.2633923E+00   -3.0000000E+01   -3.3543731E+00   -7.7833868E+00   -8.5290176E+00   -7.8315251E+00   -1.0804831E+01   -1.1378839E+01   -1.9272736E+01   -2.7652767E+01   -8.3389476E+00   -7.6701198E+00   -1.0278758E+01   -1.2769227E+01   -8.0655923E+00   -1.1270164E+01   -7.3368784E+00
    2.0700000E+00    6.1376264E+00   -6.1273619E+00   -3.9999999E+00   -4.1946298E+00   -4.3758021E+00   -4.2953384E+00   -8.5329647E+00   -3.9504449E+00   -3.0419638E+00   -3.4644167E+00   -6.4486926E+00   -7.4665030E+00   -1.5318794E+01   -1.4000000E+01   -1.4000002E+01   -4.5519521E+00   -1.4000000E+01   -3.2133196E+00   -3.0000000E+01   -3.3371518E+00   -7.7357683E+00   -8.4382142E+00   -7.8047001E+00   -1.0860215E+01   -1.1421303E+01   -1.9351056E+01   -2.7718696E+01   -8.3170856E+00   -7.6305073E+00   -1.0317458E+01   -1.2795536E+01   -8.1256149E+00   -1.1196535E+01   -7.2851122E+00
    2.2500000E+00    6.1579921E+00   -6.1474910E+00   -3.9999999E+00   -4.1635643E+00   -4.3433075E+00   -4.2971891E+00   -8.6356691E+00   -3.9217600E+00   -3.0464987E+00   -3.4644431E+00   -6.4486944E+00   -7.5293554E+00   -1.5377832E+01   -1.4000000E+01   -1.4000001E+01   -4.5053383E+00   -1.4000000E+01   -3.1684281E+00   -3.0000000E+01   -3.3210651E+00   -7.7996244E+00   -8.4613389E+00   -7.8881655E+00   -1.0903437E+01   -1.1461102E+01   -1.9415917E+01   -2.7780633E+01   -8.2964645E+00   -7.5932985E+00   -1.0345103E+01   -1.2820258E+01   -8.1733696E+00   -1.1129270E+01   -7.2384694E+00
    2.4300000E+00    6.1773155E+00   -6.1665898E+00   -3.9999999E+00   -4.1357591E+00   -4.3136254E+00   -4.2991802E+00   -8.7314450E+00   -3.8967285E+00   -3.0509619E+00   -3.4644697E+00   -6.4486962E+00   -7.5822403E+00   -1.5433821E+01   -1.4000000E+01   -1.4000001E+01   -4.4640965E+00   -1.4000000E+01   -3.1277452E+00   -3.0000000E+01   -3.3059614E+00   -7.8585416E+00   -8.4816093E+00   -7.9656868E+00   -1.0937698E+01   -1.1498836E+01   -1.9470711E+01   -2.7839378E+01   -8.2768982E+00   -7.5581520E+00   -1.0364744E+01   -1.2843849E+01   -8.2120910E+00   -1.1067279E+01   -7.1960452E+00
    2.6100000E+00    6.1957108E+00   -6.1847711E+00   -3.9999999E+00   -4.1106483E+00   -4.2863257E+00   -4.3012963E+00   -8.8210175E+00   -3.8746913E+00   -3.0553591E+00   -3.4644962E+00   -6.4486979E+00   -7.6280967E+00   -1.5487104E+01   -1.4000000E+01   -1.4000001E+01   -4.4271606E+00   -1.4000000E+01   -3.0905490E+00   -3.0000000E+01   -3.2917310E+00   -7.9130264E+00   -8.4993036E+00   -8.0378808E+00   -1.0965825E+01   -1.1534741E+01   -1.9518389E+01   -2.7895287E+01   -8.2582711E+00   -7.5248402E+00   -1.0379104E+01   -1.2866440E+01   -8.2446134E+00   -1.1009773E+01   -7.1571663E+00
    2.7900000E+00    6.2132748E+00   -6.2021307E+00   -3.9999999E+00   -4.0877978E+00   -4.2610686E+00   -4.3035237E+00   -8.9051960E+00   -3.8551480E+00   -3.0596953E+00   -3.4645228E+00   -6.4486996E+00   -7.6690897E+00   -1.5537970E+01   -1.4000000E+01   -1.4000001E+01   -4.3937495E+00   -1.4000000E+01   -3.0562888E+00   -3.0000000E+01   -3.2782809E+00   -7.9637031E+00   -8.5148524E+00   -8.1054654E+00   -1.0989891E+01   -1.1569012E+01   -1.9561124E+01   -2.7948661E+01   -8.2404855E+00   -7.4931701E+00   -1.0390162E+01   -1.2888137E+01   -8.2730131E+00   -1.0956128E+01   -7.1213081E+00
    2.9700000E+00    6.2300902E+00   -6.2187505E+00   -3.9999999E+00   -4.0668685E+00   -4.2375816E+00   -4.3058499E+00   -8.9846355E+00   -3.8377102E+00   -3.0639750E+00   -3.4645494E+00   -6.4487012E+00   -7.7066602E+00   -1.5586662E+01   -1.4000000E+01   -1.4000001E+01   -4.3632745E+00   -1.4000000E+01   -3.0245348E+00   -3.0000000E+01   -3.2655322E+00   -8.0110683E+00   -8.5285867E+00   -8.1690171E+00   -1.1011256E+01   -1.1601817E+01   -1.9600363E+01   -2.7999756E+01   -8.2234575E+00   -7.4629770E+00   -1.0399202E+01   -1.2909033E+01   -8.2986557E+00   -1.0905846E+01   -7.0880540E+00
    3.1500000E+00    6.2462283E+00   -6.2347009E+00   -3.9999999E+00   -4.0475900E+00   -4.2156429E+00   -4.3082635E+00   -9.0598737E+00   -3.8220711E+00   -3.0682025E+00   -3.4645760E+00   -6.4487028E+00   -7.7417157E+00   -1.5633391E+01   -1.4000000E+01   -1.4000001E+01   -4.3352811E+00   -1.4000000E+01   -2.9949451E+00   -3.0000000E+01   -3.2534168E+00   -8.0555236E+00   -8.5407657E+00   -8.2290063E+00   -1.1030759E+01   -1.1633296E+01   -1.9637022E+01   -2.8048791E+01   -8.2071152E+00   -7.4341194E+00   -1.0406997E+01   -1.2929204E+01   -8.3223842E+00   -1.0858516E+01   -7.0570675E+00
    3.3300000E+00    6.2617508E+00   -6.2500430E+00   -3.9999999E+00   -4.0297439E+00   -4.1950693E+00   -4.3107544E+00   -9.1313586E+00   -3.8079839E+00   -3.0723814E+00   -3.4646027E+00   -6.4487043E+00   -7.7748193E+00   -1.5678335E+01   -1.4000000E+01   -1.4000001E+01   -4.3094113E+00   -1.4000000E+01   -2.9672435E+00   -3.0000000E+01   -3.2418761E+00   -8.0973988E+00   -8.5515960E+00   -8.2858227E+00   -1.1048903E+01   -1.1663572E+01   -1.9671669E+01   -2.8095953E+01   -8.1913961E+00   -7.4064748E+00   -1.0413993E+01   -1.2948715E+01   -8.3447054E+00   -1.0813802E+01   -7.0280729E+00
    3.5100000E+00    6.2767114E+00   -6.2648298E+00   -3.9999999E+00   -4.0131516E+00   -4.1757079E+00   -4.3133135E+00   -9.1994679E+00   -3.7952479E+00   -3.0765151E+00   -3.4646294E+00   -6.4487059E+00   -7.8063274E+00   -1.5721653E+01   -1.4000000E+01   -1.4000001E+01   -4.2853784E+00   -1.4000000E+01   -2.9412034E+00   -3.0000000E+01   -3.2308591E+00   -8.1369691E+00   -8.5612451E+00   -8.3397930E+00   -1.1065994E+01   -1.1692751E+01   -1.9704664E+01   -2.8141407E+01   -8.1762460E+00   -7.3799368E+00   -1.0420445E+01   -1.2967626E+01   -8.3659275E+00   -1.0771420E+01   -7.0008417E+00
    3.6900000E+00    6.2911571E+00   -6.2791080E+00   -3.9999999E+00   -3.9976646E+00   -4.1574300E+00   -4.3159328E+00   -9.2645234E+00   -3.7836972E+00   -3.0806068E+00   -3.4646562E+00   -6.4487074E+00   -7.8364779E+00   -1.5763480E+01   -1.4000000E+01   -1.4000001E+01   -4.2629492E+00   -1.4000000E+01   -2.9166368E+00   -3.0000000E+01   -3.2203214E+00   -8.1744661E+00   -8.5698506E+00   -8.3911945E+00   -1.1082223E+01   -1.1720925E+01   -1.9736251E+01   -2.8185297E+01   -8.1616171E+00   -7.3544121E+00   -1.0426501E+01   -1.2985984E+01   -8.3862459E+00   -1.0731132E+01   -6.9751823E+00
    3.8700000E+00    6.3051296E+00   -6.2929185E+00   -3.9999999E+00   -3.9831590E+00   -4.1401262E+00   -4.3186049E+00   -9.3268017E+00   -3.7731940E+00   -3.0846592E+00   -3.4646830E+00   -6.4487089E+00   -7.8654404E+00   -1.5803939E+01   -1.4000000E+01   -1.4000001E+01   -4.2419317E+00   -1.4000000E+01   -2.8933857E+00   -3.0000000E+01   -3.2102238E+00   -8.2100872E+00   -8.5775268E+00   -8.4402647E+00   -1.1097719E+01   -1.1748175E+01   -1.9766603E+01   -2.8227747E+01   -8.1474676E+00   -7.3298187E+00   -1.0432253E+01   -1.3003836E+01   -8.4057928E+00   -1.0692732E+01   -6.9509323E+00
    4.0500000E+00    6.3186654E+00   -6.3062978E+00   -3.9999999E+00   -3.9695298E+00   -4.1237025E+00   -4.3213233E+00   -9.3865429E+00   -3.7636220E+00   -3.0886750E+00   -3.4647099E+00   -6.4487103E+00   -7.8933439E+00   -1.5843134E+01   -1.4000000E+01   -1.4000001E+01   -4.2221659E+00   -1.4000000E+01   -2.8713164E+00   -3.0000000E+01   -3.2005318E+00   -8.2440023E+00   -8.5843702E+00   -8.4872088E+00   -1.1112577E+01   -1.1774573E+01   -1.9795851E+01   -2.8268871E+01   -8.1337602E+00   -7.3060840E+00   -1.0437761E+01   -1.3021219E+01   -8.4246645E+00   -1.0656045E+01   -6.9279531E+00
    4.2300000E+00    6.3317973E+00   -6.3192779E+00   -3.9999999E+00   -3.9566877E+00   -4.1080779E+00   -4.3240822E+00   -9.4439564E+00   -3.7548827E+00   -3.0926565E+00   -3.4647369E+00   -6.4487117E+00   -7.9202919E+00   -1.5881162E+01   -1.4000000E+01   -1.4000000E+01   -4.2035172E+00   -1.4000000E+01   -2.8503145E+00   -3.0000000E+01   -3.1912146E+00   -8.2763585E+00   -8.5904627E+00   -8.5322054E+00   -1.1126868E+01   -1.1800184E+01   -1.9824102E+01   -2.8308766E+01   -8.1204620E+00   -7.2831435E+00   -1.0443067E+01   -1.3038169E+01   -8.4429353E+00   -1.0620918E+01   -6.9061256E+00
    4.4100000E+00    6.3445543E+00   -6.3318878E+00   -3.9999999E+00   -3.9445558E+00   -4.0931819E+00   -4.3268764E+00   -9.4992266E+00   -3.7468916E+00   -3.0966059E+00   -3.4647639E+00   -6.4487132E+00   -7.9463705E+00   -1.5918105E+01   -1.4000000E+01   -1.4000000E+01   -4.1858714E+00   -1.4000000E+01   -2.8302816E+00   -3.0000000E+01   -3.1822450E+00   -8.3072843E+00   -8.5958745E+00   -8.5754113E+00   -1.1140651E+01   -1.1825063E+01   -1.9851446E+01   -2.8347523E+01   -8.1075435E+00   -7.2609399E+00   -1.0448202E+01   -1.3054716E+01   -8.4606653E+00   -1.0587220E+01   -6.8853461E+00
    4.5900000E+00    6.3569627E+00   -6.3441534E+00   -3.9999999E+00   -3.9330678E+00   -4.0789528E+00   -4.3297012E+00   -9.5525164E+00   -3.7395761E+00   -3.1005252E+00   -3.4647909E+00   -6.4487145E+00   -7.9716531E+00   -1.5954042E+01   -1.4000000E+01   -1.4000000E+01   -4.1691306E+00   -1.4000000E+01   -2.8111322E+00   -3.0000000E+01   -3.1735985E+00   -8.3368929E+00   -8.6006663E+00   -8.6169648E+00   -1.1153972E+01   -1.1849263E+01   -1.9877959E+01   -2.8385219E+01   -8.0949782E+00   -7.2394216E+00   -1.0453190E+01   -1.3070889E+01   -8.4779047E+00   -1.0554833E+01   -6.8655247E+00
    4.7700000E+00    6.3690459E+00   -6.3560979E+00   -3.9999999E+00   -3.9221660E+00   -4.0653364E+00   -4.3325525E+00   -9.6039707E+00   -3.7328732E+00   -3.1044162E+00   -3.4648180E+00   -6.4487159E+00   -7.9962032E+00   -1.5989039E+01   -1.4000000E+01   -1.4000000E+01   -4.1532104E+00   -1.4000000E+01   -2.7927916E+00   -3.0000000E+01   -3.1652532E+00   -8.3652841E+00   -8.6048911E+00   -8.6569884E+00   -1.1166875E+01   -1.1872830E+01   -1.9903704E+01   -2.8421927E+01   -8.0827424E+00   -7.2185423E+00   -1.0458051E+01   -1.3086712E+01   -8.4946960E+00   -1.0523654E+01   -6.8465820E+00
    4.9500000E+00    6.3808252E+00   -6.3677422E+00   -3.9999999E+00   -3.9117999E+00   -4.0522848E+00   -4.3354265E+00   -9.6537190E+00   -3.7267278E+00   -3.1082807E+00   -3.4648452E+00   -6.4487173E+00   -8.0200765E+00   -1.6023158E+01   -1.4000000E+01   -1.4000000E+01   -4.1380377E+00   -1.4000000E+01   -2.7751943E+00   -3.0000000E+01   -3.1571893E+00   -8.3925468E+00   -8.6085952E+00   -8.6955917E+00   -1.1179392E+01   -1.1895804E+01   -1.9928742E+01   -2.8457711E+01   -8.0708144E+00   -7.1982602E+00   -1.0462801E+01   -1.3102208E+01   -8.5110761E+00   -1.0493591E+01   -6.8284483E+00
    5.1300000E+00    6.3923199E+00   -6.3791055E+00   -3.9999999E+00   -3.9019248E+00   -4.0397554E+00   -4.3383199E+00   -9.7018775E+00   -3.7210917E+00   -3.1121203E+00   -3.4648725E+00   -6.4487186E+00   -8.0433220E+00   -1.6056456E+01   -1.4000000E+01   -1.4000000E+01   -4.1235484E+00   -1.4000000E+01   -2.7582823E+00   -3.0000000E+01   -3.1493888E+00   -8.4187605E+00   -8.6118195E+00   -8.7328725E+00   -1.1191555E+01   -1.1918224E+01   -1.9953121E+01   -2.8492629E+01   -8.0591748E+00   -7.1785375E+00   -1.0467453E+01   -1.3117399E+01   -8.5270773E+00   -1.0464565E+01   -6.8110616E+00
    5.3100000E+00    6.4035475E+00   -6.3902051E+00   -3.9999999E+00   -3.8925016E+00   -4.0277102E+00   -4.3412296E+00   -9.7485509E+00   -3.7159225E+00   -3.1159364E+00   -3.4648998E+00   -6.4487199E+00   -8.0659836E+00   -1.6088983E+01   -1.4000000E+01   -1.4000000E+01   -4.1096863E+00   -1.4000000E+01   -2.7420042E+00   -3.0000000E+01   -3.1418356E+00   -8.4439965E+00   -8.6146003E+00   -8.7689191E+00   -1.1203391E+01   -1.1940124E+01   -1.9976889E+01   -2.8526735E+01   -8.0478060E+00   -7.1593397E+00   -1.0472018E+01   -1.3132302E+01   -8.5427277E+00   -1.0436501E+01   -6.7943669E+00
    5.4900000E+00    6.4145239E+00   -6.4010566E+00   -3.9999999E+00   -3.8834953E+00   -4.0161151E+00   -4.3441529E+00   -9.7938340E+00   -3.7111825E+00   -3.1197304E+00   -3.4649272E+00   -6.4487213E+00   -8.0881003E+00   -1.6120784E+01   -1.4000000E+01   -1.4000000E+01   -4.0964019E+00   -1.4000000E+01   -2.7263143E+00   -3.0000000E+01   -3.1345148E+00   -8.4683191E+00   -8.6169701E+00   -8.8038112E+00   -1.1214924E+01   -1.1961535E+01   -2.0000084E+01   -2.8560078E+01   -8.0366917E+00   -7.1406357E+00   -1.0476504E+01   -1.3146936E+01   -8.5580525E+00   -1.0409334E+01   -6.7783148E+00
    5.6700000E+00    6.4252637E+00   -6.4116747E+00   -3.9999999E+00   -3.8748748E+00   -4.0049395E+00   -4.3470875E+00   -9.8378127E+00   -3.7068381E+00   -3.1235035E+00   -3.4649546E+00   -6.4487226E+00   -8.1097072E+00   -1.6151903E+01   -1.4000000E+01   -1.4000000E+01   -4.0836510E+00   -1.4000000E+01   -2.7111716E+00   -3.0000000E+01   -3.1274130E+00   -8.4917864E+00   -8.6189577E+00   -8.8376210E+00   -1.1226174E+01   -1.1982485E+01   -2.0022745E+01   -2.8592701E+01   -8.0258172E+00   -7.1223967E+00   -1.0480921E+01   -1.3161315E+01   -8.5730740E+00   -1.0383005E+01   -6.7628610E+00
    5.8500000E+00    6.4357804E+00   -6.4220724E+00   -3.9999999E+00   -3.8666122E+00   -3.9941560E+00   -4.3500311E+00   -9.8805655E+00   -3.7028594E+00   -3.1272570E+00   -3.4649821E+00   -6.4487238E+00   -8.1308362E+00   -1.6182379E+01   -1.4000000E+01   -1.4000000E+01   -4.0713946E+00   -1.4000000E+01   -2.6965391E+00   -3.0000000E+01   -3.1205178E+00   -8.5144512E+00   -8.6205892E+00   -8.8704142E+00   -1.1237160E+01   -1.2003000E+01   -2.0044904E+01   -2.8624645E+01   -8.0151689E+00   -7.1045965E+00   -1.0485275E+01   -1.3175454E+01   -8.5878123E+00   -1.0357461E+01   -6.7479657E+00
    6.0300000E+00    6.4460861E+00   -6.4322619E+00   -3.9999999E+00   -3.8586825E+00   -3.9837393E+00   -4.3529817E+00   -9.9221638E+00   -3.6992197E+00   -3.1309920E+00   -3.4650097E+00   -6.4487251E+00   -8.1515161E+00   -1.6212246E+01   -1.4000000E+01   -1.4000000E+01   -4.0595974E+00   -1.4000000E+01   -2.6823835E+00   -3.0000000E+01   -3.1138179E+00   -8.5363617E+00   -8.6218882E+00   -8.9022508E+00   -1.1247900E+01   -1.2023106E+01   -2.0066590E+01   -2.8655947E+01   -8.0047345E+00   -7.0872112E+00   -1.0489571E+01   -1.3189366E+01   -8.6022853E+00   -1.0332653E+01   -6.7335927E+00
    6.2100000E+00    6.4561922E+00   -6.4422544E+00   -3.9999999E+00   -3.8510630E+00   -3.9736668E+00   -4.3559377E+00   -9.9626732E+00   -3.6958947E+00   -3.1347094E+00   -3.4650374E+00   -6.4487264E+00   -8.1717729E+00   -1.6241537E+01   -1.4000000E+01   -1.4000000E+01   -4.0482281E+00   -1.4000000E+01   -2.6686749E+00   -3.0000000E+01   -3.1073028E+00   -8.5575618E+00   -8.6228761E+00   -8.9331855E+00   -1.1258409E+01   -1.2042823E+01   -2.0087832E+01   -2.8686643E+01   -7.9945024E+00   -7.0702187E+00   -1.0493816E+01   -1.3203065E+01   -8.6165095E+00   -1.0308537E+01   -6.7197093E+00
    6.3900000E+00    6.4661091E+00   -6.4520602E+00   -3.9999999E+00   -3.8437333E+00   -3.9639179E+00   -4.3588974E+00   -1.0002154E+01   -3.6928628E+00   -3.1384103E+00   -3.4650651E+00   -6.4487276E+00   -8.1916306E+00   -1.6270284E+01   -1.4000000E+01   -1.4000000E+01   -4.0372580E+00   -1.4000000E+01   -2.6553857E+00   -3.0000000E+01   -3.1009631E+00   -8.5780917E+00   -8.6235722E+00   -8.9632688E+00   -1.1268699E+01   -1.2062172E+01   -2.0108654E+01   -2.8716763E+01   -7.9844622E+00   -7.0535984E+00   -1.0498012E+01   -1.3216559E+01   -8.6304995E+00   -1.0285073E+01   -6.7062857E+00
    6.5700000E+00    6.4758465E+00   -6.4616888E+00   -3.9999999E+00   -3.8366749E+00   -3.9544736E+00   -4.3618593E+00   -1.0040661E+01   -3.6901041E+00   -3.1420956E+00   -3.4650929E+00   -6.4487289E+00   -8.2111112E+00   -1.6298512E+01   -1.4000000E+01   -1.4000000E+01   -4.0266617E+00   -1.4000000E+01   -2.6424911E+00   -3.0000000E+01   -3.0947897E+00   -8.5979885E+00   -8.6239943E+00   -8.9925469E+00   -1.1278785E+01   -1.2081171E+01   -2.0129079E+01   -2.8746336E+01   -7.9746040E+00   -7.0373316E+00   -1.0502166E+01   -1.3229862E+01   -8.6442689E+00   -1.0262224E+01   -6.6932948E+00
    6.7500000E+00    6.4854132E+00   -6.4711490E+00   -3.9999999E+00   -3.8298708E+00   -3.9453167E+00   -4.3648223E+00   -1.0078246E+01   -3.6876007E+00   -3.1457660E+00   -3.4651208E+00   -6.4487301E+00   -8.2302346E+00   -1.6326250E+01   -1.4000000E+01   -1.4000000E+01   -4.0164156E+00   -1.4000000E+01   -2.6299684E+00   -3.0000000E+01   -3.0887746E+00   -8.6172862E+00   -8.6241585E+00   -9.0210623E+00   -1.1288677E+01   -1.2099839E+01   -2.0149127E+01   -2.8775391E+01   -7.9649189E+00   -7.0214007E+00   -1.0506279E+01   -1.3242981E+01   -8.6578301E+00   -1.0239955E+01   -6.6807116E+00
    6.9300000E+00    6.4948176E+00   -6.4804490E+00   -3.9999999E+00   -3.8233058E+00   -3.9364312E+00   -4.3677851E+00   -1.0114956E+01   -3.6853364E+00   -3.1494223E+00   -3.4651487E+00   -6.4487313E+00   -8.2490193E+00   -1.6353519E+01   -1.4000000E+01   -1.4000000E+01   -4.0064987E+00   -1.4000000E+01   -2.6177967E+00   -3.0000000E+01   -3.0829101E+00   -8.6360162E+00   -8.6240798E+00   -9.0488547E+00   -1.1298387E+01   -1.2118192E+01   -2.0168819E+01   -2.8803951E+01   -7.9553985E+00   -7.0057897E+00   -1.0510355E+01   -1.3255925E+01   -8.6711942E+00   -1.0218236E+01   -6.6685134E+00
    7.1100000E+00    6.5040673E+00   -6.4895965E+00   -3.9999999E+00   -3.8169656E+00   -3.9278025E+00   -4.3707466E+00   -1.0150834E+01   -3.6832961E+00   -3.1530653E+00   -3.4651767E+00   -6.4487325E+00   -8.2674825E+00   -1.6380344E+01   -1.4000000E+01   -1.4000000E+01   -3.9968915E+00   -1.4000000E+01   -2.6059568E+00   -3.0000000E+01   -3.0771891E+00   -8.6542077E+00   -8.6237718E+00   -9.0759602E+00   -1.1307923E+01   -1.2136243E+01   -2.0188172E+01   -2.8832041E+01   -7.9460349E+00   -6.9904835E+00   -1.0514397E+01   -1.3268704E+01   -8.6843717E+00   -1.0197038E+01   -6.6566792E+00
    7.2900000E+00    6.5131695E+00   -6.4985983E+00   -3.9999999E+00   -3.8108374E+00   -3.9194172E+00   -4.3737059E+00   -1.0185921E+01   -3.6814663E+00   -3.1566955E+00   -3.4652048E+00   -6.4487337E+00   -8.2856398E+00   -1.6406743E+01   -1.4000000E+01   -1.4000000E+01   -3.9875763E+00   -1.4000000E+01   -2.5944311E+00   -3.0000000E+01   -3.0716050E+00   -8.6718874E+00   -8.6232472E+00   -9.1024128E+00   -1.1317294E+01   -1.2154008E+01   -2.0207202E+01   -2.8859681E+01   -7.9368210E+00   -6.9754680E+00   -1.0518408E+01   -1.3281325E+01   -8.6973719E+00   -1.0176334E+01   -6.6451898E+00
    7.4700000E+00    6.5221307E+00   -6.5074612E+00   -3.9999999E+00   -3.8049093E+00   -3.9112628E+00   -4.3766623E+00   -1.0220255E+01   -3.6798345E+00   -3.1603136E+00   -3.4652330E+00   -6.4487349E+00   -8.3035057E+00   -1.6432737E+01   -1.4000000E+01   -1.4000000E+01   -3.9785369E+00   -1.4000000E+01   -2.5832035E+00   -3.0000000E+01   -3.0661518E+00   -8.6890803E+00   -8.6225177E+00   -9.1282438E+00   -1.1326510E+01   -1.2171500E+01   -2.0225924E+01   -2.8886893E+01   -7.9277501E+00   -6.9607304E+00   -1.0522388E+01   -1.3293795E+01   -8.7102037E+00   -1.0156100E+01   -6.6340271E+00
    7.6500000E+00    6.5309572E+00   -6.5161911E+00   -3.9999999E+00   -3.7991703E+00   -3.9033277E+00   -4.3796148E+00   -1.0253870E+01   -3.6783890E+00   -3.1639202E+00   -3.4652613E+00   -6.4487361E+00   -8.3210938E+00   -1.6458344E+01   -1.4000000E+01   -1.4000000E+01   -3.9697583E+00   -1.4000000E+01   -2.5722588E+00   -3.0000000E+01   -3.0608237E+00   -8.7058097E+00   -8.6215940E+00   -9.1534823E+00   -1.1335576E+01   -1.2188729E+01   -2.0244354E+01   -2.8913695E+01   -7.9188159E+00   -6.9462584E+00   -1.0526341E+01   -1.3306120E+01   -8.7228751E+00   -1.0136313E+01   -6.6231748E+00
    7.8300000E+00    6.5396547E+00   -6.5247939E+00   -3.9999999E+00   -3.7936104E+00   -3.8956013E+00   -4.3825628E+00   -1.0286799E+01   -3.6771194E+00   -3.1675155E+00   -3.4652896E+00   -6.4487373E+00   -8.3384165E+00   -1.6483579E+01   -1.4000000E+01   -1.4000000E+01   -3.9612268E+00   -1.4000000E+01   -2.5615831E+00   -3.0000000E+01   -3.0556152E+00   -8.7220970E+00   -8.6204863E+00   -9.1781554E+00   -1.1344500E+01   -1.2205708E+01   -2.0262503E+01   -2.8940104E+01   -7.9100125E+00   -6.9320407E+00   -1.0530268E+01   -1.3318307E+01   -8.7353935E+00   -1.0116952E+01   -6.6126175E+00
    8.0100000E+00    6.5482286E+00   -6.5332747E+00   -3.9999999E+00   -3.7882200E+00   -3.8880743E+00   -4.3854987E+00   -1.0319073E+01   -3.6760168E+00   -3.1711001E+00   -3.4653180E+00   -6.4487385E+00   -8.3554819E+00   -1.6508458E+01   -1.4000000E+01   -1.4000000E+01   -3.9529302E+00   -1.4000000E+01   -2.5511713E+00   -3.0000000E+01   -3.0505215E+00   -8.7379621E+00   -8.6192036E+00   -9.2022880E+00   -1.1353286E+01   -1.2222447E+01   -2.0280380E+01   -2.8966136E+01   -7.9013346E+00   -6.9180667E+00   -1.0534168E+01   -1.3330362E+01   -8.7477623E+00   -1.0097997E+01   -6.6023407E+00
    8.1900000E+00    6.5567646E+00   -6.5417214E+00   -3.9999999E+00   -3.7826087E+00   -3.8815447E+00   -4.3790517E+00   -1.0352346E+01   -3.6765173E+00   -3.1746998E+00   -3.4653467E+00   -6.4487396E+00   -8.3404887E+00   -1.6533285E+01   -1.4000000E+01   -1.4000000E+01   -3.9456968E+00   -1.4000000E+01   -2.5509997E+00   -3.0000000E+01   -3.0454850E+00   -8.7548728E+00   -8.6190423E+00   -9.2274408E+00   -1.1330039E+01   -1.2239152E+01   -2.0266166E+01   -2.8992068E+01   -7.8926988E+00   -6.9042002E+00   -1.0506083E+01   -1.3342423E+01   -8.7281134E+00   -1.0078912E+01   -6.5918919E+00
    8.3700000E+00    6.5651997E+00   -6.5500688E+00   -3.9999999E+00   -3.7771675E+00   -3.8751723E+00   -4.3727964E+00   -1.0383242E+01   -3.6771532E+00   -3.1783064E+00   -3.4653756E+00   -6.4487407E+00   -8.3527936E+00   -1.6557783E+01   -1.4000000E+01   -1.4000000E+01   -3.9386266E+00   -1.4000000E+01   -2.5508282E+00   -3.0000000E+01   -3.0405580E+00   -8.7695952E+00   -8.6168946E+00   -9.2503093E+00   -1.1334186E+01   -1.2255624E+01   -2.0279237E+01   -2.9017654E+01   -7.8841656E+00   -6.8905492E+00   -1.0505499E+01   -1.3354354E+01   -8.7358656E+00   -1.0060206E+01   -6.5817193E+00
    8.5500000E+00    6.5735168E+00   -6.5582997E+00   -3.9999999E+00   -3.7718876E+00   -3.8689498E+00   -4.3667199E+00   -1.0413537E+01   -3.6779168E+00   -3.1818984E+00   -3.4654046E+00   -6.4487418E+00   -8.3687104E+00   -1.6581953E+01   -1.4000000E+01   -1.4000000E+01   -3.9317137E+00   -1.4000000E+01   -2.5506568E+00   -3.0000000E+01   -3.0357359E+00   -8.7839400E+00   -8.6146051E+00   -9.2726870E+00   -1.1342058E+01   -1.2271877E+01   -2.0295907E+01   -2.9042892E+01   -7.8757519E+00   -6.8771257E+00   -1.0508741E+01   -1.3366165E+01   -8.7473285E+00   -1.0041882E+01   -6.5718097E+00
    8.7300000E+00    6.5817198E+00   -6.5664179E+00   -3.9999999E+00   -3.7667610E+00   -3.8628711E+00   -4.3608113E+00   -1.0443253E+01   -3.6788009E+00   -3.1854752E+00   -3.4654337E+00   -6.4487429E+00   -8.3849388E+00   -1.6605795E+01   -1.4000000E+01   -1.4000000E+01   -3.9249513E+00   -1.4000000E+01   -2.5504854E+00   -3.0000000E+01   -3.0310145E+00   -8.7979238E+00   -8.6121830E+00   -9.2945942E+00   -1.1350352E+01   -1.2287909E+01   -2.0312876E+01   -2.9067785E+01   -7.8674539E+00   -6.8639216E+00   -1.0512503E+01   -1.3377849E+01   -8.7591976E+00   -1.0023925E+01   -6.5621511E+00
    8.9100000E+00    6.5898118E+00   -6.5744265E+00   -3.9999999E+00   -3.7617803E+00   -3.8569327E+00   -4.3550612E+00   -1.0472411E+01   -3.6797987E+00   -3.1890364E+00   -3.4654629E+00   -6.4487440E+00   -8.4010165E+00   -1.6629316E+01   -1.4000000E+01   -1.4000000E+01   -3.9183306E+00   -1.4000000E+01   -2.5503141E+00   -3.0000000E+01   -3.0263897E+00   -8.8115599E+00   -8.6096351E+00   -9.3160471E+00   -1.1358602E+01   -1.2303726E+01   -2.0329684E+01   -2.9092340E+01   -7.8592684E+00   -6.8509296E+00   -1.0516314E+01   -1.3389409E+01   -8.7710069E+00   -1.0006320E+01   -6.5527320E+00
    9.0900000E+00    6.5977956E+00   -6.5823282E+00   -3.9999999E+00   -3.7569385E+00   -3.8511345E+00   -4.3494614E+00   -1.0501027E+01   -3.6809038E+00   -3.1925807E+00   -3.4654921E+00   -6.4487451E+00   -8.4168845E+00   -1.6652525E+01   -1.4000000E+01   -1.4000000E+01   -3.9118394E+00   -1.4000000E+01   -2.5501429E+00   -3.0000000E+01   -3.0218579E+00   -8.8248607E+00   -8.6069683E+00   -9.3370606E+00   -1.1366745E+01   -1.2319331E+01   -2.0346270E+01   -2.9116567E+01   -7.8511926E+00   -6.8381431E+00   -1.0520110E+01   -1.3400845E+01   -8.7826939E+00   -9.9890536E+00   -6.5435418E+00
    9.2700000E+00    6.6056733E+00   -6.5901252E+00   -3.9999999E+00   -3.7522289E+00   -3.8454809E+00   -4.3440038E+00   -1.0529118E+01   -3.6821103E+00   -3.1961070E+00   -3.4655215E+00   -6.4487462E+00   -8.4325390E+00   -1.6675427E+01   -1.4000000E+01   -1.4000000E+01   -3.9054611E+00   -1.4000000E+01   -2.5499717E+00   -3.0000000E+01   -3.0174155E+00   -8.8378375E+00   -8.6041897E+00   -9.3576483E+00   -1.1374778E+01   -1.2334731E+01   -2.0362631E+01   -2.9140471E+01   -7.8432243E+00   -6.8255562E+00   -1.0523880E+01   -1.3412158E+01   -8.7942513E+00   -9.9721137E+00   -6.5345706E+00
    9.4500000E+00    6.6134465E+00   -6.5978189E+00   -3.9999999E+00   -3.7476456E+00   -3.8399818E+00   -4.3386814E+00   -1.0556697E+01   -3.6834126E+00   -3.1996137E+00   -3.4655509E+00   -6.4487473E+00   -8.4479823E+00   -1.6698028E+01   -1.4000000E+01   -1.4000000E+01   -3.8991736E+00   -1.4000000E+01   -2.5498006E+00   -3.0000000E+01   -3.0130591E+00   -8.8505009E+00   -8.6013066E+00   -9.3778221E+00   -1.1382700E+01   -1.2349926E+01   -2.0378771E+01   -2.9164057E+01   -7.8353617E+00   -6.8131638E+00   -1.0527624E+01   -1.3423348E+01   -8.8056785E+00   -9.9554891E+00   -6.5258089E+00
    9.6300000E+00    6.6211164E+00   -6.6054105E+00   -3.9999999E+00   -3.7431826E+00   -3.8346521E+00   -4.3334871E+00   -1.0583774E+01   -3.6848053E+00   -3.2030985E+00   -3.4655804E+00   -6.4487484E+00   -8.4632169E+00   -1.6720329E+01   -1.4000000E+01   -1.4000000E+01   -3.8929499E+00   -1.4000000E+01   -2.5496296E+00   -3.0000000E+01   -3.0087857E+00   -8.8628605E+00   -8.5983264E+00   -9.3975926E+00   -1.1390513E+01   -1.2364920E+01   -2.0394692E+01   -2.9187330E+01   -7.8276038E+00   -6.8009616E+00   -1.0531339E+01   -1.3434415E+01   -8.8169747E+00   -9.9391699E+00   -6.5172480E+00
    9.8100000E+00    6.6286832E+00   -6.6129002E+00   -3.9999999E+00   -3.7388347E+00   -3.8295098E+00   -4.3284144E+00   -1.0610360E+01   -3.6862836E+00   -3.2065589E+00   -3.4656100E+00   -6.4487495E+00   -8.4782437E+00   -1.6742331E+01   -1.4000000E+01   -1.4000000E+01   -3.8867601E+00   -1.4000000E+01   -2.5494586E+00   -3.0000000E+01   -3.0045922E+00   -8.8749247E+00   -8.5952570E+00   -9.4169685E+00   -1.1398217E+01   -1.2379713E+01   -2.0410395E+01   -2.9210289E+01   -7.8199503E+00   -6.7889461E+00   -1.0535022E+01   -1.3445355E+01   -8.8281382E+00   -9.9231474E+00   -6.5088794E+00
    9.9900000E+00    6.6361466E+00   -6.6202876E+00   -3.9999999E+00   -3.7345966E+00   -3.8245734E+00   -4.3234573E+00   -1.0636459E+01   -3.6878427E+00   -3.2099917E+00   -3.4656397E+00   -6.4487506E+00   -8.4930623E+00   -1.6764034E+01   -1.4000000E+01   -1.4000000E+01   -3.8805746E+00   -1.4000000E+01   -2.5492877E+00   -3.0000000E+01   -3.0004758E+00   -8.8867005E+00   -8.5921060E+00   -9.4359561E+00   -1.1405813E+01   -1.2394304E+01   -2.0425880E+01   -2.9232935E+01   -7.8124014E+00   -6.7771147E+00   -1.0538672E+01   -1.3456166E+01   -8.8391657E+00   -9.9074141E+00   -6.5006953E+00
    1.0170000E+01    6.6435053E+00   -6.6275714E+00   -3.9999999E+00   -3.7304636E+00   -3.8198580E+00   -4.3186098E+00   -1.0662074E+01   -3.6894780E+00   -3.2133929E+00   -3.4656695E+00   -6.4487516E+00   -8.5076704E+00   -1.6785432E+01   -1.4000000E+01   -1.4000000E+01   -3.8743688E+00   -1.4000000E+01   -2.5491169E+00   -3.0000000E+01   -2.9964336E+00   -8.8981928E+00   -8.5888811E+00   -9.4545591E+00   -1.1413300E+01   -1.2408690E+01   -2.0441145E+01   -2.9255263E+01   -7.8049584E+00   -6.7654659E+00   -1.0542285E+01   -1.3466841E+01   -8.8500525E+00   -9.8919636E+00   -6.4926882E+00
    1.0350000E+01    6.6507570E+00   -6.6347493E+00   -3.9999999E+00   -3.7264310E+00   -3.8153714E+00   -4.3138668E+00   -1.0687203E+01   -3.6911854E+00   -3.2167577E+00   -3.4656993E+00   -6.4487527E+00   -8.5220640E+00   -1.6806519E+01   -1.4000000E+01   -1.4000000E+01   -3.8681266E+00   -1.4000000E+01   -2.5489462E+00   -3.0000000E+01   -2.9924631E+00   -8.9094043E+00   -8.5855890E+00   -9.4727777E+00   -1.1420676E+01   -1.2422867E+01   -2.0456187E+01   -2.9277266E+01   -7.7976235E+00   -6.7539990E+00   -1.0545856E+01   -1.3477374E+01   -8.8607919E+00   -9.8767911E+00   -6.4848510E+00
    1.0530000E+01    6.6578985E+00   -6.6418180E+00   -3.9999999E+00   -3.7224946E+00   -3.8111119E+00   -4.3092234E+00   -1.0711838E+01   -3.6929606E+00   -3.2200802E+00   -3.4657293E+00   -6.4487538E+00   -8.5362365E+00   -1.6827285E+01   -1.4000000E+01   -1.4000000E+01   -3.8618439E+00   -1.4000000E+01   -2.5487755E+00   -3.0000000E+01   -2.9885619E+00   -8.9203345E+00   -8.5822363E+00   -9.4906080E+00   -1.1427938E+01   -1.2436828E+01   -2.0470998E+01   -2.9298936E+01   -7.7904000E+00   -6.7427149E+00   -1.0549381E+01   -1.3487756E+01   -8.8713751E+00   -9.8618931E+00   -6.4771768E+00
    1.0710000E+01    6.6649250E+00   -6.6487727E+00   -3.9999999E+00   -3.7186502E+00   -3.8070668E+00   -4.3046751E+00   -1.0735967E+01   -3.6947997E+00   -3.2233535E+00   -3.4657593E+00   -6.4487548E+00   -8.5501789E+00   -1.6847714E+01   -1.4000000E+01   -1.4000000E+01   -3.8555292E+00   -1.4000000E+01   -2.5486048E+00   -3.0000000E+01   -2.9847273E+00   -8.9309798E+00   -8.5788286E+00   -9.5080418E+00   -1.1435081E+01   -1.2450563E+01   -2.0485572E+01   -2.9320257E+01   -7.7832925E+00   -6.7316158E+00   -1.0552851E+01   -1.3497975E+01   -8.8817909E+00   -9.8472676E+00   -6.4696592E+00
    1.0890000E+01    6.6718304E+00   -6.6556073E+00   -3.9999999E+00   -3.7148937E+00   -3.8032130E+00   -4.3002180E+00   -1.0759568E+01   -3.6966988E+00   -3.2265691E+00   -3.4657894E+00   -6.4487559E+00   -8.5638793E+00   -1.6867789E+01   -1.4000000E+01   -1.4000000E+01   -3.8492032E+00   -1.4000000E+01   -2.5484343E+00   -3.0000000E+01   -2.9809572E+00   -8.9413329E+00   -8.5753709E+00   -9.5250653E+00   -1.1442101E+01   -1.2464060E+01   -2.0499895E+01   -2.9341212E+01   -7.7763072E+00   -6.7207052E+00   -1.0556260E+01   -1.3508016E+01   -8.8920249E+00   -9.8329146E+00   -6.4622919E+00
    1.1070000E+01    6.6786067E+00   -6.6623138E+00   -3.9999999E+00   -3.7112215E+00   -3.7995186E+00   -4.2958486E+00   -1.0782616E+01   -3.6986541E+00   -3.2297167E+00   -3.4658197E+00   -6.4487569E+00   -8.5773219E+00   -1.6887486E+01   -1.4000000E+01   -1.4000000E+01   -3.8428956E+00   -1.4000000E+01   -2.5482638E+00   -3.0000000E+01   -2.9772492E+00   -8.9513828E+00   -8.5718681E+00   -9.5416595E+00   -1.1448989E+01   -1.2477302E+01   -2.0513952E+01   -2.9361777E+01   -7.7694519E+00   -6.7099889E+00   -1.0559597E+01   -1.3517861E+01   -8.9020594E+00   -9.8188361E+00   -6.4550689E+00
    1.1250000E+01    6.6852440E+00   -6.6688821E+00   -3.9999999E+00   -3.7076297E+00   -3.7959463E+00   -4.2915637E+00   -1.0805074E+01   -3.7006617E+00   -3.2327841E+00   -3.4658500E+00   -6.4487580E+00   -8.5904872E+00   -1.6906773E+01   -1.4000000E+01   -1.4000000E+01   -3.8366419E+00   -1.4000000E+01   -2.5480934E+00   -3.0000000E+01   -2.9736011E+00   -8.9611142E+00   -8.5683250E+00   -9.5577991E+00   -1.1455736E+01   -1.2490271E+01   -2.0527724E+01   -2.9381921E+01   -7.7627368E+00   -6.6994745E+00   -1.0562852E+01   -1.3527487E+01   -8.9118726E+00   -9.8050361E+00   -6.4479844E+00
    1.1430000E+01    6.6917297E+00   -6.6752997E+00   -3.9999999E+00   -3.7041150E+00   -3.7924572E+00   -4.2873604E+00   -1.0826899E+01   -3.7027179E+00   -3.2357568E+00   -3.4658804E+00   -6.4487590E+00   -8.6033503E+00   -1.6925614E+01   -1.4000000E+01   -1.4000000E+01   -3.8304787E+00   -1.4000000E+01   -2.5479230E+00   -3.0000000E+01   -2.9700108E+00   -8.9705078E+00   -8.5647473E+00   -9.5734521E+00   -1.1462330E+01   -1.2502940E+01   -2.0541187E+01   -2.9401608E+01   -7.7561741E+00   -6.6891722E+00   -1.0566009E+01   -1.3536868E+01   -8.9214379E+00   -9.7915215E+00   -6.4410328E+00
    1.1610000E+01    6.6980484E+00   -6.6815512E+00   -3.9999999E+00   -3.7006737E+00   -3.7890136E+00   -4.2832360E+00   -1.0848034E+01   -3.7048189E+00   -3.2386173E+00   -3.4659109E+00   -6.4487601E+00   -8.6158812E+00   -1.6943961E+01   -1.4000000E+01   -1.4000000E+01   -3.8244402E+00   -1.4000000E+01   -2.5477527E+00   -3.0000000E+01   -2.9664761E+00   -8.9795394E+00   -8.5611413E+00   -9.5885788E+00   -1.1468756E+01   -1.2515279E+01   -2.0554310E+01   -2.9420792E+01   -7.7497793E+00   -6.6790952E+00   -1.0569051E+01   -1.3545971E+01   -8.9307228E+00   -9.7783019E+00   -6.4342084E+00
    1.1790000E+01    6.7041815E+00   -6.6876179E+00   -3.9999999E+00   -3.6973025E+00   -3.7855824E+00   -4.2791877E+00   -1.0868413E+01   -3.7069608E+00   -3.2413447E+00   -3.4659415E+00   -6.4487611E+00   -8.6280427E+00   -1.6961759E+01   -1.4000000E+01   -1.3999999E+01   -3.8185552E+00   -1.4000000E+01   -2.5475825E+00   -3.0000000E+01   -2.9629949E+00   -8.9881795E+00   -8.5575151E+00   -9.6031310E+00   -1.1474995E+01   -1.2527250E+01   -2.0567055E+01   -2.9439415E+01   -7.7435710E+00   -6.6692599E+00   -1.0571959E+01   -1.3554757E+01   -8.9396885E+00   -9.7653906E+00   -6.4275057E+00
    1.1970000E+01    6.7101064E+00   -6.6934770E+00   -3.9999999E+00   -3.6939978E+00   -3.7821368E+00   -4.2752128E+00   -1.0887955E+01   -3.7091396E+00   -3.2439143E+00   -3.4659722E+00   -6.4487622E+00   -8.6397900E+00   -1.6978939E+01   -1.4000000E+01   -1.3998700E+01   -3.8128448E+00   -1.4000000E+01   -2.5474123E+00   -3.0000000E+01   -2.9595650E+00   -8.9963926E+00   -8.5538786E+00   -9.6170506E+00   -1.1481026E+01   -1.2538808E+01   -2.0578083E+01   -2.9456112E+01   -7.7375719E+00   -6.6596867E+00   -1.0574709E+01   -1.3563177E+01   -8.9482881E+00   -9.7528047E+00   -6.4209193E+00
    1.2150000E+01    6.7157956E+00   -6.6991014E+00   -3.9999999E+00   -3.6907564E+00   -3.7786575E+00   -4.2713084E+00   -1.0906562E+01   -3.7113511E+00   -3.2462966E+00   -3.4660030E+00   -6.4487632E+00   -8.6510690E+00   -1.6995419E+01   -1.4000000E+01   -1.3300802E+01   -3.8073221E+00   -1.4000000E+01   -2.5472423E+00   -3.0000000E+01   -2.9561842E+00   -9.0041363E+00   -8.5502439E+00   -9.6302674E+00   -1.1486822E+01   -1.2549898E+01   -1.9892036E+01   -2.8775501E+01   -7.7318091E+00   -6.6504007E+00   -1.0577271E+01   -1.3571174E+01   -8.9564653E+00   -9.7405660E+00   -6.4144437E+00
    1.2330000E+01    6.7212155E+00   -6.7044571E+00   -3.9999999E+00   -3.6875766E+00   -3.7751333E+00   -4.2674716E+00   -1.0924115E+01   -3.7135901E+00   -3.2484569E+00   -3.4660339E+00   -6.4487643E+00   -8.6617893E+00   -1.7011098E+01   -1.4000000E+01   -1.0271941E+01   -3.8019934E+00   -1.4000000E+01   -2.5470722E+00   -3.0000000E+01   -2.9528515E+00   -9.0113592E+00   -8.5466270E+00   -9.6426966E+00   -1.1492327E+01   -1.2560452E+01   -1.6874461E+01   -2.5763117E+01   -7.7263165E+00   -6.6414344E+00   -1.0579587E+01   -1.3578682E+01   -8.9641289E+00   -9.7287055E+00   -6.4080762E+00
    1.2510000E+01    6.7250571E+00   -6.7082575E+00   -3.9999999E+00   -3.6870221E+00   -3.7726641E+00   -4.2642475E+00   -1.1176770E+01   -3.7146434E+00   -3.2503652E+00   -3.4660646E+00   -6.4487649E+00   -8.3741153E+00   -1.7020629E+01   -1.4000000E+01   -7.1443657E+00   -3.7983462E+00   -1.4000000E+01   -2.5469023E+00   -3.0000000E+01   -2.9508714E+00   -9.2566574E+00   -8.7842421E+00   -9.8916994E+00   -1.1200942E+01   -1.2566331E+01   -1.3459575E+01   -2.2645585E+01   -7.7224283E+00   -6.6354757E+00   -1.0286315E+01   -1.3582764E+01   -8.6746516E+00   -9.7223754E+00   -6.4056345E+00
    1.2690000E+01    6.7288877E+00   -6.7120474E+00   -3.9999999E+00   -3.6864727E+00   -3.7701796E+00   -4.2610587E+00   -1.1190909E+01   -3.7156962E+00   -3.2522812E+00   -3.4660947E+00   -6.4487655E+00   -8.3655284E+00   -1.7031643E+01   -1.4000000E+01   -6.8435115E+00   -3.7947830E+00   -1.4000000E+01   -2.5467324E+00   -3.0000000E+01   -2.9489103E+00   -9.2634586E+00   -8.7833820E+00   -9.9021952E+00   -1.1188654E+01   -1.2573703E+01   -1.3150494E+01   -2.2356253E+01   -7.7185514E+00   -6.6295480E+00   -1.0272159E+01   -1.3588356E+01   -8.6642791E+00   -9.7160799E+00   -6.4032161E+00
    1.2870000E+01    6.7326998E+00   -6.7158189E+00   -3.9999999E+00   -3.6859283E+00   -3.7676804E+00   -4.2579065E+00   -1.1204024E+01   -3.7167536E+00   -3.2541953E+00   -3.4661239E+00   -6.4487662E+00   -8.3718664E+00   -1.7042704E+01   -1.4000000E+01   -6.6674884E+00   -3.7913023E+00   -1.4000000E+01   -2.5465626E+00   -3.0000000E+01   -2.9469662E+00   -9.2692711E+00   -8.7815704E+00   -9.9116847E+00   -1.1191309E+01   -1.2581138E+01   -1.2981166E+01   -2.2191795E+01   -7.7146934E+00   -6.6236568E+00   -1.0272961E+01   -1.3594028E+01   -8.6688474E+00   -9.7098248E+00   -6.4008192E+00
    1.3050000E+01    6.7364933E+00   -6.7195723E+00   -3.9999999E+00   -3.6853888E+00   -3.7651676E+00   -4.2547891E+00   -1.1217050E+01   -3.7178157E+00   -3.2561072E+00   -3.4661521E+00   -6.4487668E+00   -8.3792786E+00   -1.7053720E+01   -1.4000000E+01   -6.5425905E+00   -3.7879016E+00   -1.4000000E+01   -2.5463928E+00   -3.0000000E+01   -2.9450387E+00   -9.2750299E+00   -8.7797420E+00   -9.9211030E+00   -1.1195056E+01   -1.2588546E+01   -1.2864036E+01   -2.2078413E+01   -7.7108541E+00   -6.6178016E+00   -1.0274871E+01   -1.3599687E+01   -8.6745051E+00   -9.7036093E+00   -6.3984432E+00
    1.3230000E+01    6.7402683E+00   -6.7233073E+00   -3.9999999E+00   -3.6848542E+00   -3.7626430E+00   -4.2517045E+00   -1.1229992E+01   -3.7188822E+00   -3.2580165E+00   -3.4661795E+00   -6.4487674E+00   -8.3867371E+00   -1.7064683E+01   -1.4000000E+01   -6.4457104E+00   -3.7845774E+00   -1.4000000E+01   -2.5462231E+00   -3.0000000E+01   -2.9431275E+00   -9.2807382E+00   -8.7779003E+00   -9.9304531E+00   -1.1198866E+01   -1.2595918E+01   -1.2774967E+01   -2.1992994E+01   -7.7070338E+00   -6.6119822E+00   -1.0276861E+01   -1.3605326E+01   -8.6802243E+00   -9.6974333E+00   -6.3960877E+00
    1.3410000E+01    6.7440244E+00   -6.7270237E+00   -3.9999999E+00   -3.6843244E+00   -3.7601089E+00   -4.2486505E+00   -1.1242847E+01   -3.7199531E+00   -3.2599227E+00   -3.4662059E+00   -6.4487681E+00   -8.3941648E+00   -1.7075593E+01   -1.4000000E+01   -6.3665533E+00   -3.7813264E+00   -1.4000000E+01   -2.5460535E+00   -3.0000000E+01   -2.9412323E+00   -9.2863964E+00   -8.7760464E+00   -9.9397351E+00   -1.1202664E+01   -1.2603254E+01   -1.2703588E+01   -2.1925239E+01   -7.7032327E+00   -6.6061988E+00   -1.0278853E+01   -1.3610943E+01   -8.6859276E+00   -9.6912968E+00   -6.3937525E+00
    1.3590000E+01    6.7477612E+00   -6.7307212E+00   -3.9999999E+00   -3.6837993E+00   -3.7575680E+00   -4.2456246E+00   -1.1255617E+01   -3.7210284E+00   -3.2618252E+00   -3.4662314E+00   -6.4487687E+00   -8.4015553E+00   -1.7086446E+01   -1.4000000E+01   -6.2996273E+00   -3.7781447E+00   -1.4000000E+01   -2.5458839E+00   -3.0000000E+01   -2.9393530E+00   -9.2920048E+00   -8.7741812E+00   -9.9489489E+00   -1.1206443E+01   -1.2610552E+01   -1.2644400E+01   -2.1869657E+01   -7.6994512E+00   -6.6004513E+00   -1.0280842E+01   -1.3616537E+01   -8.6916084E+00   -9.6851998E+00   -6.3914372E+00
    1.3770000E+01    6.7514782E+00   -6.7343991E+00   -3.9999999E+00   -3.6832788E+00   -3.7550229E+00   -4.2426239E+00   -1.1268299E+01   -3.7221078E+00   -3.2637231E+00   -3.4662560E+00   -6.4487693E+00   -8.4089072E+00   -1.7097243E+01   -1.4000000E+01   -6.2416540E+00   -3.7750284E+00   -1.4000000E+01   -2.5457144E+00   -3.0000000E+01   -2.9374893E+00   -9.2975635E+00   -8.7723059E+00   -9.9580941E+00   -1.1210203E+01   -1.2617811E+01   -1.2594124E+01   -2.1822968E+01   -7.6956897E+00   -6.5947400E+00   -1.0282826E+01   -1.3622108E+01   -8.6972650E+00   -9.6791425E+00   -6.3891416E+00
    1.3950000E+01    6.7551748E+00   -6.7380569E+00   -3.9999999E+00   -3.6827629E+00   -3.7524762E+00   -4.2396452E+00   -1.1280893E+01   -3.7231914E+00   -3.2656157E+00   -3.4662797E+00   -6.4487700E+00   -8.4162193E+00   -1.7107982E+01   -1.4000000E+01   -6.1905184E+00   -3.7719741E+00   -1.4000000E+01   -2.5455450E+00   -3.0000000E+01   -2.9356410E+00   -9.3030725E+00   -8.7704216E+00   -9.9671701E+00   -1.1213942E+01   -1.2625032E+01   -1.2550644E+01   -2.1783054E+01   -7.6919490E+00   -6.5890654E+00   -1.0284805E+01   -1.3627653E+01   -8.7028959E+00   -9.6731252E+00   -6.3868653E+00
    1.4130000E+01    6.7588502E+00   -6.7416937E+00   -3.9999999E+00   -3.6822514E+00   -3.7499303E+00   -4.2366847E+00   -1.1293397E+01   -3.7242789E+00   -3.2675019E+00   -3.4663024E+00   -6.4487706E+00   -8.4234897E+00   -1.7118659E+01   -1.4000000E+01   -6.1447768E+00   -3.7689789E+00   -1.4000000E+01   -2.5453756E+00   -3.0000000E+01   -2.9338077E+00   -9.3085314E+00   -8.7685298E+00   -9.9761756E+00   -1.1217660E+01   -1.2632210E+01   -1.2512514E+01   -2.1748469E+01   -7.6882298E+00   -6.5834280E+00   -1.0286777E+01   -1.3633171E+01   -8.7084993E+00   -9.6671484E+00   -6.3846080E+00
    1.4310000E+01    6.7625033E+00   -6.7453085E+00   -3.9999999E+00   -3.6817444E+00   -3.7473861E+00   -4.2337382E+00   -1.1305807E+01   -3.7253703E+00   -3.2693804E+00   -3.4663242E+00   -6.4487713E+00   -8.4307166E+00   -1.7129271E+01   -1.4000000E+01   -6.1033989E+00   -3.7660409E+00   -1.4000000E+01   -2.5452063E+00   -3.0000000E+01   -2.9319894E+00   -9.3139397E+00   -8.7666319E+00   -9.9851091E+00   -1.1221356E+01   -1.2639346E+01   -1.2478702E+01   -2.1718181E+01   -7.6845332E+00   -6.5778287E+00   -1.0288741E+01   -1.3638658E+01   -8.7140728E+00   -9.6612130E+00   -6.3823693E+00
    1.4490000E+01    6.7661328E+00   -6.7489000E+00   -3.9999999E+00   -3.6812417E+00   -3.7448432E+00   -4.2308006E+00   -1.1318121E+01   -3.7264655E+00   -3.2712496E+00   -3.4663450E+00   -6.4487719E+00   -8.4378973E+00   -1.7139815E+01   -1.4000000E+01   -6.0656244E+00   -3.7631605E+00   -1.4000000E+01   -2.5450371E+00   -3.0000000E+01   -2.9301856E+00   -9.3192963E+00   -8.7647295E+00   -9.9939681E+00   -1.1225028E+01   -1.2646435E+01   -1.2448444E+01   -2.1691424E+01   -7.6808604E+00   -6.5722684E+00   -1.0290696E+01   -1.3644114E+01   -8.7196137E+00   -9.6553198E+00   -6.3801491E+00
    1.4670000E+01    6.7697371E+00   -6.7524665E+00   -3.9999999E+00   -3.6807432E+00   -3.7422983E+00   -4.2278663E+00   -1.1330333E+01   -3.7275645E+00   -3.2731078E+00   -3.4663649E+00   -6.4487726E+00   -8.4450287E+00   -1.7150286E+01   -1.4000000E+01   -6.0308756E+00   -3.7603408E+00   -1.4000000E+01   -2.5448680E+00   -3.0000000E+01   -2.9283963E+00   -9.3245994E+00   -8.7628241E+00   -1.0002749E+01   -1.1228675E+01   -1.2653475E+01   -1.2421161E+01   -2.1667616E+01   -7.6772131E+00   -6.5667486E+00   -1.0292640E+01   -1.3649533E+01   -8.7251185E+00   -9.6494701E+00   -6.3779469E+00
    1.4850000E+01    6.7733142E+00   -6.7560062E+00   -3.9999999E+00   -3.6802489E+00   -3.7397441E+00   -4.2249286E+00   -1.1342437E+01   -3.7286670E+00   -3.2749527E+00   -3.4663838E+00   -6.4487732E+00   -8.4521070E+00   -1.7160678E+01   -1.4000000E+01   -5.9987037E+00   -3.7575893E+00   -1.4000000E+01   -2.5446989E+00   -3.0000000E+01   -2.9266212E+00   -9.3298468E+00   -8.7609171E+00   -1.0011449E+01   -1.1232296E+01   -1.2660462E+01   -1.2396399E+01   -2.1646303E+01   -7.6735933E+00   -6.5612710E+00   -1.0294570E+01   -1.3654913E+01   -8.7305832E+00   -9.6436657E+00   -6.3757625E+00
    1.5030000E+01    6.7768619E+00   -6.7595166E+00   -3.9999999E+00   -3.6797587E+00   -3.7371685E+00   -4.2219801E+00   -1.1354426E+01   -3.7297730E+00   -3.2767818E+00   -3.4664017E+00   -6.4487738E+00   -8.4591273E+00   -1.7170984E+01   -1.4000000E+01   -5.9687526E+00   -3.7549188E+00   -1.4000000E+01   -2.5445298E+00   -3.0000000E+01   -2.9248600E+00   -9.3350350E+00   -8.7590100E+00   -1.0020060E+01   -1.1235887E+01   -1.2667391E+01   -1.2373798E+01   -2.1627122E+01   -7.6700032E+00   -6.5558377E+00   -1.0296485E+01   -1.3660247E+01   -8.7360030E+00   -9.6379085E+00   -6.3735956E+00
    1.5210000E+01    6.7803772E+00   -6.7629950E+00   -3.9999999E+00   -3.6792724E+00   -3.7345527E+00   -4.2190122E+00   -1.1366287E+01   -3.7308824E+00   -3.2785920E+00   -3.4664187E+00   -6.4487745E+00   -8.4660842E+00   -1.7181195E+01   -1.4000000E+01   -5.9407356E+00   -3.7523495E+00   -1.4000000E+01   -2.5443609E+00   -3.0000000E+01   -2.9231126E+00   -9.3401594E+00   -8.7571037E+00   -1.0028576E+01   -1.1239447E+01   -1.2674257E+01   -1.2353065E+01   -2.1609777E+01   -7.6664458E+00   -6.5504513E+00   -1.0298381E+01   -1.3665530E+01   -8.7413718E+00   -9.6322011E+00   -6.3714458E+00
    1.5390000E+01    6.7838567E+00   -6.7664378E+00   -3.9999999E+00   -3.6787902E+00   -3.7318705E+00   -4.2160151E+00   -1.1378010E+01   -3.7319951E+00   -3.2803795E+00   -3.4664347E+00   -6.4487751E+00   -8.4729707E+00   -1.7191301E+01   -1.4000000E+01   -5.9144179E+00   -3.7499090E+00   -1.4000000E+01   -2.5441920E+00   -3.0000000E+01   -2.9213786E+00   -9.3452138E+00   -8.7551991E+00   -1.0036987E+01   -1.1242971E+01   -1.2681052E+01   -1.2333959E+01   -2.1594022E+01   -7.6629245E+00   -6.5451151E+00   -1.0300254E+01   -1.3670755E+01   -8.7466826E+00   -9.6265467E+00   -6.3693129E+00
    1.5570000E+01    6.7872963E+00   -6.7698409E+00   -3.9999999E+00   -3.6783118E+00   -3.7290879E+00   -4.2129777E+00   -1.1389576E+01   -3.7331109E+00   -3.2821401E+00   -3.4664498E+00   -6.4487758E+00   -8.4797787E+00   -1.7201290E+01   -1.4000000E+01   -5.8896050E+00   -3.7476339E+00   -1.4000000E+01   -2.5440231E+00   -3.0000000E+01   -2.9196579E+00   -9.3501907E+00   -8.7532968E+00   -1.0045282E+01   -1.1246455E+01   -1.2687768E+01   -1.2316277E+01   -2.1579652E+01   -7.6594434E+00   -6.5398329E+00   -1.0302101E+01   -1.3675914E+01   -8.7519270E+00   -9.6209490E+00   -6.3671965E+00
    1.5750000E+01    6.7906909E+00   -6.7731994E+00   -3.9999999E+00   -3.6778372E+00   -3.7261633E+00   -4.2098875E+00   -1.1400968E+01   -3.7342297E+00   -3.2838685E+00   -3.4664638E+00   -6.4487764E+00   -8.4864982E+00   -1.7211146E+01   -1.4000000E+01   -5.8661343E+00   -3.7455694E+00   -1.4000000E+01   -2.5438544E+00   -3.0000000E+01   -2.9179502E+00   -9.3550804E+00   -8.7513973E+00   -1.0053445E+01   -1.1249895E+01   -1.2694396E+01   -1.2299846E+01   -2.1566488E+01   -7.6560076E+00   -6.5346096E+00   -1.0303915E+01   -1.3680996E+01   -8.7570949E+00   -9.6154128E+00   -6.3650964E+00
    1.5930000E+01    6.7940347E+00   -6.7765073E+00   -3.9999999E+00   -3.6773662E+00   -3.7230490E+00   -4.2067301E+00   -1.1412162E+01   -3.7353514E+00   -3.2855584E+00   -3.4664768E+00   -6.4487771E+00   -8.4931175E+00   -1.7220852E+01   -1.4000000E+01   -5.8438678E+00   -3.7437679E+00   -1.4000000E+01   -2.5436857E+00   -3.0000000E+01   -2.9162553E+00   -9.3598715E+00   -8.7495009E+00   -1.0061460E+01   -1.1253285E+01   -1.2700923E+01   -1.2284517E+01   -2.1554375E+01   -7.6526229E+00   -6.5294508E+00   -1.0305692E+01   -1.3685988E+01   -8.7621741E+00   -9.6099436E+00   -6.3630121E+00
    1.6110000E+01    6.7973204E+00   -6.7797574E+00   -3.9999999E+00   -3.6768990E+00   -3.7196934E+00   -4.2034897E+00   -1.1423130E+01   -3.7364758E+00   -3.2872025E+00   -3.4664889E+00   -6.4487778E+00   -8.4996224E+00   -1.7230387E+01   -1.4000000E+01   -5.8226880E+00   -3.7422877E+00   -1.4000000E+01   -2.5435170E+00   -3.0000000E+01   -2.9145729E+00   -9.3645503E+00   -8.7476083E+00   -1.0069305E+01   -1.1256618E+01   -1.2707335E+01   -1.2270158E+01   -2.1543174E+01   -7.6492966E+00   -6.5243634E+00   -1.0307423E+01   -1.3690877E+01   -8.7671503E+00   -9.6045483E+00   -6.3609433E+00
    1.6290000E+01    6.8005396E+00   -6.7829412E+00   -3.9999999E+00   -3.6764352E+00   -3.7160440E+00   -4.2001479E+00   -1.1433839E+01   -3.7376028E+00   -3.2887921E+00   -3.4664999E+00   -6.4487784E+00   -8.5059960E+00   -1.7239724E+01   -1.4000000E+01   -5.8024937E+00   -3.7411902E+00   -1.4000000E+01   -2.5433485E+00   -3.0000000E+01   -2.9129027E+00   -9.3691014E+00   -8.7457210E+00   -1.0076957E+01   -1.1259885E+01   -1.2713616E+01   -1.2256650E+01   -2.1532758E+01   -7.6460371E+00   -6.5193557E+00   -1.0309100E+01   -1.3695646E+01   -8.7720062E+00   -9.5992350E+00   -6.3588897E+00
    1.6470000E+01    6.8036821E+00   -6.7860487E+00   -3.9999999E+00   -3.6759749E+00   -3.7120519E+00   -4.1966846E+00   -1.1444251E+01   -3.7387322E+00   -3.2903166E+00   -3.4665100E+00   -6.4487791E+00   -8.5122183E+00   -1.7248835E+01   -1.4000000E+01   -5.7831973E+00   -3.7405364E+00   -1.4000000E+01   -2.5431799E+00   -3.0000000E+01   -2.9112445E+00   -9.3735066E+00   -8.7438412E+00   -1.0084388E+01   -1.1263077E+01   -1.2719744E+01   -1.2243887E+01   -2.1523008E+01   -7.6428545E+00   -6.5144376E+00   -1.0310713E+01   -1.3700273E+01   -8.7767216E+00   -9.5940135E+00   -6.3568509E+00
    1.6650000E+01    6.8067359E+00   -6.7890678E+00   -3.9999999E+00   -3.6755179E+00   -3.7076756E+00   -4.1930772E+00   -1.1454323E+01   -3.7398638E+00   -3.2917637E+00   -3.4665190E+00   -6.4487797E+00   -8.5182653E+00   -1.7257681E+01   -1.4000000E+01   -5.7647222E+00   -3.7403834E+00   -1.4000000E+01   -2.5430115E+00   -3.0000000E+01   -2.9095979E+00   -9.3777459E+00   -8.7419728E+00   -1.0091564E+01   -1.1266181E+01   -1.2725696E+01   -1.2231767E+01   -2.1513813E+01   -7.6397611E+00   -6.5096208E+00   -1.0312250E+01   -1.3704734E+01   -8.7812721E+00   -9.5888953E+00   -6.3548264E+00
    1.6830000E+01    6.8096867E+00   -6.7919841E+00   -3.9999999E+00   -3.6750641E+00   -3.7028853E+00   -4.1893004E+00   -1.1464001E+01   -3.7409974E+00   -3.2931187E+00   -3.4665270E+00   -6.4487804E+00   -8.5241086E+00   -1.7266221E+01   -1.4000000E+01   -5.7470014E+00   -3.7407807E+00   -1.4000000E+01   -2.5428431E+00   -3.0000000E+01   -2.9079627E+00   -9.3817964E+00   -8.7401218E+00   -1.0098450E+01   -1.1269183E+01   -1.2731443E+01   -1.2220195E+01   -2.1505062E+01   -7.6367710E+00   -6.5049194E+00   -1.0313696E+01   -1.3709000E+01   -8.7856289E+00   -9.5838943E+00   -6.3528157E+00
    1.7010000E+01    6.8125173E+00   -6.7947806E+00   -3.9999999E+00   -3.6746133E+00   -3.6976661E+00   -4.1853266E+00   -1.1473228E+01   -3.7421327E+00   -3.2943643E+00   -3.4665339E+00   -6.4487810E+00   -8.5297143E+00   -1.7274404E+01   -1.4000000E+01   -5.7299757E+00   -3.7417670E+00   -1.4000000E+01   -2.5426748E+00   -3.0000000E+01   -2.9063384E+00   -9.3856324E+00   -8.7382966E+00   -1.0105002E+01   -1.1272067E+01   -1.2736952E+01   -1.2209078E+01   -2.1496645E+01   -7.6339013E+00   -6.5003500E+00   -1.0315033E+01   -1.3713037E+01   -8.7897578E+00   -9.5790272E+00   -6.3508184E+00
    1.7190000E+01    6.8152077E+00   -6.7974371E+00   -3.9999999E+00   -3.6741653E+00   -3.6920203E+00   -4.1811255E+00   -1.1481932E+01   -3.7432695E+00   -3.2954799E+00   -3.4665398E+00   -6.4487817E+00   -8.5350423E+00   -1.7282169E+01   -1.4000000E+01   -5.7135925E+00   -3.7433673E+00   -1.4000000E+01   -2.5425066E+00   -3.0000000E+01   -2.9047248E+00   -9.3892249E+00   -8.7365083E+00   -1.0111172E+01   -1.1274813E+01   -1.2742181E+01   -1.2198324E+01   -2.1488448E+01   -7.6311724E+00   -6.4959327E+00   -1.0316242E+01   -1.3716805E+01   -8.7936184E+00   -9.5743134E+00   -6.3488338E+00
    1.7370000E+01    6.8177338E+00   -6.7999297E+00   -3.9999999E+00   -3.6737199E+00   -3.6859684E+00   -4.1766641E+00   -1.1490034E+01   -3.7444074E+00   -3.2964411E+00   -3.4665447E+00   -6.4487823E+00   -8.5400453E+00   -1.7289444E+01   -1.4000000E+01   -5.6978051E+00   -3.7455914E+00   -1.4000000E+01   -2.5423384E+00   -3.0000000E+01   -2.9031214E+00   -9.3925404E+00   -8.7347716E+00   -1.0116901E+01   -1.1277397E+01   -1.2747083E+01   -1.2187836E+01   -2.1480353E+01   -7.6286080E+00   -6.4916909E+00   -1.0317299E+01   -1.3720254E+01   -8.7971627E+00   -9.5697762E+00   -6.3468612E+00
    1.7550000E+01    6.8200674E+00   -6.8022302E+00   -3.9999999E+00   -3.6732768E+00   -3.6795486E+00   -4.1719073E+00   -1.1497439E+01   -3.7455460E+00   -3.2972192E+00   -3.4665486E+00   -6.4487830E+00   -8.5446671E+00   -1.7296144E+01   -1.4000000E+01   -5.6825716E+00   -3.7484319E+00   -1.4000000E+01   -2.5421703E+00   -3.0000000E+01   -2.9015278E+00   -9.3955406E+00   -8.7331045E+00   -1.0122123E+01   -1.1279791E+01   -1.2751602E+01   -1.2177519E+01   -2.1472234E+01   -7.6262365E+00   -6.4876524E+00   -1.0318175E+01   -1.3723327E+01   -8.8003342E+00   -9.5654433E+00   -6.3449000E+00
    1.7730000E+01    6.8221752E+00   -6.8043052E+00   -3.9999999E+00   -3.6728356E+00   -3.6728150E+00   -4.1668174E+00   -1.1504034E+01   -3.7466851E+00   -3.2977803E+00   -3.4665513E+00   -6.4487836E+00   -8.5488415E+00   -1.7302170E+01   -1.4000000E+01   -5.6678545E+00   -3.7518649E+00   -1.4000000E+01   -2.5420022E+00   -3.0000000E+01   -2.8999434E+00   -9.3981805E+00   -8.7315289E+00   -1.0126761E+01   -1.1281962E+01   -1.2755671E+01   -1.2167268E+01   -2.1463952E+01   -7.6240912E+00   -6.4838502E+00   -1.0318837E+01   -1.3725959E+01   -8.8030660E+00   -9.5613470E+00   -6.3429492E+00
    1.7910000E+01    6.8240167E+00   -6.8061143E+00   -3.9999999E+00   -3.6723964E+00   -3.6658400E+00   -4.1613602E+00   -1.1509685E+01   -3.7478232E+00   -3.2980845E+00   -3.4665530E+00   -6.4487843E+00   -8.5524884E+00   -1.7307401E+01   -1.4000000E+01   -5.6536302E+00   -3.7558466E+00   -1.4000000E+01   -2.5418344E+00   -3.0000000E+01   -2.8983689E+00   -9.4004061E+00   -8.7300715E+00   -1.0130719E+01   -1.1283871E+01   -1.2759209E+01   -1.2156979E+01   -2.1455363E+01   -7.6222126E+00   -6.4803254E+00   -1.0319245E+01   -1.3728067E+01   -8.8052785E+00   -9.5575284E+00   -6.3410093E+00
