# Time          5.0000E+01
# Units: Log10 mol/kgw
    Distance      pH               H+               Li+              Na+              Ca++             K+               Al+++            SiO2(aq)         CO2(aq)          O2(aq)           Methane(aq)      Fe++             Fe+++            HS-              SO4--            Mg++             Cl-              CH2O             Tracer           HCO3-            Al(OH)2+         AlO2-            AlOH++           FeOH+            FeOH++           FeSO4(aq)        FeSO4+           OH-              CO3--            FeCO3(aq)        FeCO3+           FeHCO3+          NaCO3-           NaHCO3(aq)   
    9.0000000E-02    5.8342399E+00   -5.8252306E+00   -3.9999999E+00   -4.7103268E+00   -4.9355251E+00   -5.0141440E+00   -7.0295091E+00   -4.4960498E+00   -2.6884098E+00   -3.4641511E+00   -6.4486881E+00   -7.2234288E+00   -1.4278212E+01   -1.4000000E+01   -1.4000003E+01   -5.1178493E+00   -1.4000000E+01   -3.2712073E+00   -3.0000000E+01   -3.2883345E+00   -6.8290909E+00   -8.1383098E+00   -6.5986308E+00   -1.0916635E+01   -1.0678106E+01   -1.9097373E+01   -2.6662752E+01   -8.6218194E+00   -7.8890709E+00   -1.0322372E+01   -1.1998189E+01   -7.8284928E+00   -1.1965462E+01   -7.7493031E+00
    2.7000000E-01    5.8811522E+00   -5.8713796E+00   -3.9999999E+00   -4.4742147E+00   -4.6756709E+00   -4.7582385E+00   -7.4527903E+00   -4.2290815E+00   -2.6938023E+00   -3.4642010E+00   -6.4486938E+00   -7.1732604E+00   -1.4553862E+01   -1.4000000E+01   -1.4000004E+01   -4.8569245E+00   -1.4000000E+01   -3.2691408E+00   -3.0000000E+01   -3.2459952E+00   -7.1646266E+00   -8.3800210E+00   -6.9786532E+00   -1.0821919E+01   -1.0910498E+01   -1.9053648E+01   -2.6947741E+01   -8.5740893E+00   -7.7973938E+00   -1.0186949E+01   -1.2191480E+01   -7.7391626E+00   -1.1640911E+01   -7.4724838E+00
    4.5000000E-01    5.9224936E+00   -5.9120642E+00   -3.9999999E+00   -4.3335384E+00   -4.5297192E+00   -4.5632688E+00   -7.7446797E+00   -4.0830383E+00   -2.6990492E+00   -3.4642507E+00   -6.4486991E+00   -7.1929798E+00   -1.4671737E+01   -1.4000000E+01   -1.4000003E+01   -4.7131220E+00   -1.4000000E+01   -3.2670841E+00   -3.0000000E+01   -3.2091916E+00   -7.3790614E+00   -8.5117729E+00   -7.2323334E+00   -1.0802337E+01   -1.0990164E+01   -1.9078934E+01   -2.7073662E+01   -8.5320404E+00   -7.7171528E+00   -1.0131975E+01   -1.2237141E+01   -7.7248207E+00   -1.1422793E+01   -7.2964156E+00
    6.3000000E-01    5.9593523E+00   -5.9483456E+00   -3.9999999E+00   -4.2349732E+00   -4.4289121E+00   -4.4175952E+00   -7.9718969E+00   -3.9868099E+00   -2.7041691E+00   -3.4643000E+00   -6.4487040E+00   -7.2424130E+00   -1.4777009E+01   -1.4000000E+01   -1.4000003E+01   -4.6147207E+00   -1.4000000E+01   -3.2650371E+00   -3.0000000E+01   -3.1768266E+00   -7.5371557E+00   -8.5961499E+00   -7.4254367E+00   -1.0816708E+01   -1.1061322E+01   -1.9133278E+01   -2.7186015E+01   -8.4945570E+00   -7.6460794E+00   -1.0115228E+01   -1.2278403E+01   -7.7443060E+00   -1.1255624E+01   -7.1667318E+00
    8.1000000E-01    5.9926165E+00   -5.9810921E+00   -3.9999999E+00   -4.1600244E+00   -4.3512898E+00   -4.3071877E+00   -8.1612983E+00   -3.9176499E+00   -2.7091808E+00   -3.4643492E+00   -6.4487087E+00   -7.3031111E+00   -1.4872105E+01   -1.4000000E+01   -1.4000003E+01   -4.5394137E+00   -1.4000000E+01   -3.2629997E+00   -3.0000000E+01   -3.1480102E+00   -7.6641481E+00   -8.6566140E+00   -7.5840287E+00   -1.0845757E+01   -1.1125609E+01   -1.9198394E+01   -2.7287470E+01   -8.4607303E+00   -7.5823343E+00   -1.0116582E+01   -1.2316097E+01   -7.7783604E+00   -1.1119153E+01   -7.0640888E+00
    9.9000000E-01    6.0229573E+00   -6.0109615E+00   -3.9999999E+00   -4.1000992E+00   -4.2875599E+00   -4.2213753E+00   -8.3250565E+00   -3.8653837E+00   -2.7141022E+00   -3.4643982E+00   -6.4487132E+00   -7.3656450E+00   -1.4958881E+01   -1.4000000E+01   -1.4000002E+01   -4.4778379E+00   -1.4000000E+01   -3.2609718E+00   -3.0000000E+01   -3.1220753E+00   -7.7709741E+00   -8.7027584E+00   -7.7196753E+00   -1.0879422E+01   -1.1184272E+01   -1.9264962E+01   -2.7380041E+01   -8.4298754E+00   -7.5245384E+00   -1.0125338E+01   -1.2350855E+01   -7.8169418E+00   -1.1003462E+01   -6.9792542E+00
    1.1700000E+00    6.0508998E+00   -6.0384699E+00   -3.9999999E+00   -4.0505191E+00   -4.2331326E+00   -4.1527316E+00   -8.4694833E+00   -3.8244305E+00   -2.7189498E+00   -3.4644472E+00   -6.4487175E+00   -7.4256394E+00   -1.5038805E+01   -1.4000000E+01   -1.4000002E+01   -4.4253892E+00   -1.4000000E+01   -3.2589534E+00   -3.0000000E+01   -3.0985037E+00   -7.8629687E+00   -8.7388678E+00   -7.8382081E+00   -1.0912833E+01   -1.1238303E+01   -1.9328682E+01   -2.7465309E+01   -8.4014576E+00   -7.4716200E+00   -1.0136125E+01   -1.2383190E+01   -7.8551944E+00   -1.0902839E+01   -6.9070503E+00
    1.3500000E+00    6.0768344E+00   -6.0640013E+00   -3.9999999E+00   -4.0084625E+00   -4.1854817E+00   -4.0964375E+00   -8.5993985E+00   -3.7916287E+00   -2.7237381E+00   -3.4644960E+00   -6.4487216E+00   -7.4815693E+00   -1.5112983E+01   -1.4000000E+01   -1.4000002E+01   -4.3795435E+00   -1.4000000E+01   -3.2569442E+00   -3.0000000E+01   -3.0769134E+00   -7.9442209E+00   -8.7682508E+00   -7.9440872E+00   -1.0944092E+01   -1.1288445E+01   -1.9388081E+01   -2.7544455E+01   -8.3750803E+00   -7.4227874E+00   -1.0146676E+01   -1.2413489E+01   -7.8912364E+00   -1.0813696E+01   -6.8442864E+00
    1.5300000E+00    6.1010690E+00   -6.0878590E+00   -3.9999999E+00   -3.9721031E+00   -4.1430655E+00   -4.0492171E+00   -8.7176384E+00   -3.7649479E+00   -2.7284811E+00   -3.4645448E+00   -6.4487256E+00   -7.5333277E+00   -1.5182296E+01   -1.4000000E+01   -1.4000001E+01   -4.3387713E+00   -1.4000000E+01   -3.2549443E+00   -3.0000000E+01   -3.0570054E+00   -8.0169882E+00   -8.7925490E+00   -8.0398636E+00   -1.0972798E+01   -1.1335294E+01   -1.9443090E+01   -2.7618415E+01   -8.3504306E+00   -7.3774194E+00   -1.0156303E+01   -1.2442066E+01   -7.9246809E+00   -1.0733606E+01   -6.7888468E+00
    1.7100000E+00    6.1238507E+00   -6.1102866E+00   -3.9999999E+00   -3.9401946E+00   -4.1048551E+00   -4.0088249E+00   -8.8262415E+00   -3.7430100E+00   -2.7331920E+00   -3.4645935E+00   -6.4487295E+00   -7.5813541E+00   -1.5247451E+01   -1.4000000E+01   -1.4000001E+01   -4.3020587E+00   -1.4000000E+01   -3.2529504E+00   -3.0000000E+01   -3.0385421E+00   -8.0828431E+00   -8.8128404E+00   -8.1273460E+00   -1.0999156E+01   -1.1379329E+01   -1.9494177E+01   -2.7687942E+01   -8.3272577E+00   -7.3350201E+00   -1.0164977E+01   -1.2469179E+01   -7.9557444E+00   -1.0660840E+01   -6.7392550E+00
    1.8900000E+00    6.1453866E+00   -6.1314879E+00   -3.9999999E+00   -3.9117905E+00   -4.0700840E+00   -3.9738907E+00   -8.9268235E+00   -3.7247716E+00   -2.7378838E+00   -3.4646422E+00   -6.4487333E+00   -7.6262630E+00   -1.5309043E+01   -1.4000000E+01   -1.4000001E+01   -4.2685608E+00   -1.4000000E+01   -3.2503514E+00   -3.0000000E+01   -3.0213264E+00   -8.1430121E+00   -8.8299378E+00   -8.2079583E+00   -1.1023581E+01   -1.1420951E+01   -1.9541983E+01   -2.7753666E+01   -8.3053515E+00   -7.2951760E+00   -1.0172925E+01   -1.2495045E+01   -7.9848568E+00   -1.0594051E+01   -6.6943738E+00
    2.0700000E+00    6.1667469E+00   -6.1524895E+00   -3.9999999E+00   -3.8756188E+00   -4.0336124E+00   -3.9787145E+00   -8.9356471E+00   -3.6966703E+00   -2.7425394E+00   -3.4646912E+00   -6.4487376E+00   -7.7142232E+00   -1.5370236E+01   -1.4000000E+01   -1.4000001E+01   -4.2157953E+00   -1.4000000E+01   -3.1456032E+00   -3.0000000E+01   -3.0042219E+00   -8.1119661E+00   -8.7561710E+00   -8.1970982E+00   -1.1091311E+01   -1.1462460E+01   -1.9633057E+01   -2.7819294E+01   -8.2835928E+00   -7.2555366E+00   -1.0224345E+01   -1.2521019E+01   -8.0572371E+00   -1.0519809E+01   -6.6418918E+00
    2.2500000E+00    6.1869178E+00   -6.1723220E+00   -3.9999999E+00   -3.8436645E+00   -4.0006034E+00   -3.9837088E+00   -9.0378154E+00   -3.6732174E+00   -2.7470986E+00   -3.4647398E+00   -6.4487419E+00   -7.7679646E+00   -1.5427730E+01   -1.4000000E+01   -1.4000001E+01   -4.1697568E+00   -1.4000000E+01   -3.0612760E+00   -3.0000000E+01   -2.9882322E+00   -8.1764811E+00   -8.7803443E+00   -8.2806739E+00   -1.1125949E+01   -1.1501362E+01   -1.9689742E+01   -2.7880974E+01   -8.2630452E+00   -7.2182659E+00   -1.0243744E+01   -1.2545414E+01   -8.0964288E+00   -1.0452067E+01   -6.5946988E+00
    2.4300000E+00    6.2060701E+00   -6.1911538E+00   -3.9999999E+00   -3.8151208E+00   -3.9704794E+00   -3.9888307E+00   -9.1321440E+00   -3.6534572E+00   -2.7515955E+00   -3.4647885E+00   -6.4487460E+00   -7.8100812E+00   -1.5482301E+01   -1.4000000E+01   -1.4000001E+01   -4.1289642E+00   -1.4000000E+01   -2.9906904E+00   -3.0000000E+01   -2.9732178E+00   -8.2350509E+00   -8.8006096E+00   -8.3573425E+00   -1.1149925E+01   -1.1538273E+01   -1.9734651E+01   -2.7939513E+01   -8.2435353E+00   -7.1830457E+00   -1.0253418E+01   -1.2568718E+01   -8.1248969E+00   -1.0389711E+01   -6.5518537E+00
    2.6100000E+00    6.2243203E+00   -6.2090996E+00   -3.9999999E+00   -3.7893876E+00   -3.9427954E+00   -3.9940481E+00   -9.2196868E+00   -3.6366997E+00   -2.7560358E+00   -3.4648371E+00   -6.4487500E+00   -7.8477766E+00   -1.5534302E+01   -1.4000000E+01   -1.4000001E+01   -4.0923750E+00   -1.4000000E+01   -2.9299893E+00   -3.0000000E+01   -2.9590658E+00   -8.2885121E+00   -8.8175703E+00   -8.4280506E+00   -1.1170333E+01   -1.1573438E+01   -1.9775005E+01   -2.7995286E+01   -8.2249444E+00   -7.1496402E+00   -1.0260353E+01   -1.2591072E+01   -8.1497401E+00   -1.0331912E+01   -6.5126478E+00
    2.7900000E+00    6.2417662E+00   -6.2262552E+00   -3.9999999E+00   -3.7660072E+00   -3.9172009E+00   -3.9993355E+00   -9.3013450E+00   -3.6224255E+00   -2.7604246E+00   -3.4648857E+00   -6.4487539E+00   -7.8831297E+00   -1.5584015E+01   -1.4000000E+01   -1.4000000E+01   -4.0592269E+00   -1.4000000E+01   -2.8767412E+00   -3.0000000E+01   -2.9456820E+00   -8.3375839E+00   -8.8317504E+00   -8.4936102E+00   -1.1189158E+01   -1.1607053E+01   -1.9812897E+01   -2.8048599E+01   -8.2071730E+00   -7.1178524E+00   -1.0266444E+01   -1.2612583E+01   -8.1729499E+00   -1.0278024E+01   -6.4765324E+00
    2.9700000E+00    6.2584901E+00   -6.2427017E+00   -3.9999999E+00   -3.7446225E+00   -3.8934154E+00   -4.0046729E+00   -9.3778482E+00   -3.6102343E+00   -2.7647664E+00   -3.4649342E+00   -6.4487577E+00   -7.9167873E+00   -1.5631678E+01   -1.4000000E+01   -1.4000000E+01   -4.0289462E+00   -1.4000000E+01   -2.8293145E+00   -3.0000000E+01   -2.9329867E+00   -8.3828423E+00   -8.8435609E+00   -8.5546751E+00   -1.1206971E+01   -1.1639278E+01   -1.9848986E+01   -2.8099704E+01   -8.1901373E+00   -7.0875157E+00   -1.0272183E+01   -1.2633339E+01   -8.1950995E+00   -1.0227529E+01   -6.4430739E+00
    3.1500000E+00    6.2745624E+00   -6.2585082E+00   -3.9999999E+00   -3.7249499E+00   -3.8712107E+00   -4.0100442E+00   -9.4497962E+00   -3.5998120E+00   -2.7690650E+00   -3.4649828E+00   -6.4487615E+00   -7.9490188E+00   -1.5677490E+01   -1.4000000E+01   -1.4000000E+01   -4.0010905E+00   -1.4000000E+01   -2.7865609E+00   -3.0000000E+01   -2.9209125E+00   -8.4247563E+00   -8.8533303E+00   -8.6117808E+00   -1.1223973E+01   -1.1670248E+01   -1.9883550E+01   -2.8148816E+01   -8.1737657E+00   -7.0584887E+00   -1.0277707E+01   -1.2653411E+01   -8.2163955E+00   -1.0180006E+01   -6.4119237E+00
    3.3300000E+00    6.2900433E+00   -6.2737339E+00   -3.9999999E+00   -3.7067610E+00   -3.8503988E+00   -4.0154367E+00   -9.5176893E+00   -3.5909073E+00   -2.7733240E+00   -3.4650314E+00   -6.4487652E+00   -7.9799875E+00   -1.5721624E+01   -1.4000000E+01   -1.4000000E+01   -3.9753118E+00   -1.4000000E+01   -2.7476414E+00   -3.0000000E+01   -2.9094012E+00   -8.4637136E+00   -8.8613257E+00   -8.6653722E+00   -1.1240270E+01   -1.1700080E+01   -1.9916763E+01   -2.8196120E+01   -8.1579968E+00   -7.0306497E+00   -1.0283068E+01   -1.2672863E+01   -8.2369477E+00   -1.0135109E+01   -6.3827975E+00
    3.5100000E+00    6.3049852E+00   -6.2884303E+00   -3.9999999E+00   -3.6898686E+00   -3.8308229E+00   -4.0208402E+00   -9.5819492E+00   -3.5833164E+00   -2.7775464E+00   -3.4650800E+00   -6.4487688E+00   -8.0098186E+00   -1.5764228E+01   -1.4000000E+01   -1.4000000E+01   -3.9513315E+00   -1.4000000E+01   -2.7119247E+00   -3.0000000E+01   -2.8984030E+00   -8.5000386E+00   -8.8677670E+00   -8.7158231E+00   -1.1255940E+01   -1.1728875E+01   -1.9948755E+01   -2.8241775E+01   -8.1427773E+00   -7.0038936E+00   -1.0288292E+01   -1.2691750E+01   -8.2568347E+00   -1.0092551E+01   -6.3554601E+00
    3.6900000E+00    6.3194335E+00   -6.3026420E+00   -3.9999999E+00   -3.6741182E+00   -3.8123512E+00   -4.0262466E+00   -9.6429352E+00   -3.5768720E+00   -2.7817350E+00   -3.4651286E+00   -6.4487724E+00   -8.0386164E+00   -1.5805431E+01   -1.4000000E+01   -1.4000000E+01   -3.9289232E+00   -1.4000000E+01   -2.6789235E+00   -3.0000000E+01   -2.8878741E+00   -8.5340057E+00   -8.8728376E+00   -8.7634510E+00   -1.1271041E+01   -1.1756720E+01   -1.9979639E+01   -2.8285921E+01   -8.1280611E+00   -6.9781289E+00   -1.0293399E+01   -1.2710119E+01   -8.2761206E+00   -1.0052089E+01   -6.3297149E+00
    3.8700000E+00    6.3334281E+00   -6.3164084E+00   -3.9999999E+00   -3.6593805E+00   -3.7948716E+00   -4.0316491E+00   -9.7009561E+00   -3.5714351E+00   -2.7858922E+00   -3.4651772E+00   -6.4487759E+00   -8.0664704E+00   -1.5845348E+01   -1.4000000E+01   -1.4000000E+01   -3.9079004E+00   -1.4000000E+01   -2.6482538E+00   -3.0000000E+01   -2.8777764E+00   -8.5658494E+00   -8.8766920E+00   -8.8085281E+00   -1.1285627E+01   -1.1783693E+01   -2.0009509E+01   -2.8328679E+01   -8.1138074E+00   -6.9532754E+00   -1.0298403E+01   -1.2728012E+01   -8.2948594E+00   -1.0013515E+01   -6.3053958E+00
    4.0500000E+00    6.3470043E+00   -6.3297639E+00   -3.9999999E+00   -3.6455462E+00   -3.7782881E+00   -4.0370427E+00   -9.7562794E+00   -3.5668889E+00   -2.7900204E+00   -3.4652259E+00   -6.4487793E+00   -8.0934586E+00   -1.5884079E+01   -1.4000000E+01   -1.4000000E+01   -3.8881077E+00   -1.4000000E+01   -2.6196078E+00   -3.0000000E+01   -2.8680763E+00   -8.5957716E+00   -8.8794618E+00   -8.8512897E+00   -1.1299742E+01   -1.1809862E+01   -2.0038448E+01   -2.8370158E+01   -8.0999803E+00   -6.9292623E+00   -1.0303318E+01   -1.2745465E+01   -8.3130982E+00   -9.9766520E+00   -6.2823614E+00
    4.2300000E+00    6.3601933E+00   -6.3427394E+00   -3.9999999E+00   -3.6325225E+00   -3.7625178E+00   -4.0424230E+00   -9.8091386E+00   -3.5631344E+00   -2.7941216E+00   -3.4652745E+00   -6.4487827E+00   -8.1196494E+00   -1.5921712E+01   -1.4000000E+01   -1.4000000E+01   -3.8694144E+00   -1.4000000E+01   -2.5927350E+00   -3.0000000E+01   -2.8587440E+00   -8.6239475E+00   -8.8812597E+00   -8.8919405E+00   -1.1313424E+01   -1.1835286E+01   -2.0066530E+01   -2.8410451E+01   -8.0865481E+00   -6.9060269E+00   -1.0308153E+01   -1.2762512E+01   -8.3308776E+00   -9.9413472E+00   -6.2604901E+00
    4.4100000E+00    6.3730229E+00   -6.3553621E+00   -3.9999999E+00   -3.6202296E+00   -3.7474887E+00   -4.0477866E+00   -9.8597387E+00   -3.5600872E+00   -2.7981975E+00   -3.4653232E+00   -6.4487861E+00   -8.1451030E+00   -1.5958326E+01   -1.4000000E+01   -1.4000000E+01   -3.8517094E+00   -1.4000000E+01   -2.5674285E+00   -3.0000000E+01   -2.8497531E+00   -8.6505302E+00   -8.8821831E+00   -8.9306599E+00   -1.1326708E+01   -1.1860020E+01   -2.0093818E+01   -2.8449645E+01   -8.0734824E+00   -6.8835134E+00   -1.0312916E+01   -1.2779181E+01   -8.3482335E+00   -9.9074669E+00   -6.2396767E+00
    4.5900000E+00    6.3855181E+00   -6.3676565E+00   -3.9999999E+00   -3.6085986E+00   -3.7331378E+00   -4.0531309E+00   -9.9082605E+00   -3.5576745E+00   -2.8022500E+00   -3.4653719E+00   -6.4487894E+00   -8.1698730E+00   -1.5993993E+01   -1.4000000E+01   -1.4000000E+01   -3.8348976E+00   -1.4000000E+01   -2.5435158E+00   -3.0000000E+01   -2.8410799E+00   -8.6756544E+00   -8.8823170E+00   -8.9676062E+00   -1.1339624E+01   -1.1884112E+01   -2.0120370E+01   -2.8487815E+01   -8.0607579E+00   -6.8616719E+00   -1.0317615E+01   -1.2795499E+01   -8.3651976E+00   -9.8748940E+00   -6.2198295E+00
    4.7700000E+00    6.3977012E+00   -6.3796447E+00   -3.9999999E+00   -3.5975696E+00   -3.7194098E+00   -4.0584538E+00   -9.9548648E+00   -3.5558332E+00   -2.8062804E+00   -3.4654207E+00   -6.4487927E+00   -8.1940071E+00   -1.6028776E+01   -1.4000000E+01   -1.4000000E+01   -3.8188968E+00   -1.4000000E+01   -2.5208514E+00   -3.0000000E+01   -2.8327030E+00   -8.6994391E+00   -8.8817355E+00   -9.0029195E+00   -1.1352198E+01   -1.1907604E+01   -2.0146237E+01   -2.8525031E+01   -8.0483517E+00   -6.8404576E+00   -1.0322257E+01   -1.2811489E+01   -8.3817977E+00   -9.8435254E+00   -6.2008681E+00
    4.9500000E+00    6.4095923E+00   -6.3913464E+00   -3.9999999E+00   -3.5870904E+00   -3.7062559E+00   -4.0637535E+00   -9.9996949E+00   -3.5545085E+00   -2.8102902E+00   -3.4654695E+00   -6.4487959E+00   -8.2175481E+00   -1.6062733E+01   -1.4000000E+01   -1.4000000E+01   -3.8036356E+00   -1.4000000E+01   -2.4993112E+00   -3.0000000E+01   -2.8246034E+00   -8.7219899E+00   -8.8805040E+00   -9.0367245E+00   -1.1364453E+01   -1.1930535E+01   -2.0171464E+01   -2.8561352E+01   -8.0362434E+00   -6.8198298E+00   -1.0326845E+01   -1.2827172E+01   -8.3980592E+00   -9.8132697E+00   -6.1827219E+00
    5.1300000E+00    6.4212098E+00   -6.4027796E+00   -3.9999999E+00   -3.5771148E+00   -3.6936325E+00   -4.0690286E+00   -1.0042879E+01   -3.5536520E+00   -2.8142807E+00   -3.4655183E+00   -6.4487991E+00   -8.2405346E+00   -1.6095915E+01   -1.4000000E+01   -1.4000000E+01   -3.7890518E+00   -1.4000000E+01   -2.4787892E+00   -3.0000000E+01   -2.8167637E+00   -8.7434013E+00   -8.8786804E+00   -9.0691330E+00   -1.1376412E+01   -1.1952942E+01   -2.0196093E+01   -2.8596836E+01   -8.0244144E+00   -6.7997522E+00   -1.0331386E+01   -1.2842568E+01   -8.4140044E+00   -9.7840457E+00   -6.1653281E+00
    5.3100000E+00    6.4325703E+00   -6.4139605E+00   -3.9999999E+00   -3.5676021E+00   -3.6815009E+00   -4.0742784E+00   -1.0084533E+01   -3.5532213E+00   -2.8182529E+00   -3.4655672E+00   -6.4488023E+00   -8.2630013E+00   -1.6128369E+01   -1.4000000E+01   -1.4000000E+01   -3.7750904E+00   -1.4000000E+01   -2.4591933E+00   -3.0000000E+01   -2.8091681E+00   -8.7637577E+00   -8.8763159E+00   -9.1002451E+00   -1.1388092E+01   -1.1974855E+01   -2.0220160E+01   -2.8631534E+01   -8.0128476E+00   -6.7801914E+00   -1.0335882E+01   -1.2857693E+01   -8.4296536E+00   -9.7557806E+00   -6.1486308E+00
    5.4900000E+00    6.4436888E+00   -6.4249041E+00   -3.9999999E+00   -3.5585163E+00   -3.6698265E+00   -4.0795018E+00   -1.0124761E+01   -3.5531786E+00   -2.8222080E+00   -3.4656161E+00   -6.4488054E+00   -8.2849798E+00   -1.6160140E+01   -1.4000000E+01   -1.4000000E+01   -3.7617029E+00   -1.4000000E+01   -2.4404435E+00   -3.0000000E+01   -2.8018023E+00   -8.7831355E+00   -8.8734567E+00   -9.1301513E+00   -1.1399513E+01   -1.1996303E+01   -2.0243700E+01   -2.8665490E+01   -8.0015279E+00   -6.7611171E+00   -1.0340337E+01   -1.2872565E+01   -8.4450251E+00   -9.7284093E+00   -6.1325803E+00
    5.6700000E+00    6.4545790E+00   -6.4356239E+00   -3.9999999E+00   -3.5498252E+00   -3.6585782E+00   -4.0846985E+00   -1.0163656E+01   -3.5534905E+00   -2.8261469E+00   -3.4656651E+00   -6.4488085E+00   -8.3064986E+00   -1.6191264E+01   -1.4000000E+01   -1.4000000E+01   -3.7488463E+00   -1.4000000E+01   -2.4224698E+00   -3.0000000E+01   -2.7946533E+00   -8.8016031E+00   -8.8701439E+00   -9.1589332E+00   -1.1410688E+01   -1.2017314E+01   -2.0266743E+01   -2.8698747E+01   -7.9904411E+00   -6.7425019E+00   -1.0344755E+01   -1.2887197E+01   -8.4601354E+00   -9.7018728E+00   -6.1171318E+00
    5.8500000E+00    6.4652536E+00   -6.4461321E+00   -3.9999999E+00   -3.5415000E+00   -3.6477276E+00   -4.0898681E+00   -1.0201306E+01   -3.5541271E+00   -2.8300704E+00   -3.4657141E+00   -6.4488116E+00   -8.3275839E+00   -1.6221779E+01   -1.4000000E+01   -1.4000000E+01   -3.7364822E+00   -1.4000000E+01   -2.4052105E+00   -3.0000000E+01   -2.7877090E+00   -8.8192230E+00   -8.8664145E+00   -9.1866651E+00   -1.1421632E+01   -1.2037912E+01   -2.0289318E+01   -2.8731344E+01   -7.9795744E+00   -6.7243203E+00   -1.0349138E+01   -1.2901602E+01   -8.4749996E+00   -9.6761182E+00   -6.1022450E+00
    6.0300000E+00    6.4757242E+00   -6.4564402E+00   -3.9999999E+00   -3.5335149E+00   -3.6372494E+00   -4.0950103E+00   -1.0237787E+01   -3.5550612E+00   -2.8339793E+00   -3.4657631E+00   -6.4488146E+00   -8.3482595E+00   -1.6251718E+01   -1.4000000E+01   -1.4000000E+01   -3.7245762E+00   -1.4000000E+01   -2.3886110E+00   -3.0000000E+01   -2.7809585E+00   -8.8360518E+00   -8.8623021E+00   -9.2134144E+00   -1.1432358E+01   -1.2058118E+01   -2.0311449E+01   -2.8763316E+01   -7.9689161E+00   -6.7065491E+00   -1.0353488E+01   -1.2915793E+01   -8.4896313E+00   -9.6510972E+00   -6.0878834E+00
    6.2100000E+00    6.4860013E+00   -6.4665586E+00   -3.9999999E+00   -3.5258464E+00   -3.6271205E+00   -4.1001250E+00   -1.0273172E+01   -3.5562689E+00   -2.8378743E+00   -3.4658122E+00   -6.4488176E+00   -8.3685473E+00   -1.6281110E+01   -1.4000000E+01   -1.4000000E+01   -3.7130972E+00   -1.4000000E+01   -2.3726226E+00   -3.0000000E+01   -2.7743916E+00   -8.8521409E+00   -8.8578370E+00   -9.2392426E+00   -1.1442879E+01   -1.2077953E+01   -2.0333160E+01   -2.8794695E+01   -7.9584553E+00   -6.6891672E+00   -1.0357807E+01   -1.2929781E+01   -8.5040431E+00   -9.6267660E+00   -6.0740140E+00
    6.3900000E+00    6.4960947E+00   -6.4764967E+00   -3.9999999E+00   -3.5184737E+00   -3.6173198E+00   -4.1052122E+00   -1.0307525E+01   -3.5577282E+00   -2.8417559E+00   -3.4658614E+00   -6.4488206E+00   -8.3884672E+00   -1.6309982E+01   -1.4000000E+01   -1.4000000E+01   -3.7020175E+00   -1.4000000E+01   -2.3572020E+00   -3.0000000E+01   -2.7679990E+00   -8.8675374E+00   -8.8530468E+00   -9.2642061E+00   -1.1453204E+01   -1.2097436E+01   -2.0354473E+01   -2.8825512E+01   -7.9481821E+00   -6.6721547E+00   -1.0362098E+01   -1.2943575E+01   -8.5182463E+00   -9.6030845E+00   -6.0606068E+00
    6.5700000E+00    6.5060133E+00   -6.4862636E+00   -3.9999999E+00   -3.5113774E+00   -3.6078281E+00   -4.1102720E+00   -1.0340906E+01   -3.5594191E+00   -2.8456246E+00   -3.4659106E+00   -6.4488235E+00   -8.4080377E+00   -1.6338361E+01   -1.4000000E+01   -1.4000000E+01   -3.6913115E+00   -1.4000000E+01   -2.3423102E+00   -3.0000000E+01   -2.7617720E+00   -8.8822845E+00   -8.8479567E+00   -9.2883563E+00   -1.1463344E+01   -1.2116585E+01   -2.0375407E+01   -2.8855793E+01   -7.9380875E+00   -6.6554937E+00   -1.0366361E+01   -1.2957185E+01   -8.5322514E+00   -9.5800163E+00   -6.0476343E+00
    6.7500000E+00    6.5157654E+00   -6.4958671E+00   -3.9999999E+00   -3.5045403E+00   -3.5986277E+00   -4.1153045E+00   -1.0373369E+01   -3.5613238E+00   -2.8494809E+00   -3.4659599E+00   -6.4488265E+00   -8.4272755E+00   -1.6366270E+01   -1.4000000E+01   -1.4000000E+01   -3.6809565E+00   -1.4000000E+01   -2.3279122E+00   -3.0000000E+01   -2.7557026E+00   -8.8964217E+00   -8.8425897E+00   -9.3117407E+00   -1.1473307E+01   -1.2135414E+01   -2.0395981E+01   -2.8885564E+01   -7.9281629E+00   -6.6391672E+00   -1.0370599E+01   -1.2970620E+01   -8.5460677E+00   -9.5575278E+00   -6.0350715E+00
    6.9300000E+00    6.5253586E+00   -6.5053149E+00   -3.9999999E+00   -3.4979466E+00   -3.5897024E+00   -4.1203100E+00   -1.0404966E+01   -3.5634257E+00   -2.8533250E+00   -3.4660092E+00   -6.4488294E+00   -8.4461963E+00   -1.6393730E+01   -1.4000000E+01   -1.4000000E+01   -3.6709313E+00   -1.4000000E+01   -2.3139762E+00   -3.0000000E+01   -2.7497834E+00   -8.9099854E+00   -8.8369670E+00   -9.3344026E+00   -1.1483103E+01   -1.2153939E+01   -2.0416210E+01   -2.8914848E+01   -7.9184006E+00   -6.6231600E+00   -1.0374812E+01   -1.2983888E+01   -8.5597040E+00   -9.5355884E+00   -6.0228953E+00
    7.1100000E+00    6.5347998E+00   -6.5146137E+00   -3.9999999E+00   -3.4915816E+00   -3.5810375E+00   -4.1252886E+00   -1.0435743E+01   -3.5657097E+00   -2.8571572E+00   -3.4660585E+00   -6.4488323E+00   -8.4648141E+00   -1.6420761E+01   -1.4000000E+01   -1.4000000E+01   -3.6612170E+00   -1.4000000E+01   -2.3004736E+00   -3.0000000E+01   -2.7440075E+00   -8.9230088E+00   -8.8311080E+00   -9.3563821E+00   -1.1492738E+01   -1.2172173E+01   -2.0436112E+01   -2.8943666E+01   -7.9087935E+00   -6.6074575E+00   -1.0379002E+01   -1.2996995E+01   -8.5731681E+00   -9.5141696E+00   -6.0110847E+00
    7.2900000E+00    6.5440956E+00   -6.5237699E+00   -3.9999999E+00   -3.4854321E+00   -3.5726192E+00   -4.1302406E+00   -1.0465742E+01   -3.5681620E+00   -2.8609776E+00   -3.4661080E+00   -6.4488351E+00   -8.4831423E+00   -1.6447382E+01   -1.4000000E+01   -1.4000000E+01   -3.6517958E+00   -1.4000000E+01   -2.2873781E+00   -3.0000000E+01   -2.7383683E+00   -8.9355229E+00   -8.8250305E+00   -9.3777160E+00   -1.1502220E+01   -1.2190129E+01   -2.0455699E+01   -2.8972039E+01   -7.8993350E+00   -6.5920467E+00   -1.0383169E+01   -1.3009947E+01   -8.5864672E+00   -9.4932456E+00   -5.9996202E+00
    7.4700000E+00    6.5532519E+00   -6.5327892E+00   -3.9999999E+00   -3.4794858E+00   -3.5644348E+00   -4.1351665E+00   -1.0495003E+01   -3.5707700E+00   -2.8647861E+00   -3.4661575E+00   -6.4488380E+00   -8.5011926E+00   -1.6473608E+01   -1.4000000E+01   -1.4000000E+01   -3.6426519E+00   -1.4000000E+01   -2.2746660E+00   -3.0000000E+01   -2.7328600E+00   -8.9475560E+00   -8.8187511E+00   -9.3984383E+00   -1.1511556E+01   -1.2207817E+01   -2.0474985E+01   -2.8999984E+01   -7.8900191E+00   -6.5769150E+00   -1.0387314E+01   -1.3022751E+01   -8.5996078E+00   -9.4727922E+00   -5.9884837E+00
    7.6500000E+00    6.5622739E+00   -6.5416771E+00   -3.9999999E+00   -3.4737317E+00   -3.5564725E+00   -4.1400664E+00   -1.0523561E+01   -3.5735219E+00   -2.8685828E+00   -3.4662070E+00   -6.4488408E+00   -8.5189762E+00   -1.6499456E+01   -1.4000000E+01   -1.4000000E+01   -3.6337702E+00   -1.4000000E+01   -2.2623154E+00   -3.0000000E+01   -2.7274768E+00   -8.9591343E+00   -8.8122852E+00   -9.4185802E+00   -1.1520750E+01   -1.2225248E+01   -2.0493981E+01   -2.9027517E+01   -7.8808403E+00   -6.5620512E+00   -1.0391438E+01   -1.3035413E+01   -8.6125956E+00   -9.4527872E+00   -5.9776586E+00
    7.8300000E+00    6.5711668E+00   -6.5504382E+00   -3.9999999E+00   -3.4681591E+00   -3.5487216E+00   -4.1449406E+00   -1.0551451E+01   -3.5764071E+00   -2.8723674E+00   -3.4662566E+00   -6.4488436E+00   -8.5365029E+00   -1.6524939E+01   -1.4000000E+01   -1.4000000E+01   -3.6251372E+00   -1.4000000E+01   -2.2503066E+00   -3.0000000E+01   -2.7222134E+00   -8.9702819E+00   -8.8056470E+00   -9.4381703E+00   -1.1529809E+01   -1.2242432E+01   -2.0512698E+01   -2.9054655E+01   -7.8717934E+00   -6.5474447E+00   -1.0395540E+01   -1.3047935E+01   -8.6254357E+00   -9.4332102E+00   -5.9671295E+00
    8.0100000E+00    6.5799351E+00   -6.5590773E+00   -3.9999999E+00   -3.4627569E+00   -3.5411748E+00   -4.1497382E+00   -1.0578685E+01   -3.5794341E+00   -2.8761394E+00   -3.4663063E+00   -6.4488464E+00   -8.5537716E+00   -1.6550071E+01   -1.4000000E+01   -1.4000000E+01   -3.6167450E+00   -1.4000000E+01   -2.2386810E+00   -3.0000000E+01   -2.7170649E+00   -8.9810045E+00   -8.7988331E+00   -9.4572189E+00   -1.1538727E+01   -1.2259377E+01   -2.0531137E+01   -2.9081411E+01   -7.8628738E+00   -6.5330856E+00   -1.0399611E+01   -1.3060323E+01   -8.6381223E+00   -9.4140402E+00   -5.9568801E+00
    8.1900000E+00    6.5886590E+00   -6.5676767E+00   -3.9999999E+00   -3.4571688E+00   -3.5343476E+00   -4.1448180E+00   -1.0603800E+01   -3.5863250E+00   -2.8799254E+00   -3.4663563E+00   -6.4488491E+00   -8.5358462E+00   -1.6575129E+01   -1.4000000E+01   -1.4000000E+01   -3.6094095E+00   -1.4000000E+01   -2.2384888E+00   -3.0000000E+01   -2.7119802E+00   -8.9896573E+00   -8.7900381E+00   -9.4741694E+00   -1.1512479E+01   -1.2276272E+01   -2.0514338E+01   -2.9108034E+01   -7.8540041E+00   -6.5188509E+00   -1.0368569E+01   -1.3072703E+01   -8.6156578E+00   -9.3947873E+00   -5.9464978E+00
    8.3700000E+00    6.5972848E+00   -6.5761803E+00   -3.9999999E+00   -3.4517487E+00   -3.5276839E+00   -4.1400040E+00   -1.0626928E+01   -3.5931957E+00   -2.8837194E+00   -3.4664067E+00   -6.4488518E+00   -8.5509062E+00   -1.6599891E+01   -1.4000000E+01   -1.4000000E+01   -3.6022456E+00   -1.4000000E+01   -2.2382967E+00   -3.0000000E+01   -2.7070040E+00   -8.9965031E+00   -8.7796322E+00   -9.4892220E+00   -1.1519308E+01   -1.2292958E+01   -2.0530506E+01   -2.9134334E+01   -7.8452349E+00   -6.5048298E+00   -1.0370708E+01   -1.3084973E+01   -8.6262778E+00   -9.3759063E+00   -5.9363870E+00
    8.5500000E+00    6.6057920E+00   -6.5845674E+00   -3.9999999E+00   -3.4464882E+00   -3.5211799E+00   -4.1352661E+00   -1.0649632E+01   -3.6000425E+00   -2.8874965E+00   -3.4664571E+00   -6.4488544E+00   -8.5675685E+00   -1.6624322E+01   -1.4000000E+01   -1.4000000E+01   -3.5952457E+00   -1.4000000E+01   -2.2381047E+00   -3.0000000E+01   -2.7021319E+00   -9.0031440E+00   -8.7692587E+00   -9.5039581E+00   -1.1527852E+01   -1.2309421E+01   -2.0548258E+01   -2.9160275E+01   -7.8365867E+00   -6.4910385E+00   -1.0374660E+01   -1.3097115E+01   -8.6385952E+00   -9.3574054E+00   -5.9265353E+00
    8.7300000E+00    6.6141833E+00   -6.5928406E+00   -3.9999999E+00   -3.4413798E+00   -3.5148310E+00   -4.1305933E+00   -1.0671928E+01   -3.6068616E+00   -2.8912554E+00   -3.4665076E+00   -6.4488571E+00   -8.5841032E+00   -1.6648424E+01   -1.4000000E+01   -1.4000000E+01   -3.5884014E+00   -1.4000000E+01   -2.2379128E+00   -3.0000000E+01   -2.6973600E+00   -9.0095927E+00   -8.7589249E+00   -9.5183928E+00   -1.1536377E+01   -1.2325662E+01   -2.0565864E+01   -2.9185863E+01   -7.8280567E+00   -6.4774700E+00   -1.0378689E+01   -1.3109126E+01   -8.6508763E+00   -9.3392704E+00   -5.9169311E+00
    8.9100000E+00    6.6224608E+00   -6.6010020E+00   -3.9999999E+00   -3.4364160E+00   -3.5086352E+00   -4.1259804E+00   -1.0693830E+01   -3.6136499E+00   -2.8949946E+00   -3.4665582E+00   -6.4488597E+00   -8.6004176E+00   -1.6672202E+01   -1.4000000E+01   -1.4000000E+01   -3.5817013E+00   -1.4000000E+01   -2.2377209E+00   -3.0000000E+01   -2.6926843E+00   -9.0158594E+00   -8.7486367E+00   -9.5325384E+00   -1.1544789E+01   -1.2341684E+01   -2.0583233E+01   -2.9211102E+01   -7.8196428E+00   -6.4641182E+00   -1.0382698E+01   -1.3121005E+01   -8.6630249E+00   -9.3214879E+00   -5.9075635E+00
    9.0900000E+00    6.6306261E+00   -6.6090532E+00   -3.9999999E+00   -3.4315901E+00   -3.5025953E+00   -4.1214242E+00   -1.0715350E+01   -3.6204042E+00   -2.8987122E+00   -3.4666088E+00   -6.4488623E+00   -8.6165099E+00   -1.6695662E+01   -1.4000000E+01   -1.4000000E+01   -3.5751288E+00   -1.4000000E+01   -2.2375291E+00   -3.0000000E+01   -2.6881012E+00   -9.0219534E+00   -8.7384000E+00   -9.5464053E+00   -1.1553086E+01   -1.2357490E+01   -2.0600362E+01   -2.9235998E+01   -7.8113431E+00   -6.4509774E+00   -1.0386679E+01   -1.3132753E+01   -8.6750359E+00   -9.3040458E+00   -5.8984222E+00
    9.2700000E+00    6.6386805E+00   -6.6169954E+00   -3.9999999E+00   -3.4268956E+00   -3.4967209E+00   -4.1169222E+00   -1.0736499E+01   -3.6271216E+00   -2.9024061E+00   -3.4666595E+00   -6.4488649E+00   -8.6323821E+00   -1.6718805E+01   -1.4000000E+01   -1.4000000E+01   -3.5686601E+00   -1.4000000E+01   -2.2373375E+00   -3.0000000E+01   -2.6836075E+00   -9.0278832E+00   -8.7282209E+00   -9.5600032E+00   -1.1561267E+01   -1.2373082E+01   -2.0617256E+01   -2.9260556E+01   -7.8031564E+00   -6.4380428E+00   -1.0390630E+01   -1.3144368E+01   -8.6869081E+00   -9.2869334E+00   -5.8894974E+00
    9.4500000E+00    6.6466246E+00   -6.6248290E+00   -3.9999999E+00   -3.4223265E+00   -3.4910295E+00   -4.1124714E+00   -1.0757286E+01   -3.6337995E+00   -2.9060736E+00   -3.4667103E+00   -6.4488675E+00   -8.6480354E+00   -1.6741634E+01   -1.4000000E+01   -1.4000000E+01   -3.5622628E+00   -1.4000000E+01   -2.2371459E+00   -3.0000000E+01   -2.6791997E+00   -9.0336567E+00   -8.7181063E+00   -9.5733404E+00   -1.1569334E+01   -1.2388462E+01   -2.0633915E+01   -2.9284777E+01   -7.7950820E+00   -6.4253105E+00   -1.0394548E+01   -1.3155849E+01   -8.6986398E+00   -9.2701407E+00   -5.8807799E+00
    9.6300000E+00    6.6544584E+00   -6.6325540E+00   -3.9999999E+00   -3.4178771E+00   -3.4855461E+00   -4.1080693E+00   -1.0777717E+01   -3.6404350E+00   -2.9097117E+00   -3.4667611E+00   -6.4488701E+00   -8.6634699E+00   -1.6764148E+01   -1.4000000E+01   -1.4000000E+01   -3.5558971E+00   -1.4000000E+01   -2.2369544E+00   -3.0000000E+01   -2.6748747E+00   -9.0392816E+00   -8.7080636E+00   -9.5864244E+00   -1.1577287E+01   -1.2403628E+01   -2.0650340E+01   -2.9308661E+01   -7.7871199E+00   -6.4127771E+00   -1.0398432E+01   -1.3167191E+01   -8.7102281E+00   -9.2536589E+00   -5.8722612E+00
    9.8100000E+00    6.6621813E+00   -6.6401699E+00   -3.9999999E+00   -3.4135420E+00   -3.4802997E+00   -4.1037126E+00   -1.0797798E+01   -3.6470259E+00   -2.9133169E+00   -3.4668120E+00   -6.4488727E+00   -8.6786845E+00   -1.6786344E+01   -1.4000000E+01   -1.4000000E+01   -3.5495190E+00   -1.4000000E+01   -2.2367629E+00   -3.0000000E+01   -2.6706297E+00   -9.0447645E+00   -8.6981008E+00   -9.5992610E+00   -1.1585126E+01   -1.2418581E+01   -2.0666530E+01   -2.9332206E+01   -7.7792706E+00   -6.4004401E+00   -1.0402278E+01   -1.3178392E+01   -8.7216692E+00   -9.2374804E+00   -5.8639329E+00
    9.9900000E+00    6.6697920E+00   -6.6476752E+00   -3.9999999E+00   -3.4093160E+00   -3.4753196E+00   -4.0993977E+00   -1.0817530E+01   -3.6535697E+00   -2.9168852E+00   -3.4668630E+00   -6.4488752E+00   -8.6936765E+00   -1.6808219E+01   -1.4000000E+01   -1.4000000E+01   -3.5430855E+00   -1.4000000E+01   -2.2365716E+00   -3.0000000E+01   -2.6664618E+00   -9.0501109E+00   -8.6882257E+00   -9.6118542E+00   -1.1592849E+01   -1.2433316E+01   -2.0682483E+01   -2.9355410E+01   -7.7715353E+00   -6.3882978E+00   -1.0406081E+01   -1.3189446E+01   -8.7329579E+00   -9.2215986E+00   -5.8557873E+00
    1.0170000E+01    6.6772884E+00   -6.6550678E+00   -3.9999999E+00   -3.4051944E+00   -3.4706294E+00   -4.0951202E+00   -1.0836914E+01   -3.6600640E+00   -2.9204120E+00   -3.4669140E+00   -6.4488777E+00   -8.7084421E+00   -1.6829765E+01   -1.4000000E+01   -1.4000000E+01   -3.5365618E+00   -1.4000000E+01   -2.2363803E+00   -3.0000000E+01   -2.6623683E+00   -9.0553241E+00   -8.6784460E+00   -9.6242054E+00   -1.1600455E+01   -1.2447829E+01   -2.0698197E+01   -2.9378265E+01   -7.7639159E+00   -6.3763492E+00   -1.0409839E+01   -1.3200345E+01   -8.7440877E+00   -9.2060079E+00   -5.8478169E+00
    1.0350000E+01    6.6846679E+00   -6.6623450E+00   -3.9999999E+00   -3.4011726E+00   -3.4662422E+00   -4.0908740E+00   -1.0855944E+01   -3.6665067E+00   -2.9238918E+00   -3.4669651E+00   -6.4488803E+00   -8.7229754E+00   -1.6850974E+01   -1.4000000E+01   -1.4000000E+01   -3.5299271E+00   -1.4000000E+01   -2.2361892E+00   -3.0000000E+01   -2.6583467E+00   -9.0604057E+00   -8.6687687E+00   -9.6363129E+00   -1.1607941E+01   -1.2462115E+01   -2.0713664E+01   -2.9400765E+01   -7.7564153E+00   -6.3645946E+00   -1.0413544E+01   -1.3211082E+01   -8.7550507E+00   -9.1907042E+00   -5.8400146E+00
    1.0530000E+01    6.6919266E+00   -6.6695029E+00   -3.9999999E+00   -3.3972461E+00   -3.4621565E+00   -4.0866498E+00   -1.0874612E+01   -3.6728956E+00   -2.9273186E+00   -3.4670163E+00   -6.4488828E+00   -8.7372692E+00   -1.6871834E+01   -1.4000000E+01   -1.4000000E+01   -3.5231788E+00   -1.4000000E+01   -2.2359981E+00   -3.0000000E+01   -2.6543943E+00   -9.0653543E+00   -8.6591999E+00   -9.6481716E+00   -1.1615304E+01   -1.2476167E+01   -2.0728879E+01   -2.9422897E+01   -7.7490371E+00   -6.3530349E+00   -1.0417192E+01   -1.3221648E+01   -8.7658370E+00   -9.1756842E+00   -5.8323738E+00
    1.0710000E+01    6.6990599E+00   -6.6765368E+00   -3.9999999E+00   -3.3934109E+00   -3.4583552E+00   -4.0824336E+00   -1.0892904E+01   -3.6792283E+00   -2.9306851E+00   -3.4670675E+00   -6.4488853E+00   -8.7513140E+00   -1.6892331E+01   -1.4000000E+01   -1.4000000E+01   -3.5163342E+00   -1.4000000E+01   -2.2358071E+00   -3.0000000E+01   -2.6505089E+00   -9.0701664E+00   -8.6497455E+00   -9.6597732E+00   -1.1622538E+01   -1.2489974E+01   -2.0743833E+01   -2.9444648E+01   -7.7417860E+00   -6.3416724E+00   -1.0420776E+01   -1.3232029E+01   -8.7764351E+00   -9.1609463E+00   -5.8248879E+00
    1.0890000E+01    6.7060619E+00   -6.6834409E+00   -3.9999999E+00   -3.3896629E+00   -3.4548059E+00   -4.0782027E+00   -1.0910803E+01   -3.6855026E+00   -2.9339835E+00   -3.4671188E+00   -6.4488878E+00   -8.7650982E+00   -1.6912447E+01   -1.4000000E+01   -1.4000000E+01   -3.5094292E+00   -1.4000000E+01   -2.2356161E+00   -3.0000000E+01   -2.6466881E+00   -9.0748368E+00   -8.6404118E+00   -9.6711064E+00   -1.1629638E+01   -1.2503524E+01   -2.0758513E+01   -2.9466001E+01   -7.7346677E+00   -6.3305105E+00   -1.0424287E+01   -1.3242212E+01   -8.7868312E+00   -9.1464899E+00   -5.8175506E+00
    1.1070000E+01    6.7129257E+00   -6.6902081E+00   -3.9999999E+00   -3.3859984E+00   -3.4514652E+00   -4.0739220E+00   -1.0928288E+01   -3.6917163E+00   -2.9372044E+00   -3.4671702E+00   -6.4488903E+00   -8.7786080E+00   -1.6932161E+01   -1.4000000E+01   -1.4000000E+01   -3.5025137E+00   -1.4000000E+01   -2.2354253E+00   -3.0000000E+01   -2.6429296E+00   -9.0793596E+00   -8.6312070E+00   -9.6821584E+00   -1.1636598E+01   -1.2516804E+01   -2.0772907E+01   -2.9486934E+01   -7.7276892E+00   -6.3195536E+00   -1.0427717E+01   -1.3252181E+01   -8.7970092E+00   -9.1323160E+00   -5.8103561E+00
    1.1250000E+01    6.7196428E+00   -6.6968301E+00   -3.9999999E+00   -3.3824136E+00   -3.4482828E+00   -4.0695380E+00   -1.0945339E+01   -3.6978668E+00   -2.9403374E+00   -3.4672217E+00   -6.4488928E+00   -8.7918266E+00   -1.6951447E+01   -1.4000000E+01   -1.4000000E+01   -3.4956463E+00   -1.4000000E+01   -2.2352345E+00   -3.0000000E+01   -2.6392313E+00   -9.0837296E+00   -8.6221427E+00   -9.6929155E+00   -1.1643409E+01   -1.2529797E+01   -2.0786998E+01   -2.9507423E+01   -7.7208588E+00   -6.3088081E+00   -1.0431055E+01   -1.3261917E+01   -8.8069505E+00   -9.1184270E+00   -5.8032984E+00
    1.1430000E+01    6.7262036E+00   -6.7032970E+00   -3.9999999E+00   -3.3789049E+00   -3.4452075E+00   -4.0649722E+00   -1.0961932E+01   -3.7039518E+00   -2.9433704E+00   -3.4672732E+00   -6.4488952E+00   -8.8047345E+00   -1.6970277E+01   -1.4000000E+01   -1.4000000E+01   -3.4888883E+00   -1.4000000E+01   -2.2350439E+00   -3.0000000E+01   -2.6355911E+00   -9.0879441E+00   -8.6132357E+00   -9.7033651E+00   -1.1650062E+01   -1.2542483E+01   -2.0800766E+01   -2.9527438E+01   -7.7141864E+00   -6.2982814E+00   -1.0434289E+01   -1.3271399E+01   -8.8166333E+00   -9.1048272E+00   -5.7963719E+00
    1.1610000E+01    6.7325964E+00   -6.7095973E+00   -3.9999999E+00   -3.3754689E+00   -3.4421927E+00   -4.0601134E+00   -1.0978045E+01   -3.7099687E+00   -2.9462899E+00   -3.4673248E+00   -6.4488977E+00   -8.8173087E+00   -1.6988614E+01   -1.4000000E+01   -1.3999971E+01   -3.4822988E+00   -1.4000000E+01   -2.2348533E+00   -3.0000000E+01   -2.6320068E+00   -9.0920042E+00   -8.6045102E+00   -9.7134969E+00   -1.1656544E+01   -1.2554839E+01   -2.0814160E+01   -2.9546915E+01   -7.7076835E+00   -6.2879832E+00   -1.0437407E+01   -1.3280600E+01   -8.8260325E+00   -9.0915225E+00   -5.7895709E+00
    1.1790000E+01    6.7388078E+00   -6.7157177E+00   -3.9999999E+00   -3.3721020E+00   -3.4392011E+00   -4.0548104E+00   -1.0993659E+01   -3.7159149E+00   -2.9490804E+00   -3.4673764E+00   -6.4489001E+00   -8.8295226E+00   -1.7006420E+01   -1.4000000E+01   -1.3994558E+01   -3.4759306E+00   -1.4000000E+01   -2.2346628E+00   -3.0000000E+01   -2.6284764E+00   -9.0959169E+00   -8.5960001E+00   -9.7233045E+00   -1.1662843E+01   -1.2566839E+01   -2.0821798E+01   -2.9560461E+01   -7.7013635E+00   -6.2779248E+00   -1.0440392E+01   -1.3289493E+01   -8.8351195E+00   -9.0785205E+00   -5.7828899E+00
    1.1970000E+01    6.7448225E+00   -6.7216426E+00   -3.9999999E+00   -3.3688007E+00   -3.4362077E+00   -4.0488651E+00   -1.1008757E+01   -3.7217876E+00   -2.9517244E+00   -3.4674282E+00   -6.4489025E+00   -8.8413455E+00   -1.7023649E+01   -1.4000000E+01   -1.3469033E+01   -3.4698286E+00   -1.4000000E+01   -2.2344724E+00   -3.0000000E+01   -2.6249979E+00   -9.0996961E+00   -8.5877499E+00   -9.7327865E+00   -1.1668944E+01   -1.2578451E+01   -2.0308920E+01   -2.9053298E+01   -7.6952418E+00   -6.2681199E+00   -1.0443227E+01   -1.3298043E+01   -8.8438613E+00   -9.0658314E+00   -5.7763232E+00
    1.2150000E+01    6.7506225E+00   -6.7273545E+00   -3.9999999E+00   -3.3655617E+00   -3.4332018E+00   -4.0420286E+00   -1.1023326E+01   -3.7275838E+00   -2.9542021E+00   -3.4674800E+00   -6.4489050E+00   -8.8527421E+00   -1.7040247E+01   -1.4000000E+01   -1.1340737E+01   -3.4640291E+00   -1.4000000E+01   -2.2342820E+00   -3.0000000E+01   -2.6215694E+00   -9.1033629E+00   -8.5798166E+00   -9.7419465E+00   -1.1674827E+01   -1.2589641E+01   -1.8192830E+01   -2.6942716E+01   -7.6893365E+00   -6.2585845E+00   -1.0445892E+01   -1.3306215E+01   -8.8522203E+00   -9.0534673E+00   -5.7698653E+00
    1.2330000E+01    6.7561810E+00   -6.7328265E+00   -3.9999999E+00   -3.3623947E+00   -3.4301917E+00   -4.0340208E+00   -1.1037347E+01   -3.7332849E+00   -2.9564912E+00   -3.4675318E+00   -6.4489073E+00   -8.8635915E+00   -1.7056136E+01   -1.4000000E+01   -9.0628633E+00   -3.4585683E+00   -1.4000000E+01   -2.2340918E+00   -3.0000000E+01   -2.6181959E+00   -9.1069523E+00   -8.5722890E+00   -9.7507934E+00   -1.1680400E+01   -1.2600355E+01   -1.5926602E+01   -2.4681825E+01   -7.6836747E+00   -6.2493513E+00   -1.0448297E+01   -1.3313958E+01   -8.8600795E+00   -9.0414698E+00   -5.7635305E+00
    1.2510000E+01    6.7602251E+00   -6.7368149E+00   -3.9999999E+00   -3.3618474E+00   -3.4280643E+00   -4.0272075E+00   -1.1296093E+01   -3.7357696E+00   -2.9585783E+00   -3.4675832E+00   -6.4489088E+00   -8.5660209E+00   -1.7066074E+01   -1.4000000E+01   -6.7820511E+00   -3.4548777E+00   -1.4000000E+01   -2.2339016E+00   -3.0000000E+01   -2.6161719E+00   -9.3580505E+00   -8.8152990E+00   -1.0005742E+01   -1.1378967E+01   -1.2606497E+01   -1.3348731E+01   -2.2411656E+01   -7.6795641E+00   -6.2430894E+00   -1.0144972E+01   -1.3318335E+01   -8.5607318E+00   -9.0349198E+00   -5.7610917E+00
    1.2690000E+01    6.7642572E+00   -6.7407920E+00   -3.9999999E+00   -3.3613045E+00   -3.4259476E+00   -4.0198003E+00   -1.1309280E+01   -3.7382493E+00   -2.9606714E+00   -3.4676333E+00   -6.4489103E+00   -8.5674580E+00   -1.7077627E+01   -1.4000000E+01   -6.4821790E+00   -3.4513393E+00   -1.4000000E+01   -2.2337115E+00   -3.0000000E+01   -2.6141667E+00   -9.3636083E+00   -8.8127927E+00   -1.0015140E+01   -1.1376551E+01   -1.2614261E+01   -1.3050802E+01   -2.2124032E+01   -7.6754663E+00   -6.2368608E+00   -1.0140682E+01   -1.3324350E+01   -8.5604074E+00   -9.0284043E+00   -5.7586743E+00
    1.2870000E+01    6.7682663E+00   -6.7447470E+00   -3.9999999E+00   -3.3607659E+00   -3.4238492E+00   -4.0117146E+00   -1.1322133E+01   -3.7407293E+00   -2.9627585E+00   -3.4676819E+00   -6.4489118E+00   -8.5751553E+00   -1.7089161E+01   -1.4000000E+01   -6.3064900E+00   -3.4479577E+00   -1.4000000E+01   -2.2335215E+00   -3.0000000E+01   -2.6121793E+00   -9.3688718E+00   -8.8100380E+00   -1.0024224E+01   -1.1380416E+01   -1.2622026E+01   -1.2883309E+01   -2.1960562E+01   -7.6713924E+00   -6.2306756E+00   -1.0142688E+01   -1.3330380E+01   -8.5663577E+00   -9.0219329E+00   -5.7562774E+00
    1.3050000E+01    6.7722520E+00   -6.7486793E+00   -3.9999999E+00   -3.3602313E+00   -3.4217785E+00   -4.0028622E+00   -1.1335065E+01   -3.7432095E+00   -2.9648388E+00   -3.4677290E+00   -6.4489132E+00   -8.5829919E+00   -1.7100633E+01   -1.4000000E+01   -6.1817639E+00   -3.4447368E+00   -1.4000000E+01   -2.2333316E+00   -3.0000000E+01   -2.6102095E+00   -9.3742554E+00   -8.8074502E+00   -1.0033407E+01   -1.1384441E+01   -1.2629748E+01   -1.2766911E+01   -2.1847984E+01   -7.6673429E+00   -6.2245340E+00   -1.0144871E+01   -1.3336382E+01   -8.5724613E+00   -9.0155056E+00   -5.7539002E+00
    1.3230000E+01    6.7762136E+00   -6.7525885E+00   -3.9999999E+00   -3.3597007E+00   -3.4197462E+00   -3.9931557E+00   -1.1348096E+01   -3.7456898E+00   -2.9669112E+00   -3.4677745E+00   -6.4489147E+00   -8.5907881E+00   -1.7112041E+01   -1.4000000E+01   -6.0849903E+00   -3.4416807E+00   -1.4000000E+01   -2.2331418E+00   -3.0000000E+01   -2.6082569E+00   -9.3797787E+00   -8.8050503E+00   -1.0042709E+01   -1.1388447E+01   -1.2637427E+01   -1.2678417E+01   -2.1763282E+01   -7.6633184E+00   -6.2184368E+00   -1.0147049E+01   -1.3342352E+01   -8.5785379E+00   -9.0091225E+00   -5.7515421E+00
    1.3410000E+01    6.7801503E+00   -6.7564736E+00   -3.9999999E+00   -3.3591737E+00   -3.4177642E+00   -3.9825118E+00   -1.1361243E+01   -3.7481702E+00   -2.9689746E+00   -3.4678184E+00   -6.4489161E+00   -8.5985373E+00   -1.7123382E+01   -1.4000000E+01   -6.0059070E+00   -3.4387933E+00   -1.4000000E+01   -2.2329520E+00   -3.0000000E+01   -2.6063214E+00   -9.3854603E+00   -8.8028584E+00   -1.0052148E+01   -1.1392428E+01   -1.2645060E+01   -1.2607558E+01   -2.1696193E+01   -7.6593199E+00   -6.2123845E+00   -1.0149217E+01   -1.3348290E+01   -8.5845806E+00   -9.0027840E+00   -5.7492025E+00
    1.3590000E+01    6.7840612E+00   -6.7603338E+00   -3.9999999E+00   -3.3586501E+00   -3.4158454E+00   -3.9708543E+00   -1.1374520E+01   -3.7506505E+00   -2.9710277E+00   -3.4678608E+00   -6.4489175E+00   -8.6062376E+00   -1.7134654E+01   -1.4000000E+01   -5.9390361E+00   -3.4360790E+00   -1.4000000E+01   -2.2327624E+00   -3.0000000E+01   -2.6044025E+00   -9.3913167E+00   -8.8008931E+00   -1.0061738E+01   -1.1396382E+01   -1.2652645E+01   -1.2548854E+01   -2.1641236E+01   -7.6553484E+00   -6.2063782E+00   -1.0151374E+01   -1.3354193E+01   -8.5905869E+00   -8.9964904E+00   -5.7468809E+00
    1.3770000E+01    6.7879450E+00   -6.7641680E+00   -3.9999999E+00   -3.3581298E+00   -3.4140028E+00   -3.9581176E+00   -1.1387940E+01   -3.7531308E+00   -2.9730691E+00   -3.4679016E+00   -6.4489189E+00   -8.6138867E+00   -1.7145855E+01   -1.4000000E+01   -5.8811059E+00   -3.4335425E+00   -1.4000000E+01   -2.2325728E+00   -3.0000000E+01   -2.6025001E+00   -9.3973621E+00   -8.7991709E+00   -1.0071494E+01   -1.1400309E+01   -1.2660182E+01   -1.2499030E+01   -2.1595134E+01   -7.6514052E+00   -6.2004188E+00   -1.0153517E+01   -1.3360059E+01   -8.5965540E+00   -8.9902422E+00   -5.7445765E+00
    1.3950000E+01    6.7918005E+00   -6.7679750E+00   -3.9999999E+00   -3.3576125E+00   -3.4122497E+00   -3.9442510E+00   -1.1401512E+01   -3.7556108E+00   -2.9750969E+00   -3.4679408E+00   -6.4489203E+00   -8.6214822E+00   -1.7156980E+01   -1.4000000E+01   -5.8300056E+00   -3.4311893E+00   -1.4000000E+01   -2.2323833E+00   -3.0000000E+01   -2.6006138E+00   -9.4036069E+00   -8.7977048E+00   -1.0081425E+01   -1.1404208E+01   -1.2667666E+01   -1.2455973E+01   -2.1555774E+01   -7.6474915E+00   -6.1945076E+00   -1.0155645E+01   -1.3365884E+01   -8.6024788E+00   -8.9840404E+00   -5.7422888E+00
    1.4130000E+01    6.7956260E+00   -6.7717531E+00   -3.9999999E+00   -3.3570979E+00   -3.4105990E+00   -3.9292213E+00   -1.1415238E+01   -3.7580906E+00   -2.9771095E+00   -3.4679784E+00   -6.4489216E+00   -8.6290209E+00   -1.7168025E+01   -1.4000000E+01   -5.7842935E+00   -3.4290254E+00   -1.4000000E+01   -2.2321939E+00   -3.0000000E+01   -2.5987435E+00   -9.4100575E+00   -8.7965043E+00   -1.0091536E+01   -1.1408076E+01   -1.2675096E+01   -1.2418237E+01   -2.1521708E+01   -7.6436091E+00   -6.1886461E+00   -1.0157756E+01   -1.3371664E+01   -8.6083579E+00   -8.9778858E+00   -5.7400171E+00
    1.4310000E+01    6.7994197E+00   -6.7755006E+00   -3.9999999E+00   -3.3565858E+00   -3.4090621E+00   -3.9130165E+00   -1.1429117E+01   -3.7605701E+00   -2.9791044E+00   -3.4680144E+00   -6.4489230E+00   -8.6364993E+00   -1.7178986E+01   -1.4000000E+01   -5.7429411E+00   -3.4270583E+00   -1.4000000E+01   -2.2320045E+00   -3.0000000E+01   -2.5968888E+00   -9.4167145E+00   -8.7955739E+00   -1.0101825E+01   -1.1411912E+01   -1.2682467E+01   -1.2384790E+01   -2.1491902E+01   -7.6397599E+00   -6.1828362E+00   -1.0159847E+01   -1.3377397E+01   -8.6141871E+00   -8.9717799E+00   -5.7377608E+00
    1.4490000E+01    6.8031795E+00   -6.7792154E+00   -3.9999999E+00   -3.3560760E+00   -3.4076483E+00   -3.8956475E+00   -1.1443139E+01   -3.7630491E+00   -2.9810794E+00   -3.4680488E+00   -6.4489243E+00   -8.6439133E+00   -1.7189856E+01   -1.4000000E+01   -5.7051889E+00   -3.4252969E+00   -1.4000000E+01   -2.2318153E+00   -3.0000000E+01   -2.5950495E+00   -9.4235732E+00   -8.7949130E+00   -1.0112286E+01   -1.1415713E+01   -1.2689777E+01   -1.2354867E+01   -2.1465590E+01   -7.6359462E+00   -6.1770800E+00   -1.0161917E+01   -1.3383078E+01   -8.6199617E+00   -8.9657241E+00   -5.7355193E+00
    1.4670000E+01    6.8069028E+00   -6.7828950E+00   -3.9999999E+00   -3.3555684E+00   -3.4063636E+00   -3.8771497E+00   -1.1457288E+01   -3.7655276E+00   -2.9830315E+00   -3.4680816E+00   -6.4489255E+00   -8.6512578E+00   -1.7200629E+01   -1.4000000E+01   -5.6704599E+00   -3.4237527E+00   -1.4000000E+01   -2.2316261E+00   -3.0000000E+01   -2.5932254E+00   -9.4306220E+00   -8.7945152E+00   -1.0122905E+01   -1.1419477E+01   -1.2697019E+01   -1.2327886E+01   -2.1442187E+01   -7.6321704E+00   -6.1713797E+00   -1.0163961E+01   -1.3388700E+01   -8.6256765E+00   -8.9597205E+00   -5.7332920E+00
    1.4850000E+01    6.8105868E+00   -6.7865367E+00   -3.9999999E+00   -3.3550626E+00   -3.4052092E+00   -3.8575831E+00   -1.1471542E+01   -3.7680053E+00   -2.9849576E+00   -3.4681127E+00   -6.4489267E+00   -8.6585274E+00   -1.7211296E+01   -1.4000000E+01   -5.6383058E+00   -3.4224404E+00   -1.4000000E+01   -2.2314370E+00   -3.0000000E+01   -2.5914161E+00   -9.4378427E+00   -8.7943679E+00   -1.0133662E+01   -1.1423201E+01   -1.2704189E+01   -1.2303393E+01   -2.1421237E+01   -7.6284354E+00   -6.1657381E+00   -1.0165977E+01   -1.3394259E+01   -8.6313254E+00   -8.9537715E+00   -5.7310783E+00
    1.5030000E+01    6.8142282E+00   -6.7901370E+00   -3.9999999E+00   -3.3545585E+00   -3.4041799E+00   -3.8370315E+00   -1.1485867E+01   -3.7704821E+00   -2.9868541E+00   -3.4681422E+00   -6.4489279E+00   -8.6657153E+00   -1.7221847E+01   -1.4000000E+01   -5.6083709E+00   -3.4213787E+00   -1.4000000E+01   -2.2312480E+00   -3.0000000E+01   -2.5896215E+00   -9.4452104E+00   -8.7944528E+00   -1.0144527E+01   -1.1426881E+01   -1.2711280E+01   -1.2281025E+01   -2.1402373E+01   -7.6247447E+00   -6.1601584E+00   -1.0167961E+01   -1.3399747E+01   -8.6369013E+00   -8.9478799E+00   -5.7288778E+00
    1.5210000E+01    6.8178232E+00   -6.7936923E+00   -3.9999999E+00   -3.3540560E+00   -3.4032626E+00   -3.8156007E+00   -1.1500226E+01   -3.7729578E+00   -2.9887168E+00   -3.4681701E+00   -6.4489291E+00   -8.6728141E+00   -1.7232270E+01   -1.4000000E+01   -5.5803686E+00   -3.4205919E+00   -1.4000000E+01   -2.2310591E+00   -3.0000000E+01   -2.5878411E+00   -9.4526933E+00   -8.7947458E+00   -1.0155466E+01   -1.1430515E+01   -1.2718284E+01   -1.2260489E+01   -2.1385298E+01   -7.6211020E+00   -6.1546443E+00   -1.0169910E+01   -1.3405157E+01   -8.6423963E+00   -8.9420490E+00   -5.7266900E+00
    1.5390000E+01    6.8213673E+00   -6.7971981E+00   -3.9999999E+00   -3.3535550E+00   -3.4024350E+00   -3.7934152E+00   -1.1514571E+01   -3.7754321E+00   -2.9905412E+00   -3.4681963E+00   -6.4489302E+00   -8.6798150E+00   -1.7242554E+01   -1.4000000E+01   -5.5540645E+00   -3.4201101E+00   -1.4000000E+01   -2.2308702E+00   -3.0000000E+01   -2.5860749E+00   -9.4602535E+00   -8.7952177E+00   -1.0166436E+01   -1.1434097E+01   -1.2725193E+01   -1.2241540E+01   -2.1369764E+01   -7.6175118E+00   -6.1491997E+00   -1.0171817E+01   -1.3410479E+01   -8.6478015E+00   -8.9362829E+00   -5.7245145E+00
    1.5570000E+01    6.8248555E+00   -6.8006494E+00   -3.9999999E+00   -3.3530553E+00   -3.4016647E+00   -3.7706152E+00   -1.1528849E+01   -3.7779048E+00   -2.9923218E+00   -3.4682209E+00   -6.4489313E+00   -8.6867080E+00   -1.7252683E+01   -1.4000000E+01   -5.5292643E+00   -3.4199696E+00   -1.4000000E+01   -2.2306815E+00   -3.0000000E+01   -2.5843224E+00   -9.4678472E+00   -8.7958349E+00   -1.0177389E+01   -1.1437623E+01   -1.2731996E+01   -1.2223975E+01   -2.1355561E+01   -7.6139791E+00   -6.1438295E+00   -1.0173679E+01   -1.3415703E+01   -8.6531067E+00   -8.9305862E+00   -5.7223509E+00
    1.5750000E+01    6.8282822E+00   -6.8040404E+00   -3.9999999E+00   -3.3525570E+00   -3.4009094E+00   -3.7473519E+00   -1.1542998E+01   -3.7803756E+00   -2.9940528E+00   -3.4682438E+00   -6.4489324E+00   -8.6934815E+00   -1.7262639E+01   -1.4000000E+01   -5.5058052E+00   -3.4202128E+00   -1.4000000E+01   -2.2304928E+00   -3.0000000E+01   -2.5825834E+00   -9.4754259E+00   -8.7965602E+00   -1.0188269E+01   -1.1441086E+01   -1.2738683E+01   -1.2207619E+01   -2.1342510E+01   -7.6105095E+00   -6.1385390E+00   -1.0175489E+01   -1.3420818E+01   -8.6583000E+00   -8.9249644E+00   -5.7201991E+00
    1.5930000E+01    6.8316408E+00   -6.8073646E+00   -3.9999999E+00   -3.3520601E+00   -3.4001176E+00   -3.7237831E+00   -1.1556955E+01   -3.7828440E+00   -2.9957274E+00   -3.4682650E+00   -6.4489334E+00   -8.7001225E+00   -1.7272402E+01   -1.4000000E+01   -5.4835497E+00   -3.4208867E+00   -1.4000000E+01   -2.2303042E+00   -3.0000000E+01   -2.5808577E+00   -9.4829372E+00   -8.7973543E+00   -1.0199019E+01   -1.1444481E+01   -1.2745239E+01   -1.2192323E+01   -2.1330453E+01   -7.6071095E+00   -6.1333342E+00   -1.0177240E+01   -1.3425809E+01   -8.6633683E+00   -8.9194238E+00   -5.7180588E+00
    1.6110000E+01    6.8349238E+00   -6.8106145E+00   -3.9999999E+00   -3.3515646E+00   -3.3992309E+00   -3.7000693E+00   -1.1570647E+01   -3.7853098E+00   -2.9973378E+00   -3.4682845E+00   -6.4489344E+00   -8.7066160E+00   -1.7281949E+01   -1.4000000E+01   -5.4623801E+00   -3.4220412E+00   -1.4000000E+01   -2.2301157E+00   -3.0000000E+01   -2.5791448E+00   -9.4903258E+00   -8.7981769E+00   -1.0209574E+01   -1.1447800E+01   -1.2751649E+01   -1.2177953E+01   -2.1319252E+01   -7.6037866E+00   -6.1282221E+00   -1.0178926E+01   -1.3430663E+01   -8.6682967E+00   -8.9139716E+00   -5.7159300E+00
    1.6290000E+01    6.8381228E+00   -6.8137814E+00   -3.9999999E+00   -3.3510706E+00   -3.3981872E+00   -3.6763690E+00   -1.1584000E+01   -3.7877723E+00   -2.9988755E+00   -3.4683024E+00   -6.4489354E+00   -8.7129448E+00   -1.7291254E+01   -1.4000000E+01   -5.4421955E+00   -3.4237261E+00   -1.4000000E+01   -2.2299272E+00   -3.0000000E+01   -2.5774446E+00   -9.4975348E+00   -8.7989879E+00   -1.0219870E+01   -1.1451035E+01   -1.2757897E+01   -1.2164394E+01   -2.1308779E+01   -7.6005490E+00   -6.1232105E+00   -1.0180537E+01   -1.3435360E+01   -8.6730680E+00   -8.9086163E+00   -5.7138126E+00
    1.6470000E+01    6.8412281E+00   -6.8168557E+00   -3.9999999E+00   -3.3505782E+00   -3.3969242E+00   -3.6528350E+00   -1.1596937E+01   -3.7902312E+00   -3.0003305E+00   -3.4683186E+00   -6.4489363E+00   -8.7190895E+00   -1.7300288E+01   -1.4000000E+01   -5.4229080E+00   -3.4259878E+00   -1.4000000E+01   -2.2297389E+00   -3.0000000E+01   -2.5757566E+00   -9.5045065E+00   -8.7997490E+00   -1.0229838E+01   -1.1454175E+01   -1.2763962E+01   -1.2151539E+01   -2.1298919E+01   -7.5974063E+00   -6.1183084E+00   -1.0182065E+01   -1.3439883E+01   -8.6776630E+00   -8.9033674E+00   -5.7117066E+00
    1.6650000E+01    6.8442289E+00   -6.8198263E+00   -3.9999999E+00   -3.3500876E+00   -3.3953846E+00   -3.6296110E+00   -1.1609377E+01   -3.7926859E+00   -3.0016919E+00   -3.4683331E+00   -6.4489373E+00   -8.7250283E+00   -1.7309016E+01   -1.4000000E+01   -5.4044415E+00   -3.4288654E+00   -1.4000000E+01   -2.2295506E+00   -3.0000000E+01   -2.5740805E+00   -9.5111836E+00   -8.8004246E+00   -1.0239410E+01   -1.1457212E+01   -1.2769823E+01   -1.2139290E+01   -2.1289563E+01   -7.5943692E+00   -6.1135260E+00   -1.0183497E+01   -1.3444209E+01   -8.6820600E+00   -8.8982356E+00   -5.7096122E+00
    1.6830000E+01    6.8471128E+00   -6.8226809E+00   -3.9999999E+00   -3.3495989E+00   -3.3935197E+00   -3.6068294E+00   -1.1621239E+01   -3.7951358E+00   -3.0029470E+00   -3.4683458E+00   -6.4489382E+00   -8.7307361E+00   -1.7317401E+01   -1.4000000E+01   -5.3867286E+00   -3.4323876E+00   -1.4000000E+01   -2.2293624E+00   -3.0000000E+01   -2.5724161E+00   -9.5175101E+00   -8.8009833E+00   -1.0248518E+01   -1.1460132E+01   -1.2775453E+01   -1.2127557E+01   -2.1280607E+01   -7.5914500E+00   -6.1088747E+00   -1.0184823E+01   -1.3448312E+01   -8.6862341E+00   -8.8932333E+00   -5.7075295E+00
    1.7010000E+01    6.8498659E+00   -6.8254052E+00   -3.9999999E+00   -3.3491124E+00   -3.3912934E+00   -3.5846085E+00   -1.1632439E+01   -3.7975802E+00   -3.0040817E+00   -3.4683570E+00   -6.4489390E+00   -8.7361851E+00   -1.7325399E+01   -1.4000000E+01   -5.3697104E+00   -3.4365694E+00   -1.4000000E+01   -2.2291743E+00   -3.0000000E+01   -2.5707628E+00   -9.5234317E+00   -8.8013987E+00   -1.0257092E+01   -1.1462922E+01   -1.2780825E+01   -1.2116253E+01   -2.1271952E+01   -7.5886623E+00   -6.1043676E+00   -1.0186029E+01   -1.3452165E+01   -8.6901578E+00   -8.8883744E+00   -5.7054586E+00
    1.7190000E+01    6.8524725E+00   -6.8279836E+00   -3.9999999E+00   -3.3486281E+00   -3.3886849E+00   -3.5630517E+00   -1.1642894E+01   -3.8000185E+00   -3.0050802E+00   -3.4683664E+00   -6.4489399E+00   -8.7413434E+00   -1.7332962E+01   -1.4000000E+01   -5.3533343E+00   -3.4414093E+00   -1.4000000E+01   -2.2289863E+00   -3.0000000E+01   -2.5691203E+00   -9.5288963E+00   -8.8016500E+00   -1.0265064E+01   -1.1465566E+01   -1.2785905E+01   -1.2105297E+01   -2.1263497E+01   -7.5860216E+00   -6.1000195E+00   -1.0187098E+01   -1.3455736E+01   -8.6937995E+00   -8.8836745E+00   -5.7033997E+00
    1.7370000E+01    6.8549150E+00   -6.8303982E+00   -3.9999999E+00   -3.3481463E+00   -3.3856900E+00   -3.5422467E+00   -1.1652515E+01   -3.8024498E+00   -3.0059245E+00   -3.4683741E+00   -6.4489408E+00   -8.7461756E+00   -1.7340036E+01   -1.4000000E+01   -5.3375536E+00   -3.4468886E+00   -1.4000000E+01   -2.2287984E+00   -3.0000000E+01   -2.5674883E+00   -9.5338538E+00   -8.8017227E+00   -1.0272366E+01   -1.1468047E+01   -1.2790659E+01   -1.2094607E+01   -2.1255144E+01   -7.5835455E+00   -6.0958471E+00   -1.0188014E+01   -1.3458989E+01   -8.6971241E+00   -8.8791512E+00   -5.7013528E+00
    1.7550000E+01    6.8571734E+00   -6.8326289E+00   -3.9999999E+00   -3.3476672E+00   -3.3823209E+00   -3.5222651E+00   -1.1661216E+01   -3.8048733E+00   -3.0065946E+00   -3.4683801E+00   -6.4489417E+00   -8.7506418E+00   -1.7346559E+01   -1.4000000E+01   -5.3223264E+00   -3.4529702E+00   -1.4000000E+01   -2.2286105E+00   -3.0000000E+01   -2.5658662E+00   -9.5382566E+00   -8.8016085E+00   -1.0278930E+01   -1.1470346E+01   -1.2795046E+01   -1.2084103E+01   -2.1246791E+01   -7.5812536E+00   -6.0918692E+00   -1.0188757E+01   -1.3461884E+01   -8.7000917E+00   -8.8748243E+00   -5.6993181E+00
    1.7730000E+01    6.8592256E+00   -6.8346534E+00   -3.9999999E+00   -3.3471907E+00   -3.3786049E+00   -3.5031637E+00   -1.1668903E+01   -3.8072881E+00   -3.0070678E+00   -3.4683844E+00   -6.4489425E+00   -8.7546972E+00   -1.7352464E+01   -1.4000000E+01   -5.3076156E+00   -3.4595992E+00   -1.4000000E+01   -2.2284227E+00   -3.0000000E+01   -2.5642536E+00   -9.5420582E+00   -8.8013058E+00   -1.0284687E+01   -1.1472439E+01   -1.2799021E+01   -1.2073704E+01   -2.1238337E+01   -7.5791681E+00   -6.0881073E+00   -1.0189305E+01   -1.3464376E+01   -8.7026579E+00   -8.8707160E+00   -5.6972956E+00
    1.7910000E+01    6.8610384E+00   -6.8364386E+00   -3.9999999E+00   -3.3467195E+00   -3.3746051E+00   -3.4850725E+00   -1.1675452E+01   -3.8096808E+00   -3.0073190E+00   -3.4683870E+00   -6.4489434E+00   -8.7582758E+00   -1.7357651E+01   -1.4000000E+01   -5.2934594E+00   -3.4666656E+00   -1.4000000E+01   -2.2282360E+00   -3.0000000E+01   -2.5626582E+00   -9.5452004E+00   -8.8008223E+00   -1.0289545E+01   -1.1474296E+01   -1.2802517E+01   -1.2063383E+01   -2.1229719E+01   -7.5773218E+00   -6.0846020E+00   -1.0189632E+01   -1.3466406E+01   -8.7047645E+00   -8.8668693E+00   -5.6952955E+00
