# Time          5.0000E+01
# Units: Log10 mol/kgw
    Distance      pH               H+               Li+              Na+              Ca++             K+               Al+++            SiO2(aq)         CO2(aq)          O2(aq)           Methane(aq)      Fe++             Fe+++            HS-              SO4--            Mg++             Cl-              CH2O             Tracer           HCO3-            Al(OH)2+         AlO2-            AlOH++           FeOH+            FeOH++           FeSO4(aq)        FeSO4+           OH-              CO3--            FeCO3(aq)        FeCO3+           FeHCO3+          NaCO3-           NaHCO3(aq)   
    9.0000000E-02    5.7925587E+00   -5.7867724E+00   -3.9999999E+00   -5.0847854E+00   -5.4179798E+00   -5.2775076E+00   -6.4839903E+00   -4.9846539E+00   -3.2097628E+00   -3.4641167E+00   -6.4486664E+00   -7.2909547E+00   -1.3921719E+01   -1.4000000E+01   -1.4000003E+01   -5.6092545E+00   -1.4000000E+01   -3.2727531E+00   -3.0000000E+01   -3.8547757E+00   -6.3412441E+00   -7.7338254E+00   -6.0792171E+00   -1.1015926E+01   -1.0347719E+01   -1.9138009E+01   -2.6267001E+01   -8.6669027E+00   -8.5073078E+00   -1.0981312E+01   -1.2220743E+01   -8.4491586E+00   -1.2944658E+01   -8.6834106E+00
    2.7000000E-01    5.8352271E+00   -5.8291229E+00   -3.9999999E+00   -4.9166404E+00   -5.1706021E+00   -5.2424094E+00   -6.7707381E+00   -4.7502718E+00   -3.2149792E+00   -3.4641364E+00   -6.4486674E+00   -7.2171194E+00   -1.4449708E+01   -1.4000000E+01   -1.4000004E+01   -5.3509086E+00   -1.4000000E+01   -3.2722338E+00   -3.0000000E+01   -3.8169916E+00   -6.5451902E+00   -7.8524349E+00   -6.3248432E+00   -1.0900395E+01   -1.0834587E+01   -1.9066803E+01   -2.6798851E+01   -8.6239025E+00   -8.4258669E+00   -1.0828660E+01   -1.2671146E+01   -8.3388425E+00   -1.2696391E+01   -8.4781442E+00
    4.5000000E-01    5.8746165E+00   -5.8682135E+00   -3.9999999E+00   -4.8047156E+00   -5.0218955E+00   -5.1871940E+00   -7.0608638E+00   -4.6068693E+00   -3.2201904E+00   -3.4641564E+00   -6.4486683E+00   -7.1794982E+00   -1.4564903E+01   -1.4000000E+01   -1.4000004E+01   -5.2023624E+00   -1.4000000E+01   -3.2717150E+00   -3.0000000E+01   -3.7825002E+00   -6.7589203E+00   -7.9873862E+00   -6.5770316E+00   -1.0824300E+01   -1.0911844E+01   -1.9031659E+01   -2.6917677E+01   -8.5842004E+00   -8.3510550E+00   -1.0718698E+01   -1.2715154E+01   -8.2679572E+00   -1.2510897E+01   -8.3323527E+00
    6.3000000E-01    5.9109633E+00   -5.9042819E+00   -3.9999999E+00   -4.7220784E+00   -4.9189626E+00   -5.1140718E+00   -7.2978429E+00   -4.5051385E+00   -3.2253537E+00   -3.4641765E+00   -6.4486693E+00   -7.1672575E+00   -1.4671175E+01   -1.4000000E+01   -1.4000004E+01   -5.1008474E+00   -1.4000000E+01   -3.2711968E+00   -3.0000000E+01   -3.7510243E+00   -6.9254262E+00   -8.0811983E+00   -6.7790151E+00   -1.0776567E+01   -1.0983121E+01   -1.9021730E+01   -2.7027335E+01   -8.5475615E+00   -8.2823630E+00   -1.0640072E+01   -1.2756115E+01   -8.2253854E+00   -1.2360728E+01   -8.2188227E+00
    8.1000000E-01    5.9442962E+00   -5.9373592E+00   -3.9999999E+00   -4.6572396E+00   -4.8426491E+00   -5.0289349E+00   -7.4942227E+00   -4.4280877E+00   -3.2304306E+00   -3.4641966E+00   -6.4486702E+00   -7.1739692E+00   -1.4768656E+01   -1.4000000E+01   -1.4000004E+01   -5.0260693E+00   -1.4000000E+01   -3.2706793E+00   -3.0000000E+01   -3.7224994E+00   -7.0571778E+00   -8.1462843E+00   -6.9433006E+00   -1.0750731E+01   -1.1048507E+01   -1.9030567E+01   -2.7127924E+01   -8.5139601E+00   -8.2197063E+00   -1.0586247E+01   -1.2794043E+01   -8.2046243E+00   -1.2234299E+01   -8.1259953E+00
    9.9000000E-01    5.9749643E+00   -5.9677933E+00   -3.9999999E+00   -4.6042770E+00   -4.7836820E+00   -4.9389571E+00   -7.6631161E+00   -4.3670433E+00   -3.2354202E+00   -3.4642169E+00   -6.4486710E+00   -7.1951815E+00   -1.4858390E+01   -1.4000000E+01   -1.4000004E+01   -4.9686007E+00   -1.4000000E+01   -3.2701624E+00   -3.0000000E+01   -3.6965741E+00   -7.1666013E+00   -8.1943714E+00   -7.0826591E+00   -1.0741994E+01   -1.1108706E+01   -1.9053728E+01   -2.7220507E+01   -8.4830454E+00   -8.1623797E+00   -1.0552078E+01   -1.2829294E+01   -8.2008760E+00   -1.2124988E+01   -8.0475995E+00
    1.1700000E+00    6.0033504E+00   -5.9959641E+00   -3.9999999E+00   -4.5597631E+00   -4.7366920E+00   -4.8502918E+00   -7.8122405E+00   -4.3170823E+00   -3.2403363E+00   -3.4642372E+00   -6.4486717E+00   -7.2274098E+00   -1.4941502E+01   -1.4000000E+01   -1.4000003E+01   -4.9230546E+00   -1.4000000E+01   -3.2696461E+00   -3.0000000E+01   -3.6728767E+00   -7.2606694E+00   -8.2316674E+00   -7.2044383E+00   -1.0746498E+01   -1.1164473E+01   -1.9087751E+01   -2.7306240E+01   -8.4544323E+00   -8.1096213E+00   -1.0533338E+01   -1.2862265E+01   -8.2102948E+00   -1.2028617E+01   -7.9798415E+00
    1.3500000E+00    6.0297934E+00   -6.0222080E+00   -3.9999999E+00   -4.5215486E+00   -4.6981757E+00   -4.7670466E+00   -7.9463377E+00   -4.2751938E+00   -3.2451997E+00   -3.4642577E+00   -6.4486725E+00   -7.2677008E+00   -1.5018980E+01   -1.4000000E+01   -1.4000003E+01   -4.8859269E+00   -1.4000000E+01   -3.2691304E+00   -3.0000000E+01   -3.6510865E+00   -7.3434677E+00   -8.2615796E+00   -7.3130544E+00   -1.0760959E+01   -1.1216470E+01   -1.9129704E+01   -2.7386144E+01   -8.4277790E+00   -8.0607628E+00   -1.0526428E+01   -1.2893307E+01   -8.2296177E+00   -1.1942378E+01   -7.9202566E+00
    1.5300000E+00    6.0545825E+00   -6.0468116E+00   -3.9999999E+00   -4.4882034E+00   -4.6656899E+00   -4.6913376E+00   -8.0685927E+00   -4.2394207E+00   -3.2500377E+00   -3.4642782E+00   -6.4486731E+00   -7.3134636E+00   -1.5091658E+01   -1.4000000E+01   -1.4000003E+01   -4.8547746E+00   -1.4000000E+01   -3.2686153E+00   -3.0000000E+01   -3.6309390E+00   -7.4176230E+00   -8.2861568E+00   -7.4114156E+00   -1.0782504E+01   -1.1265254E+01   -1.9177016E+01   -2.7461083E+01   -8.4027937E+00   -8.0152431E+00   -1.0528217E+01   -1.2922722E+01   -8.2559994E+00   -1.1864292E+01   -7.8671557E+00
    1.7100000E+00    6.0779664E+00   -6.0700214E+00   -3.9999999E+00   -4.4587309E+00   -4.6374961E+00   -4.6238059E+00   -8.1812986E+00   -4.2084272E+00   -3.2548853E+00   -3.4642988E+00   -6.4486737E+00   -7.3624413E+00   -1.5160252E+01   -1.4000000E+01   -1.4000002E+01   -4.8278588E+00   -1.4000000E+01   -3.2681009E+00   -3.0000000E+01   -3.6122180E+00   -7.4849482E+00   -8.3067142E+00   -7.5015769E+00   -1.0808634E+01   -1.1311303E+01   -1.9227449E+01   -2.7531798E+01   -8.3792255E+00   -7.9725905E+00   -1.0535994E+01   -1.2950781E+01   -8.2869759E+00   -1.1792898E+01   -7.8193302E+00
    1.8900000E+00    6.1001672E+00   -6.0920578E+00   -3.9999999E+00   -4.4324011E+00   -4.6123631E+00   -4.5642265E+00   -8.2862183E+00   -4.1812560E+00   -3.2597885E+00   -3.4643195E+00   -6.4486743E+00   -7.4127619E+00   -1.5225399E+01   -1.4000000E+01   -1.4000002E+01   -4.8039317E+00   -1.4000000E+01   -3.2675628E+00   -3.0000000E+01   -3.5947457E+00   -7.5467767E+00   -8.3241411E+00   -7.5850882E+00   -1.0837261E+01   -1.1355042E+01   -1.9279147E+01   -2.7598950E+01   -8.3568503E+00   -7.9323993E+00   -1.0547497E+01   -1.2977739E+01   -8.3205047E+00   -1.1727068E+01   -7.7758762E+00
    2.0700000E+00    6.1227331E+00   -6.1144336E+00   -3.9999999E+00   -4.3990390E+00   -4.5790855E+00   -4.5644928E+00   -8.2771891E+00   -4.1461864E+00   -3.2647739E+00   -3.4643404E+00   -6.4486752E+00   -7.4856010E+00   -1.5291728E+01   -1.4000000E+01   -1.4000002E+01   -4.7536763E+00   -1.4000000E+01   -3.2377952E+00   -3.0000000E+01   -3.5769630E+00   -7.4941302E+00   -8.2263627E+00   -7.5544081E+00   -1.0888121E+01   -1.1399720E+01   -1.9353579E+01   -2.7667598E+01   -8.3340825E+00   -7.8914511E+00   -1.0580977E+01   -1.3005434E+01   -8.3763483E+00   -1.1653558E+01   -7.7251344E+00
    2.2500000E+00    6.1439758E+00   -6.1354964E+00   -3.9999999E+00   -4.3694450E+00   -4.5487913E+00   -4.5648857E+00   -8.3810235E+00   -4.1157526E+00   -3.2696378E+00   -3.4643614E+00   -6.4486760E+00   -7.5514618E+00   -1.5353920E+01   -1.4000000E+01   -1.4000001E+01   -4.7095690E+00   -1.4000000E+01   -3.2099378E+00   -3.0000000E+01   -3.5603925E+00   -7.5569127E+00   -8.2466599E+00   -7.6378652E+00   -1.0933294E+01   -1.1441535E+01   -1.9420949E+01   -2.7731986E+01   -8.3126485E+00   -7.8530700E+00   -1.0609962E+01   -1.3031437E+01   -8.4263843E+00   -1.1586341E+01   -7.6793518E+00
    2.4300000E+00    6.1641193E+00   -6.1554686E+00   -3.9999999E+00   -4.3429199E+00   -4.5210086E+00   -4.5653903E+00   -8.4789593E+00   -4.0889385E+00   -3.2744188E+00   -3.4643824E+00   -6.4486768E+00   -7.6103711E+00   -1.5412871E+01   -1.4000000E+01   -1.4000001E+01   -4.6703219E+00   -1.4000000E+01   -3.1837601E+00   -3.0000000E+01   -3.5448473E+00   -7.6159260E+00   -8.2653862E+00   -7.7164806E+00   -1.0972589E+01   -1.1481166E+01   -1.9481297E+01   -2.7793029E+01   -8.2923226E+00   -7.8168397E+00   -1.0634076E+01   -1.3056246E+01   -8.4704588E+00   -1.1524309E+01   -7.6376455E+00
    2.6100000E+00    6.1832836E+00   -6.1744694E+00   -3.9999999E+00   -4.3189379E+00   -4.4953684E+00   -4.5659992E+00   -8.5706129E+00   -4.0650949E+00   -3.2791232E+00   -3.4644036E+00   -6.4486775E+00   -7.6629643E+00   -1.5468938E+01   -1.4000000E+01   -1.4000001E+01   -4.6350118E+00   -1.4000000E+01   -3.1590709E+00   -3.0000000E+01   -3.5302128E+00   -7.6705537E+00   -8.2816853E+00   -7.7897551E+00   -1.1006524E+01   -1.1518853E+01   -1.9535265E+01   -2.7851092E+01   -8.2729840E+00   -7.7825235E+00   -1.0653723E+01   -1.3079989E+01   -8.5090962E+00   -1.1466701E+01   -7.5993769E+00
    2.7900000E+00    6.2015699E+00   -6.1925991E+00   -3.9999999E+00   -4.2970944E+00   -4.4715764E+00   -4.5667055E+00   -8.6568060E+00   -4.0437294E+00   -3.2837564E+00   -3.4644249E+00   -6.4486783E+00   -7.7101893E+00   -1.5522420E+01   -1.4000000E+01   -1.4000001E+01   -4.6029530E+00   -1.4000000E+01   -3.1357101E+00   -3.0000000E+01   -3.5163924E+00   -7.7214207E+00   -8.2959797E+00   -7.8584127E+00   -1.1035946E+01   -1.1554800E+01   -1.9583807E+01   -2.7906487E+01   -8.2545307E+00   -7.7499212E+00   -1.0669659E+01   -1.3102777E+01   -8.5431508E+00   -1.1412917E+01   -7.5640464E+00
    2.9700000E+00    6.2190648E+00   -6.2099440E+00   -3.9999999E+00   -4.2770716E+00   -4.4493946E+00   -4.5675027E+00   -8.7382151E+00   -4.0244592E+00   -3.2883236E+00   -3.4644464E+00   -6.4486790E+00   -7.7530458E+00   -1.5573577E+01   -1.4000000E+01   -1.4000001E+01   -4.5736226E+00   -1.4000000E+01   -3.1135420E+00   -3.0000000E+01   -3.5033040E+00   -7.7690351E+00   -8.3086043E+00   -7.9230463E+00   -1.1061772E+01   -1.1589181E+01   -1.9627927E+01   -2.7959477E+01   -8.2368754E+00   -7.7188621E+00   -1.0682717E+01   -1.3124705E+01   -8.5735427E+00   -1.1362470E+01   -7.5312552E+00
    3.1500000E+00    6.2358431E+00   -6.2265781E+00   -3.9999999E+00   -4.2586159E+00   -4.4286277E+00   -4.5683846E+00   -8.8153946E+00   -4.0069817E+00   -3.2928292E+00   -3.4644680E+00   -6.4486797E+00   -7.7924250E+00   -1.5622629E+01   -1.4000000E+01   -1.4000001E+01   -4.5466127E+00   -1.4000000E+01   -3.0924508E+00   -3.0000000E+01   -3.4908768E+00   -7.8138064E+00   -8.3198191E+00   -7.9841383E+00   -1.1084820E+01   -1.1622146E+01   -1.9668522E+01   -2.8010293E+01   -8.2199428E+00   -7.6891990E+00   -1.0693645E+01   -1.3145854E+01   -8.6010944E+00   -1.1314962E+01   -7.5006802E+00
    3.3300000E+00    6.2519695E+00   -6.2425658E+00   -3.9999999E+00   -4.2415218E+00   -4.4091133E+00   -4.5693455E+00   -8.8888054E+00   -3.9910532E+00   -3.2972775E+00   -3.4644897E+00   -6.4486804E+00   -7.8290448E+00   -1.5669770E+01   -1.4000000E+01   -1.4000001E+01   -4.5215995E+00   -1.4000000E+01   -3.0723365E+00   -3.0000000E+01   -3.4790497E+00   -7.8560696E+00   -8.3298294E+00   -8.0420871E+00   -1.1105743E+01   -1.1653825E+01   -1.9706313E+01   -2.8059132E+01   -8.2036678E+00   -7.6608046E+00   -1.0703037E+01   -1.3166294E+01   -8.6264646E+00   -1.1270062E+01   -7.4720556E+00
    3.5100000E+00    6.2675006E+00   -6.2579631E+00   -3.9999999E+00   -4.2256205E+00   -4.3907153E+00   -4.5703801E+00   -8.9588347E+00   -3.9764753E+00   -3.3016721E+00   -3.4645117E+00   -6.4486811E+00   -7.8634488E+00   -1.5715167E+01   -1.4000000E+01   -1.4000001E+01   -4.4983216E+00   -1.4000000E+01   -3.0531127E+00   -3.0000000E+01   -3.4677694E+00   -7.8961024E+00   -8.3387998E+00   -8.0972256E+00   -1.1125030E+01   -1.1684331E+01   -1.9741847E+01   -2.8106165E+01   -8.1879932E+00   -7.6335678E+00   -1.0711331E+01   -1.3186088E+01   -8.6501456E+00   -1.1227492E+01   -7.4451603E+00
    3.6900000E+00    6.2824861E+00   -6.2728193E+00   -3.9999999E+00   -4.2107720E+00   -4.3733185E+00   -4.5714832E+00   -9.0258118E+00   -3.9630841E+00   -3.3060167E+00   -3.4645338E+00   -6.4486817E+00   -7.8960356E+00   -1.5758966E+01   -1.4000000E+01   -1.4000001E+01   -4.4765650E+00   -1.4000000E+01   -3.0347039E+00   -3.0000000E+01   -3.4569896E+00   -7.9341375E+00   -8.3468641E+00   -8.1498350E+00   -1.1143032E+01   -1.1713762E+01   -1.9775525E+01   -2.8151545E+01   -8.1728691E+00   -7.6073914E+00   -1.0718830E+01   -1.3205288E+01   -8.6724910E+00   -1.1187016E+01   -7.4198087E+00
    3.8700000E+00    6.2969696E+00   -6.2871779E+00   -3.9999999E+00   -4.1968588E+00   -4.3568241E+00   -4.5726503E+00   -9.0900189E+00   -3.9507429E+00   -3.3103143E+00   -3.4645560E+00   -6.4486824E+00   -7.9270953E+00   -1.5801295E+01   -1.4000000E+01   -1.4000000E+01   -4.4561524E+00   -1.4000000E+01   -3.0170438E+00   -3.0000000E+01   -3.4466692E+00   -7.9703724E+00   -8.3541319E+00   -8.2001555E+00   -1.1159996E+01   -1.1742205E+01   -1.9807642E+01   -2.8195404E+01   -8.1582513E+00   -7.5821897E+00   -1.0725741E+01   -1.3223942E+01   -8.6937512E+00   -1.1148433E+01   -7.3958430E+00
    4.0500000E+00    6.3109900E+00   -6.3010773E+00   -3.9999999E+00   -4.1837816E+00   -4.3411475E+00   -4.5738768E+00   -9.1516998E+00   -3.9393366E+00   -3.3145679E+00   -3.4645784E+00   -6.4486830E+00   -7.9568415E+00   -1.5842270E+01   -1.4000000E+01   -1.4000000E+01   -4.4369355E+00   -1.4000000E+01   -3.0000738E+00   -3.0000000E+01   -3.4367721E+00   -8.0049757E+00   -8.3606946E+00   -8.2483938E+00   -1.1176097E+01   -1.1769737E+01   -1.9838412E+01   -2.8237860E+01   -8.1441009E+00   -7.5578867E+00   -1.0732205E+01   -1.3242091E+01   -8.7141048E+00   -1.1111567E+01   -7.3731281E+00
    4.2300000E+00    6.3245817E+00   -6.3145517E+00   -3.9999999E+00   -4.1714554E+00   -4.3262151E+00   -4.5751586E+00   -9.2110672E+00   -3.9287673E+00   -3.3187801E+00   -3.4646010E+00   -6.4486836E+00   -7.9854354E+00   -1.5881992E+01   -1.4000000E+01   -1.4000000E+01   -4.4187886E+00   -1.4000000E+01   -2.9837421E+00   -3.0000000E+01   -3.4272662E+00   -8.0380932E+00   -8.3666285E+00   -8.2947290E+00   -1.1191463E+01   -1.1796426E+01   -1.9867999E+01   -2.8279018E+01   -8.1303830E+00   -7.5344151E+00   -1.0738317E+01   -1.3259774E+01   -8.7336821E+00   -1.1076269E+01   -7.3515478E+00
    4.4100000E+00    6.3377757E+00   -6.3276320E+00   -3.9999999E+00   -4.1598075E+00   -4.3119626E+00   -4.5764919E+00   -9.2683072E+00   -3.9189512E+00   -3.3229536E+00   -3.4646238E+00   -6.4486843E+00   -8.0130029E+00   -1.5920550E+01   -1.4000000E+01   -1.4000000E+01   -4.4016049E+00   -1.4000000E+01   -2.9680023E+00   -3.0000000E+01   -3.4181228E+00   -8.0698510E+00   -8.3719984E+00   -8.3393178E+00   -1.1206190E+01   -1.1822334E+01   -1.9896531E+01   -2.8318971E+01   -8.1170664E+00   -7.5117146E+00   -1.0744145E+01   -1.3277023E+01   -8.7525813E+00   -1.1042405E+01   -7.3310010E+00
    4.5900000E+00    6.3505997E+00   -6.3403454E+00   -3.9999999E+00   -4.1487746E+00   -4.2983339E+00   -4.5778730E+00   -9.3235841E+00   -3.9098162E+00   -3.3270904E+00   -3.4646468E+00   -6.4486849E+00   -8.0396453E+00   -1.5958028E+01   -1.4000000E+01   -1.4000000E+01   -4.3852922E+00   -1.4000000E+01   -2.9528131E+00   -3.0000000E+01   -3.4093163E+00   -8.1003599E+00   -8.3768593E+00   -8.3822976E+00   -1.1220352E+01   -1.1847514E+01   -1.9924110E+01   -2.8357803E+01   -8.1041233E+00   -7.4897311E+00   -1.0749738E+01   -1.3293868E+01   -8.7708790E+00   -1.1009860E+01   -7.3113994E+00
    4.7700000E+00    6.3630786E+00   -6.3527168E+00   -3.9999999E+00   -4.1383019E+00   -4.2852792E+00   -4.5792986E+00   -9.3770436E+00   -3.9012994E+00   -3.3311929E+00   -3.4646699E+00   -6.4486855E+00   -8.0654467E+00   -1.5994497E+01   -1.4000000E+01   -1.4000000E+01   -4.3697709E+00   -1.4000000E+01   -2.9381372E+00   -3.0000000E+01   -3.4008236E+00   -8.1297170E+00   -8.3812587E+00   -8.4237902E+00   -1.1234009E+01   -1.1872017E+01   -1.9950824E+01   -2.8395589E+01   -8.0915285E+00   -7.4684162E+00   -1.0755133E+01   -1.3310337E+01   -8.7886368E+00   -1.0978531E+01   -7.2926654E+00
    4.9500000E+00    6.3752350E+00   -6.3647686E+00   -3.9999999E+00   -4.1283413E+00   -4.2727546E+00   -4.5807654E+00   -9.4288154E+00   -3.8933463E+00   -3.3352629E+00   -3.4646932E+00   -6.4486861E+00   -8.0904780E+00   -1.6030025E+01   -1.4000000E+01   -1.4000000E+01   -4.3549719E+00   -1.4000000E+01   -2.9239410E+00   -3.0000000E+01   -3.3926241E+00   -8.1580086E+00   -8.3852374E+00   -8.4639037E+00   -1.1247209E+01   -1.1895886E+01   -1.9976743E+01   -2.8432399E+01   -8.0792592E+00   -7.4477258E+00   -1.0760359E+01   -1.3326453E+01   -8.8059059E+00   -1.0948326E+01   -7.2747306E+00
    5.1300000E+00    6.3870893E+00   -6.3765211E+00   -3.9999999E+00   -4.1188504E+00   -4.2607209E+00   -4.5822705E+00   -9.4790159E+00   -3.8859086E+00   -3.3393024E+00   -3.4647168E+00   -6.4486867E+00   -8.1148007E+00   -1.6064670E+01   -1.4000000E+01   -1.4000000E+01   -4.3408341E+00   -1.4000000E+01   -2.9101943E+00   -3.0000000E+01   -3.3846989E+00   -8.1853111E+00   -8.3888312E+00   -8.5027346E+00   -1.1259994E+01   -1.1919162E+01   -2.0001931E+01   -2.8468294E+01   -8.0672948E+00   -7.4276202E+00   -1.0765438E+01   -1.3342239E+01   -8.8227294E+00   -1.0919165E+01   -7.2575340E+00
    5.3100000E+00    6.3986603E+00   -6.3879928E+00   -3.9999999E+00   -4.1097917E+00   -4.2491430E+00   -4.5838112E+00   -9.5277496E+00   -3.8789440E+00   -3.3433130E+00   -3.4647405E+00   -6.4486873E+00   -8.1384680E+00   -1.6098489E+01   -1.4000000E+01   -1.4000000E+01   -4.3273043E+00   -1.4000000E+01   -2.8968693E+00   -3.0000000E+01   -3.3770309E+00   -8.2116930E+00   -8.3920712E+00   -8.5403696E+00   -1.1272399E+01   -1.1941882E+01   -2.0026443E+01   -2.8503330E+01   -8.0556164E+00   -7.4080633E+00   -1.0770390E+01   -1.3357715E+01   -8.8391443E+00   -1.0890974E+01   -7.2410215E+00
    5.4900000E+00    6.4099649E+00   -6.3992006E+00   -3.9999999E+00   -4.1011319E+00   -4.2379894E+00   -4.5853849E+00   -9.5751109E+00   -3.8724149E+00   -3.3472964E+00   -3.4647644E+00   -6.4486878E+00   -8.1615274E+00   -1.6131530E+01   -1.4000000E+01   -1.4000000E+01   -4.3143349E+00   -1.4000000E+01   -2.8839411E+00   -3.0000000E+01   -3.3696046E+00   -8.2372159E+00   -8.3949848E+00   -8.5768868E+00   -1.1284455E+01   -1.1964079E+01   -2.0050326E+01   -2.8537559E+01   -8.0442070E+00   -7.3890221E+00   -1.0775229E+01   -1.3372900E+01   -8.8551828E+00   -1.0863687E+01   -7.2251445E+00
    5.6700000E+00    6.4210187E+00   -6.4101599E+00   -3.9999999E+00   -4.0928414E+00   -4.2272319E+00   -4.5869890E+00   -9.6211854E+00   -3.8662879E+00   -3.3512540E+00   -3.4647885E+00   -6.4486884E+00   -8.1840205E+00   -1.6163839E+01   -1.4000000E+01   -1.4000000E+01   -4.3018839E+00   -1.4000000E+01   -2.8713866E+00   -3.0000000E+01   -3.3624058E+00   -8.2619351E+00   -8.3975964E+00   -8.6123567E+00   -1.1296189E+01   -1.1985783E+01   -2.0073624E+01   -2.8571028E+01   -8.0330508E+00   -7.3704664E+00   -1.0779968E+01   -1.3387811E+01   -8.8708732E+00   -1.0837246E+01   -7.2098595E+00
    5.8500000E+00    6.4318360E+00   -6.4208848E+00   -3.9999999E+00   -4.0848935E+00   -4.2168447E+00   -4.5886215E+00   -9.6660509E+00   -3.8605330E+00   -3.3551875E+00   -3.4648128E+00   -6.4486890E+00   -8.2059849E+00   -1.6195458E+01   -1.4000000E+01   -1.4000000E+01   -4.2899136E+00   -1.4000000E+01   -2.8591848E+00   -3.0000000E+01   -3.3554216E+00   -8.2859008E+00   -8.3999275E+00   -8.6468435E+00   -1.1307624E+01   -1.2007024E+01   -2.0096374E+01   -2.8603781E+01   -8.0221334E+00   -7.3523687E+00   -1.0784618E+01   -1.3402463E+01   -8.8862404E+00   -1.0811596E+01   -7.1951271E+00
    6.0300000E+00    6.4424300E+00   -6.4313885E+00   -3.9999999E+00   -4.0772643E+00   -4.2068047E+00   -4.5902801E+00   -9.7097784E+00   -3.8551235E+00   -3.3590980E+00   -3.4648373E+00   -6.4486896E+00   -8.2274544E+00   -1.6226426E+01   -1.4000000E+01   -1.4000000E+01   -4.2783904E+00   -1.4000000E+01   -2.8473165E+00   -3.0000000E+01   -3.3486401E+00   -8.3091587E+00   -8.4019975E+00   -8.6804056E+00   -1.1318781E+01   -1.2027827E+01   -2.0118613E+01   -2.8635857E+01   -8.0114416E+00   -7.3347036E+00   -1.0789189E+01   -1.3416871E+01   -8.9013067E+00   -1.0786688E+01   -7.1809116E+00
    6.2100000E+00    6.4528128E+00   -6.4416830E+00   -3.9999999E+00   -4.0699323E+00   -4.1970908E+00   -4.5919629E+00   -9.7524332E+00   -3.8500351E+00   -3.3629870E+00   -3.4648620E+00   -6.4486901E+00   -8.2484596E+00   -1.6256779E+01   -1.4000000E+01   -1.4000000E+01   -4.2672838E+00   -1.4000000E+01   -2.8357640E+00   -3.0000000E+01   -3.3420503E+00   -8.3317502E+00   -8.4038234E+00   -8.7130965E+00   -1.1329678E+01   -1.2048215E+01   -2.0140370E+01   -2.8667293E+01   -8.0009631E+00   -7.3174476E+00   -1.0793687E+01   -1.3431048E+01   -8.9160922E+00   -1.0762479E+01   -7.1671809E+00
    6.3900000E+00    6.4629956E+00   -6.4517795E+00   -3.9999999E+00   -4.0628779E+00   -4.1876835E+00   -4.5936677E+00   -9.7940725E+00   -3.8452460E+00   -3.3668557E+00   -3.4648869E+00   -6.4486907E+00   -8.2690283E+00   -1.6286548E+01   -1.4000000E+01   -1.4000000E+01   -4.2565665E+00   -1.4000000E+01   -2.8245108E+00   -3.0000000E+01   -3.3356422E+00   -8.3537109E+00   -8.4054185E+00   -8.7449626E+00   -1.1340333E+01   -1.2068212E+01   -2.0161676E+01   -2.8698123E+01   -7.9906864E+00   -7.3005791E+00   -1.0798121E+01   -1.3445007E+01   -8.9306150E+00   -1.0738927E+01   -7.1539055E+00
    6.5700000E+00    6.4729892E+00   -6.4616886E+00   -3.9999999E+00   -4.0560835E+00   -4.1785654E+00   -4.5953888E+00   -9.8347199E+00   -3.8407350E+00   -3.3707054E+00   -3.4649121E+00   -6.4486912E+00   -8.2891862E+00   -1.6315766E+01   -1.4000000E+01   -1.4000000E+01   -4.2462137E+00   -1.4000000E+01   -2.8135418E+00   -3.0000000E+01   -3.3294061E+00   -8.3750438E+00   -8.4067641E+00   -8.7760172E+00   -1.1350761E+01   -1.2087837E+01   -2.0182555E+01   -2.8728379E+01   -7.9806009E+00   -7.2840776E+00   -1.0802497E+01   -1.3458759E+01   -8.9448917E+00   -1.0715994E+01   -7.1410583E+00
    6.7500000E+00    6.4828032E+00   -6.4714198E+00   -3.9999999E+00   -4.0495329E+00   -4.1697202E+00   -4.5971249E+00   -9.8744644E+00   -3.8364845E+00   -3.3745373E+00   -3.4649374E+00   -6.4486918E+00   -8.3089566E+00   -1.6344461E+01   -1.4000000E+01   -1.4000000E+01   -4.2362029E+00   -1.4000000E+01   -2.8028430E+00   -3.0000000E+01   -3.3233337E+00   -8.3958191E+00   -8.4079114E+00   -8.8063402E+00   -1.1360976E+01   -1.2107110E+01   -2.0203033E+01   -2.8758092E+01   -7.9706969E+00   -7.2679248E+00   -1.0806818E+01   -1.3472316E+01   -8.9589373E+00   -1.0693646E+01   -7.1286148E+00
    6.9300000E+00    6.4924467E+00   -6.4809821E+00   -3.9999999E+00   -4.0432114E+00   -4.1611331E+00   -4.5988749E+00   -9.9133530E+00   -3.8324781E+00   -3.3783524E+00   -3.4649630E+00   -6.4486923E+00   -8.3283609E+00   -1.6372659E+01   -1.4000000E+01   -1.4000000E+01   -4.2265135E+00   -1.4000000E+01   -2.7924015E+00   -3.0000000E+01   -3.3174168E+00   -8.4160664E+00   -8.4088717E+00   -8.8359698E+00   -1.1370990E+01   -1.2126049E+01   -2.0223130E+01   -2.8787287E+01   -7.9609651E+00   -7.2521033E+00   -1.0811092E+01   -1.3485687E+01   -8.9727656E+00   -1.0671852E+01   -7.1165526E+00
    7.1100000E+00    6.5019282E+00   -6.4903840E+00   -3.9999999E+00   -4.0371055E+00   -4.1527903E+00   -4.6006375E+00   -9.9514295E+00   -3.8287013E+00   -3.3821521E+00   -3.4649888E+00   -6.4486929E+00   -8.3474190E+00   -1.6400386E+01   -1.4000000E+01   -1.4000000E+01   -4.2171267E+00   -1.4000000E+01   -2.7822052E+00   -3.0000000E+01   -3.3116482E+00   -8.4358130E+00   -8.4096554E+00   -8.8649416E+00   -1.1380815E+01   -1.2144671E+01   -2.0242868E+01   -2.8815991E+01   -7.9513971E+00   -7.2365971E+00   -1.0815321E+01   -1.3498882E+01   -8.9863893E+00   -1.0650582E+01   -7.1048508E+00
    7.2900000E+00    6.5112556E+00   -6.4996334E+00   -3.9999999E+00   -4.0312029E+00   -4.1446793E+00   -4.6024117E+00   -9.9887349E+00   -3.8251403E+00   -3.3859374E+00   -3.4650148E+00   -6.4486934E+00   -8.3661493E+00   -1.6427664E+01   -1.4000000E+01   -1.4000000E+01   -4.2080254E+00   -1.4000000E+01   -2.7722428E+00   -3.0000000E+01   -3.3060209E+00   -8.4550843E+00   -8.4102719E+00   -8.8932890E+00   -1.1390461E+01   -1.2162991E+01   -2.0262266E+01   -2.8844228E+01   -7.9419847E+00   -7.2213909E+00   -1.0819510E+01   -1.3511910E+01   -8.9998203E+00   -1.0629809E+01   -7.0934905E+00
    7.4700000E+00    6.5204367E+00   -6.5087380E+00   -3.9999999E+00   -4.0254924E+00   -4.1367884E+00   -4.6041964E+00   -1.0025308E+01   -3.8217828E+00   -3.3897099E+00   -3.4650411E+00   -6.4486940E+00   -8.3845695E+00   -1.6454516E+01   -1.4000000E+01   -1.4000000E+01   -4.1991938E+00   -1.4000000E+01   -2.7625037E+00   -3.0000000E+01   -3.3005286E+00   -8.4739043E+00   -8.4107297E+00   -8.9210434E+00   -1.1399939E+01   -1.2181024E+01   -2.0281341E+01   -2.8872021E+01   -7.9327201E+00   -7.2064707E+00   -1.0823662E+01   -1.3524781E+01   -9.0130700E+00   -1.0609507E+01   -7.0824541E+00
    7.6500000E+00    6.5294790E+00   -6.5177051E+00   -3.9999999E+00   -4.0199634E+00   -4.1291068E+00   -4.6059908E+00   -1.0061186E+01   -3.8186175E+00   -3.3934709E+00   -3.4650676E+00   -6.4486945E+00   -8.4026962E+00   -1.6480964E+01   -1.4000000E+01   -1.4000000E+01   -4.1906173E+00   -1.4000000E+01   -2.7529783E+00   -3.0000000E+01   -3.2951652E+00   -8.4922956E+00   -8.4110364E+00   -8.9482345E+00   -1.1409259E+01   -1.2198786E+01   -2.0300111E+01   -2.8899394E+01   -7.9235959E+00   -7.1918227E+00   -1.0827781E+01   -1.3537502E+01   -9.0261493E+00   -1.0589654E+01   -7.0717252E+00
    7.8300000E+00    6.5383897E+00   -6.5265420E+00   -3.9999999E+00   -4.0146063E+00   -4.1216244E+00   -4.6077938E+00   -1.0096405E+01   -3.8156337E+00   -3.3972223E+00   -3.4650943E+00   -6.4486950E+00   -8.4205455E+00   -1.6507030E+01   -1.4000000E+01   -1.4000000E+01   -4.1822826E+00   -1.4000000E+01   -2.7436574E+00   -3.0000000E+01   -3.2899252E+00   -8.5102797E+00   -8.4111991E+00   -8.9748912E+00   -1.1418428E+01   -1.2216290E+01   -2.0318592E+01   -2.8926367E+01   -7.9146047E+00   -7.1774339E+00   -1.0831871E+01   -1.3550084E+01   -9.0390690E+00   -1.0570226E+01   -7.0612887E+00
    8.0100000E+00    6.5471761E+00   -6.5352560E+00   -3.9999999E+00   -4.0094121E+00   -4.1143328E+00   -4.6095959E+00   -1.0130999E+01   -3.8128222E+00   -3.4009663E+00   -3.4651213E+00   -6.4486956E+00   -8.4381292E+00   -1.6532735E+01   -1.4000000E+01   -1.4000000E+01   -4.1741778E+00   -1.4000000E+01   -2.7345393E+00   -3.0000000E+01   -3.2848033E+00   -8.5278778E+00   -8.4112243E+00   -9.0010419E+00   -1.1427451E+01   -1.2233551E+01   -2.0336796E+01   -2.8952963E+01   -7.9057391E+00   -7.1632917E+00   -1.0835931E+01   -1.3562536E+01   -9.0518359E+00   -1.0551202E+01   -7.0511305E+00
    8.1900000E+00    6.5559330E+00   -6.5439438E+00   -3.9999999E+00   -4.0040528E+00   -4.1083617E+00   -4.6003961E+00   -1.0167766E+01   -3.8107838E+00   -3.4047320E+00   -3.4651487E+00   -6.4486961E+00   -8.4248443E+00   -1.6558410E+01   -1.4000000E+01   -1.4000000E+01   -4.1669971E+00   -1.4000000E+01   -2.7343888E+00   -3.0000000E+01   -3.2797363E+00   -8.5476809E+00   -8.4135136E+00   -9.0293787E+00   -1.1405626E+01   -1.2250796E+01   -2.0324104E+01   -2.8979489E+01   -7.8969066E+00   -7.1492445E+00   -1.0809189E+01   -1.3575012E+01   -9.0337750E+00   -1.0532094E+01   -7.0408548E+00
    8.3700000E+00    6.5645825E+00   -6.5525253E+00   -3.9999999E+00   -3.9988226E+00   -4.1025509E+00   -4.5914668E+00   -1.0201938E+01   -3.8089088E+00   -3.4085024E+00   -3.4651764E+00   -6.4486966E+00   -8.4368589E+00   -1.6583730E+01   -1.4000000E+01   -1.4000000E+01   -4.1599924E+00   -1.4000000E+01   -2.7342383E+00   -3.0000000E+01   -3.2747829E+00   -8.5650943E+00   -8.4136282E+00   -9.0552221E+00   -1.1409203E+01   -1.2267787E+01   -2.0336701E+01   -2.9005645E+01   -7.8881830E+00   -7.1354223E+00   -1.0807961E+01   -1.3587343E+01   -9.0411222E+00   -1.0513334E+01   -7.0308193E+00
    8.5500000E+00    6.5731114E+00   -6.5609874E+00   -3.9999999E+00   -3.9937322E+00   -4.0968819E+00   -4.5828059E+00   -1.0235516E+01   -3.8071886E+00   -3.4122597E+00   -3.4652045E+00   -6.4486971E+00   -8.4530022E+00   -1.6608711E+01   -1.4000000E+01   -1.4000000E+01   -4.1531540E+00   -1.4000000E+01   -2.7340879E+00   -3.0000000E+01   -3.2699381E+00   -8.5821450E+00   -8.4136210E+00   -9.0805859E+00   -1.1417026E+01   -1.2284555E+01   -2.0353416E+01   -2.9031447E+01   -7.8795811E+00   -7.1218329E+00   -1.0811085E+01   -1.3599554E+01   -9.0527018E+00   -1.0494943E+01   -7.0210297E+00
    8.7300000E+00    6.5815247E+00   -6.5693352E+00   -3.9999999E+00   -3.9887826E+00   -4.0913432E+00   -4.5744044E+00   -1.0268528E+01   -3.8056153E+00   -3.4160044E+00   -3.4652328E+00   -6.4486976E+00   -8.4696623E+00   -1.6633358E+01   -1.4000000E+01   -1.4000000E+01   -4.1464742E+00   -1.4000000E+01   -2.7339375E+00   -3.0000000E+01   -3.2651974E+00   -8.5988526E+00   -8.4135019E+00   -9.1054948E+00   -1.1425479E+01   -1.2301098E+01   -2.0370640E+01   -2.9056902E+01   -7.8710959E+00   -7.1084666E+00   -1.0814939E+01   -1.3611640E+01   -9.0648978E+00   -1.0476910E+01   -7.0114826E+00
    8.9100000E+00    6.5898273E+00   -6.5775732E+00   -3.9999999E+00   -3.9839706E+00   -4.0859276E+00   -4.5662535E+00   -1.0300998E+01   -3.8041813E+00   -3.4197371E+00   -3.4652614E+00   -6.4486981E+00   -8.4862204E+00   -1.6657683E+01   -1.4000000E+01   -1.4000000E+01   -4.1399445E+00   -1.4000000E+01   -2.7337872E+00   -3.0000000E+01   -3.2605567E+00   -8.6152304E+00   -8.4132746E+00   -9.1299663E+00   -1.1433936E+01   -1.2317425E+01   -2.0387752E+01   -2.9082021E+01   -7.8627227E+00   -7.0953145E+00   -1.0818897E+01   -1.3623605E+01   -9.0770872E+00   -1.0459225E+01   -7.0021707E+00
    9.0900000E+00    6.5980233E+00   -6.5857057E+00   -3.9999999E+00   -3.9792912E+00   -4.0806325E+00   -4.5583447E+00   -1.0332945E+01   -3.8028798E+00   -3.4234582E+00   -3.4652902E+00   -6.4486986E+00   -8.5025791E+00   -1.6681697E+01   -1.4000000E+01   -1.4000000E+01   -4.1335541E+00   -1.4000000E+01   -2.7336369E+00   -3.0000000E+01   -3.2560120E+00   -8.6312906E+00   -8.4129428E+00   -9.1540169E+00   -1.1442298E+01   -1.2333542E+01   -2.0404656E+01   -2.9106817E+01   -7.8544572E+00   -7.0823683E+00   -1.0822853E+01   -1.3635452E+01   -9.0891690E+00   -1.0441874E+01   -6.9930855E+00
    9.2700000E+00    6.6061167E+00   -6.5937366E+00   -3.9999999E+00   -3.9747392E+00   -4.0754590E+00   -4.5506695E+00   -1.0364389E+01   -3.8017041E+00   -3.4271680E+00   -3.4653193E+00   -6.4486991E+00   -8.5187297E+00   -1.6705413E+01   -1.4000000E+01   -1.4000000E+01   -4.1272892E+00   -1.4000000E+01   -2.7334867E+00   -3.0000000E+01   -3.2515598E+00   -8.6470449E+00   -8.4125103E+00   -9.1776623E+00   -1.1450550E+01   -1.2349459E+01   -2.0421343E+01   -2.9131303E+01   -7.8462953E+00   -7.0696203E+00   -1.0826790E+01   -1.3647187E+01   -9.1011309E+00   -1.0424844E+01   -6.9842177E+00
    9.4500000E+00    6.6141111E+00   -6.6016695E+00   -3.9999999E+00   -3.9703090E+00   -4.0704128E+00   -4.5432195E+00   -1.0395348E+01   -3.8006482E+00   -3.4308667E+00   -3.4653486E+00   -6.4486996E+00   -8.5346771E+00   -1.6728840E+01   -1.4000000E+01   -1.4000000E+01   -4.1211326E+00   -1.4000000E+01   -2.7333366E+00   -3.0000000E+01   -3.2471964E+00   -8.6625044E+00   -8.4119809E+00   -9.2009170E+00   -1.1458696E+01   -1.2365182E+01   -2.0437819E+01   -2.9155488E+01   -7.8382334E+00   -7.0570632E+00   -1.0830706E+01   -1.3658813E+01   -9.1129745E+00   -1.0408123E+01   -6.9755587E+00
    9.6300000E+00    6.6220099E+00   -6.6095076E+00   -3.9999999E+00   -3.9659955E+00   -4.0655029E+00   -4.5359862E+00   -1.0425839E+01   -3.7997065E+00   -3.4345544E+00   -3.4653782E+00   -6.4487001E+00   -8.5504280E+00   -1.6751989E+01   -1.4000000E+01   -1.4000000E+01   -4.1150636E+00   -1.4000000E+01   -2.7331865E+00   -3.0000000E+01   -3.2429187E+00   -8.6776796E+00   -8.4113586E+00   -9.2237947E+00   -1.1466738E+01   -1.2380718E+01   -2.0454091E+01   -2.9179383E+01   -7.8302682E+00   -7.0446904E+00   -1.0834603E+01   -1.3670333E+01   -9.1247033E+00   -1.0391699E+01   -6.9671000E+00
    9.8100000E+00    6.6298157E+00   -6.6172538E+00   -3.9999999E+00   -3.9617936E+00   -4.0607407E+00   -4.5289615E+00   -1.0455877E+01   -3.7988735E+00   -3.4382307E+00   -3.4654081E+00   -6.4487006E+00   -8.5659885E+00   -1.6774867E+01   -1.4000000E+01   -1.4000000E+01   -4.1090606E+00   -1.4000000E+01   -2.7330364E+00   -3.0000000E+01   -3.2387235E+00   -8.6925804E+00   -8.4106478E+00   -9.2463078E+00   -1.1474680E+01   -1.2396072E+01   -2.0470165E+01   -2.9202996E+01   -7.8223969E+00   -7.0324960E+00   -1.0838480E+01   -1.3681750E+01   -9.1363204E+00   -1.0375561E+01   -6.9588334E+00
    9.9900000E+00    6.6375309E+00   -6.6249102E+00   -3.9999999E+00   -3.9576984E+00   -4.0561374E+00   -4.5221371E+00   -1.0485475E+01   -3.7981443E+00   -3.4418950E+00   -3.4654383E+00   -6.4487011E+00   -8.5813636E+00   -1.6797482E+01   -1.4000000E+01   -1.4000000E+01   -4.1031023E+00   -1.4000000E+01   -2.7328864E+00   -3.0000000E+01   -3.2346078E+00   -8.7072154E+00   -8.4098524E+00   -9.2684673E+00   -1.1482524E+01   -1.2411248E+01   -2.0486046E+01   -2.9226335E+01   -7.8146172E+00   -7.0204745E+00   -1.0842337E+01   -1.3693065E+01   -9.1478281E+00   -1.0359699E+01   -6.9507514E+00
    1.0170000E+01    6.6451571E+00   -6.6324784E+00   -3.9999999E+00   -3.9537056E+00   -4.0517016E+00   -4.5155052E+00   -1.0514643E+01   -3.7975141E+00   -3.4455461E+00   -3.4654687E+00   -6.4487016E+00   -8.5965571E+00   -1.6819837E+01   -1.4000000E+01   -1.4000000E+01   -4.0971716E+00   -1.4000000E+01   -2.7327365E+00   -3.0000000E+01   -3.2305690E+00   -8.7215920E+00   -8.4089766E+00   -9.2902822E+00   -1.1490273E+01   -1.2426249E+01   -2.0501738E+01   -2.9249404E+01   -7.8069273E+00   -7.0086215E+00   -1.0846174E+01   -1.3704279E+01   -9.1592274E+00   -1.0344104E+01   -6.9428466E+00
    1.0350000E+01    6.6526951E+00   -6.6399593E+00   -3.9999999E+00   -3.9498107E+00   -4.0474366E+00   -4.5090581E+00   -1.0543389E+01   -3.7969785E+00   -3.4491823E+00   -3.4654995E+00   -6.4487021E+00   -8.6115711E+00   -1.6841935E+01   -1.4000000E+01   -1.4000000E+01   -4.0912577E+00   -1.4000000E+01   -2.7325866E+00   -3.0000000E+01   -3.2266042E+00   -8.7357159E+00   -8.4080245E+00   -9.3117588E+00   -1.1497928E+01   -1.2441078E+01   -2.0517243E+01   -2.9272206E+01   -7.7993266E+00   -6.9969334E+00   -1.0849990E+01   -1.3715390E+01   -9.1705179E+00   -1.0328769E+01   -6.9351121E+00
    1.0530000E+01    6.6601447E+00   -6.6473526E+00   -3.9999999E+00   -3.9460099E+00   -4.0433388E+00   -4.5027883E+00   -1.0571714E+01   -3.7965332E+00   -3.4528008E+00   -3.4655305E+00   -6.4487026E+00   -8.6264056E+00   -1.6863775E+01   -1.4000000E+01   -1.4000000E+01   -4.0853582E+00   -1.4000000E+01   -2.7324367E+00   -3.0000000E+01   -3.2227110E+00   -8.7495903E+00   -8.4069997E+00   -9.3328999E+00   -1.1505489E+01   -1.2455733E+01   -2.0532563E+01   -2.9294740E+01   -7.7918151E+00   -6.9854079E+00   -1.0853781E+01   -1.3726397E+01   -9.1816971E+00   -1.0313686E+01   -6.9275416E+00
    1.0710000E+01    6.6675040E+00   -6.6546564E+00   -3.9999999E+00   -3.9422992E+00   -4.0393969E+00   -4.4966888E+00   -1.0599616E+01   -3.7961742E+00   -3.4563973E+00   -3.4655618E+00   -6.4487031E+00   -8.6410575E+00   -1.6885351E+01   -1.4000000E+01   -1.4000000E+01   -4.0794796E+00   -1.4000000E+01   -2.7322870E+00   -3.0000000E+01   -3.2188870E+00   -8.7632153E+00   -8.4059060E+00   -9.3537040E+00   -1.1512956E+01   -1.2470211E+01   -2.0547693E+01   -2.9317000E+01   -7.7843947E+00   -6.9740441E+00   -1.0857546E+01   -1.3737291E+01   -9.1927596E+00   -1.0298853E+01   -6.9201286E+00
    1.0890000E+01    6.6747694E+00   -6.6618670E+00   -3.9999999E+00   -3.9386750E+00   -4.0355924E+00   -4.4907529E+00   -1.0627084E+01   -3.7958976E+00   -3.4599658E+00   -3.4655934E+00   -6.4487036E+00   -8.6555199E+00   -1.6906652E+01   -1.4000000E+01   -1.4000000E+01   -4.0736361E+00   -1.4000000E+01   -2.7321372E+00   -3.0000000E+01   -3.2151297E+00   -8.7765873E+00   -8.4047473E+00   -9.3741635E+00   -1.1520325E+01   -1.2484505E+01   -2.0562627E+01   -2.9338977E+01   -7.7770691E+00   -6.9628435E+00   -1.0861278E+01   -1.3748065E+01   -9.2036963E+00   -1.0284266E+01   -6.9128673E+00
    1.1070000E+01    6.6819342E+00   -6.6689778E+00   -3.9999999E+00   -3.9351337E+00   -4.0319014E+00   -4.4849740E+00   -1.0654094E+01   -3.7956996E+00   -3.4634976E+00   -3.4656254E+00   -6.4487041E+00   -8.6697805E+00   -1.6927658E+01   -1.4000000E+01   -1.4000000E+01   -4.0678482E+00   -1.4000000E+01   -2.7319875E+00   -3.0000000E+01   -3.2114369E+00   -8.7896977E+00   -8.4035280E+00   -9.3942630E+00   -1.1527590E+01   -1.2498600E+01   -2.0577354E+01   -2.9360649E+01   -7.7698447E+00   -6.9518103E+00   -1.0864969E+01   -1.3758702E+01   -9.2144926E+00   -1.0269926E+01   -6.9057518E+00
    1.1250000E+01    6.6889882E+00   -6.6759784E+00   -3.9999999E+00   -3.9316720E+00   -4.0282967E+00   -4.4793461E+00   -1.0680611E+01   -3.7955766E+00   -3.4669799E+00   -3.4656576E+00   -6.4487046E+00   -8.6838193E+00   -1.6948338E+01   -1.4000000E+01   -1.4000000E+01   -4.0621395E+00   -1.4000000E+01   -2.7318379E+00   -3.0000000E+01   -3.2078064E+00   -8.8025309E+00   -8.4022533E+00   -9.4139769E+00   -1.1534742E+01   -1.2512477E+01   -2.0591852E+01   -2.9381987E+01   -7.7627321E+00   -6.9409524E+00   -1.0868608E+01   -1.3769180E+01   -9.2251264E+00   -1.0255838E+01   -6.8987767E+00
    1.1430000E+01    6.6959154E+00   -6.6828530E+00   -3.9999999E+00   -3.9282865E+00   -4.0247504E+00   -4.4738634E+00   -1.0706579E+01   -3.7955250E+00   -3.4703949E+00   -3.4656901E+00   -6.4487051E+00   -8.6976058E+00   -1.6968644E+01   -1.4000000E+01   -1.4000000E+01   -4.0565340E+00   -1.4000000E+01   -2.7316883E+00   -3.0000000E+01   -3.2042359E+00   -8.8150627E+00   -8.4009306E+00   -9.4332647E+00   -1.1541767E+01   -1.2526103E+01   -2.0606093E+01   -2.9402942E+01   -7.7557468E+00   -6.9302835E+00   -1.0872177E+01   -1.3779464E+01   -9.2355651E+00   -1.0242012E+01   -6.8919363E+00
    1.1610000E+01    6.7026927E+00   -6.6895783E+00   -3.9999999E+00   -3.9249738E+00   -4.0212365E+00   -4.4685202E+00   -1.0731914E+01   -3.7955409E+00   -3.4737170E+00   -3.4657229E+00   -6.4487057E+00   -8.7110947E+00   -1.6988506E+01   -1.4000000E+01   -1.4000000E+01   -4.0510534E+00   -1.4000000E+01   -2.7315388E+00   -3.0000000E+01   -3.2007233E+00   -8.8272564E+00   -8.3995698E+00   -9.4520666E+00   -1.1548641E+01   -1.2539432E+01   -2.0620030E+01   -2.9423445E+01   -7.7489123E+00   -6.9198246E+00   -1.0875654E+01   -1.3789506E+01   -9.2457613E+00   -1.0228466E+01   -6.8852253E+00
    1.1790000E+01    6.7092860E+00   -6.6961203E+00   -3.9999999E+00   -3.9217306E+00   -4.0177323E+00   -4.4633114E+00   -1.0756494E+01   -3.7956207E+00   -3.4769101E+00   -3.4657561E+00   -6.4487062E+00   -8.7242200E+00   -1.7007822E+01   -1.4000000E+01   -1.3999999E+01   -4.0457151E+00   -1.4000000E+01   -2.7313894E+00   -3.0000000E+01   -3.1972664E+00   -8.8390582E+00   -8.3981850E+00   -9.4702947E+00   -1.1555335E+01   -1.2552395E+01   -2.0633598E+01   -2.9443394E+01   -7.7422624E+00   -6.9096072E+00   -1.0879003E+01   -1.3799236E+01   -9.2556469E+00   -1.0215229E+01   -6.8786380E+00
    1.1970000E+01    6.7156468E+00   -6.7024303E+00   -3.9999999E+00   -3.9185534E+00   -4.0142200E+00   -4.4582319E+00   -1.0780144E+01   -3.7957603E+00   -3.4799233E+00   -3.4657896E+00   -6.4487067E+00   -8.7368868E+00   -1.7026445E+01   -1.4000000E+01   -1.3999119E+01   -4.0405310E+00   -1.4000000E+01   -2.7312399E+00   -3.0000000E+01   -3.1938626E+00   -8.8503903E+00   -8.3967955E+00   -9.4878224E+00   -1.1561800E+01   -1.2564897E+01   -2.0645823E+01   -2.9461763E+01   -7.7358456E+00   -6.8996776E+00   -1.0882176E+01   -1.3808554E+01   -9.2651248E+00   -1.0202343E+01   -6.8721686E+00
    1.2150000E+01    6.7217056E+00   -6.7084390E+00   -3.9999999E+00   -3.9154382E+00   -4.0106871E+00   -4.4532769E+00   -1.0802615E+01   -3.7959550E+00   -3.4826847E+00   -3.4658234E+00   -6.4487072E+00   -8.7489598E+00   -1.7044169E+01   -1.4000000E+01   -1.3447609E+01   -4.0355070E+00   -1.4000000E+01   -2.7310906E+00   -3.0000000E+01   -3.1905097E+00   -8.8611414E+00   -8.3954289E+00   -9.5044690E+00   -1.1567971E+01   -1.2576796E+01   -2.0106819E+01   -2.8928595E+01   -7.7297315E+00   -6.8901025E+00   -1.0885105E+01   -1.3817319E+01   -9.2740571E+00   -1.0189870E+01   -6.8658108E+00
    1.2330000E+01    6.7273634E+00   -6.7140472E+00   -3.9999999E+00   -3.9123830E+00   -4.0071266E+00   -4.4484431E+00   -1.0823546E+01   -3.7962000E+00   -3.4850933E+00   -3.4658575E+00   -6.4487077E+00   -8.7602160E+00   -1.7060694E+01   -1.4000000E+01   -1.0488416E+01   -4.0306441E+00   -1.4000000E+01   -2.7309413E+00   -3.0000000E+01   -3.1872056E+00   -8.8711516E+00   -8.3941236E+00   -9.5199755E+00   -1.1573726E+01   -1.2587896E+01   -1.7159311E+01   -2.5986539E+01   -7.7240190E+00   -6.8809792E+00   -1.0887664E+01   -1.3825331E+01   -9.2822192E+00   -1.0177908E+01   -6.8595607E+00
    1.2510000E+01    6.7312045E+00   -6.7178567E+00   -3.9999999E+00   -3.9118446E+00   -4.0046459E+00   -4.4448893E+00   -1.1062185E+01   -3.7966218E+00   -3.4870198E+00   -3.4658920E+00   -6.4487080E+00   -8.4757782E+00   -1.7070331E+01   -1.4000000E+01   -7.3845652E+00   -4.0273117E+00   -1.4000000E+01   -2.7307920E+00   -3.0000000E+01   -3.1852561E+00   -9.1023598E+00   -8.6176496E+00   -9.7549219E+00   -1.1285546E+01   -1.2593841E+01   -1.3771295E+01   -2.2892715E+01   -7.7201431E+00   -6.8750857E+00   -1.0597604E+01   -1.3829463E+01   -8.9959656E+00   -1.0171613E+01   -6.8571422E+00
    1.2690000E+01    6.7350336E+00   -6.7216545E+00   -3.9999999E+00   -3.9113109E+00   -4.0021582E+00   -4.4413840E+00   -1.1078370E+01   -3.7970402E+00   -3.4889533E+00   -3.4659257E+00   -6.4487083E+00   -8.4644592E+00   -1.7081410E+01   -1.4000000E+01   -7.0837219E+00   -4.0240468E+00   -1.4000000E+01   -2.7306428E+00   -3.0000000E+01   -3.1833257E+00   -9.1111352E+00   -8.6187667E+00   -9.7674244E+00   -1.1270496E+01   -1.2601237E+01   -1.3459403E+01   -2.2603337E+01   -7.7162793E+00   -6.8692241E+00   -1.0580693E+01   -1.3835065E+01   -8.9828490E+00   -1.0165354E+01   -6.8547472E+00
    1.2870000E+01    6.7388460E+00   -6.7254358E+00   -3.9999999E+00   -3.9107821E+00   -3.9996641E+00   -4.4379311E+00   -1.1092273E+01   -3.7974635E+00   -3.4908867E+00   -3.4659586E+00   -6.4487086E+00   -8.4703628E+00   -1.7092554E+01   -1.4000000E+01   -6.9077037E+00   -4.0208484E+00   -1.4000000E+01   -2.7304936E+00   -3.0000000E+01   -3.1814122E+00   -9.1176611E+00   -8.6176678E+00   -9.7776612E+00   -1.1272685E+01   -1.2608715E+01   -1.3289558E+01   -2.2438848E+01   -7.7124325E+00   -6.8633967E+00   -1.0581037E+01   -1.3840765E+01   -8.9869709E+00   -1.0159134E+01   -6.8523734E+00
    1.3050000E+01    6.7426422E+00   -6.7292011E+00   -3.9999999E+00   -3.9102580E+00   -3.9971645E+00   -4.4345292E+00   -1.1106085E+01   -3.7978917E+00   -3.4928200E+00   -3.4659905E+00   -6.4487089E+00   -8.4777429E+00   -1.7103663E+01   -1.4000000E+01   -6.7828093E+00   -4.0177141E+00   -1.4000000E+01   -2.7303445E+00   -3.0000000E+01   -3.1795150E+00   -9.1241265E+00   -8.6165408E+00   -9.7878221E+00   -1.1276366E+01   -1.2616172E+01   -1.3172311E+01   -2.2325443E+01   -7.7086022E+00   -6.8576025E+00   -1.0582889E+01   -1.3846460E+01   -8.9925848E+00   -1.0152950E+01   -6.8500201E+00
    1.3230000E+01    6.7464226E+00   -6.7329507E+00   -3.9999999E+00   -3.9097386E+00   -3.9946610E+00   -4.4311770E+00   -1.1119825E+01   -3.7983247E+00   -3.4947532E+00   -3.4660215E+00   -6.4487092E+00   -8.4852248E+00   -1.7114726E+01   -1.4000000E+01   -6.6859320E+00   -4.0146412E+00   -1.4000000E+01   -2.7301955E+00   -3.0000000E+01   -3.1776338E+00   -9.1305489E+00   -8.6154025E+00   -9.7979247E+00   -1.1280164E+01   -1.2623599E+01   -1.3083181E+01   -2.2240008E+01   -7.7047879E+00   -6.8518409E+00   -1.0584874E+01   -1.3852140E+01   -8.9983157E+00   -1.0146803E+01   -6.8476873E+00
    1.3410000E+01    6.7501874E+00   -6.7366850E+00   -3.9999999E+00   -3.9092239E+00   -3.9921552E+00   -4.4278733E+00   -1.1133492E+01   -3.7987624E+00   -3.4966865E+00   -3.4660515E+00   -6.4487095E+00   -8.4926878E+00   -1.7125745E+01   -1.4000000E+01   -6.6067775E+00   -4.0116267E+00   -1.4000000E+01   -2.7300465E+00   -3.0000000E+01   -3.1757685E+00   -9.1369292E+00   -8.6142532E+00   -9.8079704E+00   -1.1283958E+01   -1.2630996E+01   -1.3011753E+01   -2.2172249E+01   -7.7009894E+00   -6.8461114E+00   -1.0586870E+01   -1.3857804E+01   -9.0040426E+00   -1.0140691E+01   -6.8453745E+00
    1.3590000E+01    6.7539369E+00   -6.7404042E+00   -3.9999999E+00   -3.9087138E+00   -3.9896490E+00   -4.4246169E+00   -1.1147089E+01   -3.7992049E+00   -3.4986199E+00   -3.4660805E+00   -6.4487098E+00   -8.5001216E+00   -1.7136719E+01   -1.4000000E+01   -6.5398539E+00   -4.0086677E+00   -1.4000000E+01   -2.7298975E+00   -3.0000000E+01   -3.1739188E+00   -9.1432682E+00   -8.6130933E+00   -9.8179600E+00   -1.1287738E+01   -1.2638363E+01   -1.2952525E+01   -2.2116674E+01   -7.6972064E+00   -6.8404134E+00   -1.0588867E+01   -1.3863453E+01   -9.0097552E+00   -1.0134615E+01   -6.8430815E+00
    1.3770000E+01    6.7576712E+00   -6.7441084E+00   -3.9999999E+00   -3.9082083E+00   -3.9871442E+00   -4.4214064E+00   -1.1160617E+01   -3.7996518E+00   -3.5005533E+00   -3.4661086E+00   -6.4487101E+00   -8.5075260E+00   -1.7147650E+01   -1.4000000E+01   -6.4818827E+00   -4.0057612E+00   -1.4000000E+01   -2.7297486E+00   -3.0000000E+01   -3.1720845E+00   -9.1495666E+00   -8.6119230E+00   -9.8278945E+00   -1.1291503E+01   -1.2645701E+01   -1.2902219E+01   -2.2070005E+01   -7.6934388E+00   -6.8347465E+00   -1.0590863E+01   -1.3869088E+01   -9.0154528E+00   -1.0128574E+01   -6.8408080E+00
    1.3950000E+01    6.7613906E+00   -6.7477979E+00   -3.9999999E+00   -3.9077072E+00   -3.9846423E+00   -4.4182409E+00   -1.1174076E+01   -3.8001033E+00   -3.5024867E+00   -3.4661356E+00   -6.4487104E+00   -8.5149012E+00   -1.7158538E+01   -1.4000000E+01   -6.4307493E+00   -4.0029047E+00   -1.4000000E+01   -2.7295998E+00   -3.0000000E+01   -3.1702653E+00   -9.1558251E+00   -8.6107426E+00   -9.8377748E+00   -1.1295253E+01   -1.2653010E+01   -1.2858719E+01   -2.2030129E+01   -7.6896863E+00   -6.8291103E+00   -1.0592860E+01   -1.3874708E+01   -9.0211356E+00   -1.0122567E+01   -6.8385537E+00
    1.4130000E+01    6.7650953E+00   -6.7514729E+00   -3.9999999E+00   -3.9072106E+00   -3.9821441E+00   -4.4151190E+00   -1.1187469E+01   -3.8005592E+00   -3.5044200E+00   -3.4661617E+00   -6.4487107E+00   -8.5222476E+00   -1.7169384E+01   -1.4000000E+01   -6.3850097E+00   -4.0000964E+00   -1.4000000E+01   -2.7294510E+00   -3.0000000E+01   -3.1684610E+00   -9.1620441E+00   -8.6095523E+00   -9.8476016E+00   -1.1298988E+01   -1.2660290E+01   -1.2820583E+01   -2.1995602E+01   -7.6859487E+00   -6.8235043E+00   -1.0594856E+01   -1.3880313E+01   -9.0268037E+00   -1.0116594E+01   -6.8363183E+00
    1.4310000E+01    6.7687854E+00   -6.7551335E+00   -3.9999999E+00   -3.9067183E+00   -3.9796491E+00   -4.4120398E+00   -1.1200794E+01   -3.8010194E+00   -3.5063533E+00   -3.4661867E+00   -6.4487110E+00   -8.5295654E+00   -1.7180187E+01   -1.4000000E+01   -6.3436339E+00   -3.9973360E+00   -1.4000000E+01   -2.7293023E+00   -3.0000000E+01   -3.1666714E+00   -9.1682243E+00   -8.6083522E+00   -9.8573754E+00   -1.1302708E+01   -1.2667541E+01   -1.2786781E+01   -2.1965394E+01   -7.6822260E+00   -6.8179282E+00   -1.0596852E+01   -1.3885904E+01   -9.0324572E+00   -1.0110654E+01   -6.8341016E+00
    1.4490000E+01    6.7724610E+00   -6.7587797E+00   -3.9999999E+00   -3.9062304E+00   -3.9771547E+00   -4.4090022E+00   -1.1214054E+01   -3.8014840E+00   -3.5082863E+00   -3.4662108E+00   -6.4487113E+00   -8.5368550E+00   -1.7190948E+01   -1.4000000E+01   -6.3058613E+00   -3.9946251E+00   -1.4000000E+01   -2.7291536E+00   -3.0000000E+01   -3.1648962E+00   -9.1743655E+00   -8.6071423E+00   -9.8670964E+00   -1.1306415E+01   -1.2674764E+01   -1.2756552E+01   -2.1938745E+01   -7.6785180E+00   -6.8123818E+00   -1.0598848E+01   -1.3891480E+01   -9.0380960E+00   -1.0104748E+01   -6.8319032E+00
    1.4670000E+01    6.7761220E+00   -6.7624116E+00   -3.9999999E+00   -3.9057467E+00   -3.9746550E+00   -4.4060053E+00   -1.1227246E+01   -3.8019527E+00   -3.5102189E+00   -3.4662337E+00   -6.4487116E+00   -8.5441162E+00   -1.7201668E+01   -1.4000000E+01   -6.2711144E+00   -3.9919692E+00   -1.4000000E+01   -2.7290049E+00   -3.0000000E+01   -3.1631354E+00   -9.1804675E+00   -8.6059223E+00   -9.8767643E+00   -1.1310106E+01   -1.2681960E+01   -1.2729319E+01   -2.1915078E+01   -7.6748246E+00   -6.8068647E+00   -1.0600844E+01   -1.3897041E+01   -9.0437200E+00   -1.0098874E+01   -6.8297230E+00
    1.4850000E+01    6.7797684E+00   -6.7660291E+00   -3.9999999E+00   -3.9052671E+00   -3.9721397E+00   -4.4030480E+00   -1.1240371E+01   -3.8024255E+00   -3.5121507E+00   -3.4662556E+00   -6.4487120E+00   -8.5513489E+00   -1.7212346E+01   -1.4000000E+01   -6.2389444E+00   -3.9893779E+00   -1.4000000E+01   -2.7288563E+00   -3.0000000E+01   -3.1613886E+00   -9.1865295E+00   -8.6046914E+00   -9.8863781E+00   -1.1313784E+01   -1.2689126E+01   -1.2704632E+01   -2.1893943E+01   -7.6711462E+00   -6.8013769E+00   -1.0602838E+01   -1.3902587E+01   -9.0493288E+00   -1.0093033E+01   -6.8275606E+00
    1.5030000E+01    6.7834000E+00   -6.7696318E+00   -3.9999999E+00   -3.9047917E+00   -3.9695927E+00   -4.4001297E+00   -1.1253425E+01   -3.8029024E+00   -3.5140813E+00   -3.4662765E+00   -6.4487123E+00   -8.5585527E+00   -1.7222980E+01   -1.4000000E+01   -6.2089952E+00   -3.9868673E+00   -1.4000000E+01   -2.7287078E+00   -3.0000000E+01   -3.1596557E+00   -9.1925498E+00   -8.6034487E+00   -9.8959360E+00   -1.1317447E+01   -1.2696264E+01   -1.2682136E+01   -2.1874984E+01   -7.6674827E+00   -6.7959184E+00   -1.0604831E+01   -1.3908118E+01   -9.0549217E+00   -1.0087225E+01   -6.8254159E+00
    1.5210000E+01    6.7870162E+00   -6.7732194E+00   -3.9999999E+00   -3.9043204E+00   -3.9669909E+00   -4.3972495E+00   -1.1266407E+01   -3.8033833E+00   -3.5160100E+00   -3.4662962E+00   -6.4487126E+00   -8.5657265E+00   -1.7233570E+01   -1.4000000E+01   -6.1809799E+00   -3.9844606E+00   -1.4000000E+01   -2.7285593E+00   -3.0000000E+01   -3.1579364E+00   -9.1985260E+00   -8.6021924E+00   -9.9054349E+00   -1.1321094E+01   -1.2703372E+01   -1.2661542E+01   -2.1857912E+01   -7.6638349E+00   -6.7904895E+00   -1.0606823E+01   -1.3913631E+01   -9.0604978E+00   -1.0081450E+01   -6.8232885E+00
    1.5390000E+01    6.7906163E+00   -6.7767911E+00   -3.9999999E+00   -3.9038532E+00   -3.9643033E+00   -4.3944068E+00   -1.1279309E+01   -3.8038681E+00   -3.5179360E+00   -3.4663149E+00   -6.4487129E+00   -8.5728692E+00   -1.7244114E+01   -1.4000000E+01   -6.1546639E+00   -3.9821894E+00   -1.4000000E+01   -2.7284109E+00   -3.0000000E+01   -3.1562306E+00   -9.2044542E+00   -8.6009204E+00   -9.9148704E+00   -1.1324726E+01   -1.2710448E+01   -1.2642615E+01   -2.1842491E+01   -7.6602032E+00   -6.7850907E+00   -1.0608812E+01   -1.3919126E+01   -9.0660552E+00   -1.0075708E+01   -6.8211783E+00
    1.5570000E+01    6.7941992E+00   -6.7803458E+00   -3.9999999E+00   -3.9033899E+00   -3.9614910E+00   -4.3916012E+00   -1.1292126E+01   -3.8043567E+00   -3.5198578E+00   -3.4663324E+00   -6.4487133E+00   -8.5799783E+00   -1.7254607E+01   -1.4000000E+01   -6.1298528E+00   -3.9800938E+00   -1.4000000E+01   -2.7282625E+00   -3.0000000E+01   -3.1545381E+00   -9.2103295E+00   -8.5996298E+00   -9.9242362E+00   -1.1328341E+01   -1.2717490E+01   -1.2625158E+01   -2.1828522E+01   -7.6565890E+00   -6.7797229E+00   -1.0610797E+01   -1.3924599E+01   -9.0715918E+00   -1.0070000E+01   -6.8190849E+00
    1.5750000E+01    6.7977633E+00   -6.7838818E+00   -3.9999999E+00   -3.9029307E+00   -3.9585076E+00   -4.3888321E+00   -1.1304846E+01   -3.8048491E+00   -3.5217737E+00   -3.4663488E+00   -6.4487136E+00   -8.5870506E+00   -1.7265045E+01   -1.4000000E+01   -6.1063837E+00   -3.9782221E+00   -1.4000000E+01   -2.7281142E+00   -3.0000000E+01   -3.1528587E+00   -9.2161450E+00   -8.5983173E+00   -9.9335240E+00   -1.1331938E+01   -1.2724496E+01   -1.2609005E+01   -2.1815838E+01   -7.6529938E+00   -6.7743877E+00   -1.0612776E+01   -1.3930048E+01   -9.0771039E+00   -1.0064328E+01   -6.8170083E+00
    1.5930000E+01    6.8013059E+00   -6.7873965E+00   -3.9999999E+00   -3.9024753E+00   -3.9553018E+00   -4.3860994E+00   -1.1317457E+01   -3.8053452E+00   -3.5236808E+00   -3.4663641E+00   -6.4487139E+00   -8.5940813E+00   -1.7275421E+01   -1.4000000E+01   -6.0841188E+00   -3.9766292E+00   -1.4000000E+01   -2.7279659E+00   -3.0000000E+01   -3.1511922E+00   -9.2218922E+00   -8.5969792E+00   -9.9427226E+00   -1.1335514E+01   -1.2731460E+01   -1.2594013E+01   -2.1804294E+01   -7.6494203E+00   -6.7690873E+00   -1.0614747E+01   -1.3935467E+01   -9.0825864E+00   -1.0058694E+01   -6.8149481E+00
    1.6110000E+01    6.8048236E+00   -6.7908864E+00   -3.9999999E+00   -3.9020239E+00   -3.9518191E+00   -4.3834025E+00   -1.1329940E+01   -3.8058449E+00   -3.5255755E+00   -3.4663782E+00   -6.4487143E+00   -8.6010632E+00   -1.7285723E+01   -1.4000000E+01   -6.0629406E+00   -3.9753743E+00   -1.4000000E+01   -2.7278177E+00   -3.0000000E+01   -3.1495383E+00   -9.2275602E+00   -8.5956119E+00   -9.9518176E+00   -1.1339065E+01   -1.2738374E+01   -1.2580057E+01   -2.1793761E+01   -7.6458718E+00   -6.7638250E+00   -1.0616706E+01   -1.3940848E+01   -9.0880323E+00   -1.0053102E+01   -6.8129041E+00
    1.6290000E+01    6.8083111E+00   -6.7943464E+00   -3.9999999E+00   -3.9015763E+00   -3.9480065E+00   -4.3807413E+00   -1.1342271E+01   -3.8063481E+00   -3.5274523E+00   -3.4663912E+00   -6.4487146E+00   -8.6079864E+00   -1.7295936E+01   -1.4000000E+01   -6.0427479E+00   -3.9745179E+00   -1.4000000E+01   -2.7276695E+00   -3.0000000E+01   -3.1478969E+00   -9.2331356E+00   -8.5942121E+00   -9.9607904E+00   -1.1342588E+01   -1.2745229E+01   -1.2567026E+01   -2.1784122E+01   -7.6423537E+00   -6.7586059E+00   -1.0618648E+01   -1.3946182E+01   -9.0934312E+00   -1.0047555E+01   -6.8108761E+00
    1.6470000E+01    6.8117612E+00   -6.7977691E+00   -3.9999999E+00   -3.9011325E+00   -3.9438163E+00   -4.3781152E+00   -1.1354419E+01   -3.8068547E+00   -3.5293038E+00   -3.4664029E+00   -6.4487150E+00   -8.6148363E+00   -1.7306039E+01   -1.4000000E+01   -6.0234529E+00   -3.9741180E+00   -1.4000000E+01   -2.7275214E+00   -3.0000000E+01   -3.1462678E+00   -9.2386014E+00   -8.5927778E+00   -9.9696166E+00   -1.1346074E+01   -1.2752009E+01   -1.2554819E+01   -2.1775268E+01   -7.6388732E+00   -6.7534370E+00   -1.0620566E+01   -1.3951453E+01   -9.0987685E+00   -1.0042063E+01   -6.8088639E+00
    1.6650000E+01    6.8151634E+00   -6.8011440E+00   -3.9999999E+00   -3.9006926E+00   -3.9392100E+00   -4.3755237E+00   -1.1366342E+01   -3.8073646E+00   -3.5311193E+00   -3.4664135E+00   -6.4487153E+00   -8.6215926E+00   -1.7315999E+01   -1.4000000E+01   -6.0049793E+00   -3.9742268E+00   -1.4000000E+01   -2.7273733E+00   -3.0000000E+01   -3.1446507E+00   -9.2439363E+00   -8.5913082E+00   -9.9782645E+00   -1.1349514E+01   -1.2758695E+01   -1.2543338E+01   -2.1767092E+01   -7.6354408E+00   -6.7483286E+00   -1.0622449E+01   -1.3956641E+01   -9.1040234E+00   -1.0036633E+01   -6.8068671E+00
    1.6830000E+01    6.8185030E+00   -6.8044565E+00   -3.9999999E+00   -3.9002563E+00   -3.9341628E+00   -4.3729662E+00   -1.1377982E+01   -3.8078777E+00   -3.5328837E+00   -3.4664228E+00   -6.4487157E+00   -8.6282262E+00   -1.7325773E+01   -1.4000000E+01   -5.9872599E+00   -3.9748864E+00   -1.4000000E+01   -2.7272253E+00   -3.0000000E+01   -3.1430454E+00   -9.2491124E+00   -8.5898052E+00   -9.9866915E+00   -1.1352893E+01   -1.2765255E+01   -1.2532487E+01   -2.1759481E+01   -7.6320711E+00   -6.7432950E+00   -1.0624283E+01   -1.3961715E+01   -9.1091668E+00   -1.0031282E+01   -6.8048854E+00
    1.7010000E+01    6.8217591E+00   -6.8076857E+00   -3.9999999E+00   -3.8998236E+00   -3.9286656E+00   -4.3704415E+00   -1.1389261E+01   -3.8083938E+00   -3.5345759E+00   -3.4664309E+00   -6.4487161E+00   -8.6346961E+00   -1.7335297E+01   -1.4000000E+01   -5.9702355E+00   -3.9761264E+00   -1.4000000E+01   -2.7270773E+00   -3.0000000E+01   -3.1414515E+00   -9.2540931E+00   -8.5882738E+00   -9.9948401E+00   -1.1356192E+01   -1.2771650E+01   -1.2522167E+01   -2.1752314E+01   -7.6287851E+00   -6.7383568E+00   -1.0626048E+01   -1.3966633E+01   -9.1141573E+00   -1.0026029E+01   -6.8029185E+00
    1.7190000E+01    6.8249023E+00   -6.8108021E+00   -3.9999999E+00   -3.8993943E+00   -3.9227274E+00   -4.3679483E+00   -1.1400070E+01   -3.8089128E+00   -3.5361663E+00   -3.4664378E+00   -6.4487164E+00   -8.6409445E+00   -1.7344485E+01   -1.4000000E+01   -5.9538536E+00   -3.9779614E+00   -1.4000000E+01   -2.7269294E+00   -3.0000000E+01   -3.1398688E+00   -9.2588293E+00   -8.5867235E+00   -1.0002632E+01   -1.1359381E+01   -1.2777819E+01   -1.2512266E+01   -2.1745451E+01   -7.6256121E+00   -6.7335432E+00   -1.0627714E+01   -1.3971337E+01   -9.1189368E+00   -1.0020903E+01   -6.8009659E+00
    1.7370000E+01    6.8278912E+00   -6.8137644E+00   -3.9999999E+00   -3.8989684E+00   -3.9163749E+00   -4.3654850E+00   -1.1410261E+01   -3.8094343E+00   -3.5376129E+00   -3.4664434E+00   -6.4487168E+00   -8.6468900E+00   -1.7353211E+01   -1.4000000E+01   -5.9380674E+00   -3.9803891E+00   -1.4000000E+01   -2.7267815E+00   -3.0000000E+01   -3.1382967E+00   -9.2632536E+00   -8.5851699E+00   -1.0009958E+01   -1.1362422E+01   -1.2783681E+01   -1.2502657E+01   -2.1738720E+01   -7.6225936E+00   -6.7288949E+00   -1.0629241E+01   -1.3975743E+01   -9.1234236E+00   -1.0015945E+01   -6.7990269E+00
    1.7550000E+01    6.8306677E+00   -6.8165144E+00   -3.9999999E+00   -3.8985455E+00   -3.9096511E+00   -4.3630495E+00   -1.1419622E+01   -3.8099582E+00   -3.5388571E+00   -3.4664477E+00   -6.4487172E+00   -8.6524181E+00   -1.7361301E+01   -1.4000000E+01   -5.9228351E+00   -3.9833900E+00   -1.4000000E+01   -2.7266337E+00   -3.0000000E+01   -3.1367349E+00   -9.2672726E+00   -8.5836358E+00   -1.0016666E+01   -1.1365257E+01   -1.2789118E+01   -1.2493183E+01   -2.1731906E+01   -7.6197876E+00   -6.7244697E+00   -1.0630573E+01   -1.3979734E+01   -9.1275026E+00   -1.0011213E+01   -6.7971009E+00
    1.7730000E+01    6.8331503E+00   -6.8189705E+00   -3.9999999E+00   -3.8981255E+00   -3.9026135E+00   -4.3606393E+00   -1.1427861E+01   -3.8104839E+00   -3.5398167E+00   -3.4664507E+00   -6.4487176E+00   -8.6573685E+00   -1.7368510E+01   -1.4000000E+01   -5.9081190E+00   -3.9869277E+00   -1.4000000E+01   -2.7264859E+00   -3.0000000E+01   -3.1351826E+00   -9.2707564E+00   -8.5821546E+00   -1.0022546E+01   -1.1367808E+01   -1.2793968E+01   -1.2483646E+01   -2.1724725E+01   -7.6172758E+00   -6.7203484E+00   -1.0631630E+01   -1.3983147E+01   -9.1310128E+00   -1.0006787E+01   -6.7951870E+00
    1.7910000E+01    6.8352235E+00   -6.8210175E+00   -3.9999999E+00   -3.8977081E+00   -3.8953360E+00   -4.3582536E+00   -1.1434565E+01   -3.8110107E+00   -3.5403768E+00   -3.4664525E+00   -6.4487179E+00   -8.6615142E+00   -1.7374492E+01   -1.4000000E+01   -5.8938964E+00   -3.9909460E+00   -1.4000000E+01   -2.7263383E+00   -3.0000000E+01   -3.1336401E+00   -9.2735220E+00   -8.5807737E+00   -1.0027299E+01   -1.1369963E+01   -1.2798000E+01   -1.2473797E+01   -2.1716810E+01   -7.6151734E+00   -6.7166467E+00   -1.0632301E+01   -1.3985752E+01   -9.1337276E+00   -1.0002783E+01   -6.7932853E+00
