# Time          5.0000E+01
# Units: Log10 mol/kgw
    Distance      pH               H+               Li+              Na+              Ca++             K+               Al+++            SiO2(aq)         CO2(aq)          O2(aq)           Methane(aq)      Fe++             Fe+++            HS-              SO4--            Mg++             Cl-              CH2O             Tracer           HCO3-            Al(OH)2+         AlO2-            AlOH++           FeOH+            FeOH++           FeSO4(aq)        FeSO4+           OH-              CO3--            FeCO3(aq)        FeCO3+           FeHCO3+          NaCO3-           NaHCO3(aq)   
    9.0000000E-02    5.7807255E+00   -5.7744711E+00   -3.9999999E+00   -4.8478077E+00   -5.1095986E+00   -5.1774336E+00   -6.7109053E+00   -4.6610699E+00   -3.1422646E+00   -3.4799315E+00   -6.4486682E+00   -7.2562321E+00   -1.4063488E+01   -1.4000000E+01   -1.4000003E+01   -5.2919217E+00   -1.4000000E+01   -4.5331511E+00   -3.0000000E+01   -3.7986214E+00   -6.5955585E+00   -8.0118064E+00   -6.3202421E+00   -1.0994470E+01   -1.0503598E+01   -1.9107160E+01   -2.6414455E+01   -8.6782471E+00   -8.4615306E+00   -1.0904678E+01   -1.2322411E+01   -8.3602016E+00   -1.2663846E+01   -8.3912551E+00
    2.7000000E-01    5.8600064E+00   -5.8530710E+00   -3.9999999E+00   -4.6408326E+00   -4.8555953E+00   -5.0102245E+00   -7.2100434E+00   -4.4119880E+00   -3.1450466E+00   -3.5019889E+00   -6.4486700E+00   -7.2344673E+00   -1.4515963E+01   -1.4000000E+01   -1.4000003E+01   -5.0358600E+00   -1.4000000E+01   -5.7563345E+00   -3.0000000E+01   -3.7214068E+00   -6.9415662E+00   -8.1992521E+00   -6.7434038E+00   -1.0895514E+01   -1.0880097E+01   -1.9091052E+01   -2.6875213E+01   -8.5982514E+00   -8.3029081E+00   -1.0729935E+01   -1.2624534E+01   -8.2640236E+00   -1.2301087E+01   -8.1084926E+00
    4.5000000E-01    5.9285644E+00   -5.9210599E+00   -3.9999999E+00   -4.5184352E+00   -4.7157603E+00   -4.8393735E+00   -7.5913378E+00   -4.2747015E+00   -3.1524559E+00   -3.5249163E+00   -6.4486715E+00   -7.2774471E+00   -1.4716242E+01   -1.4000000E+01   -1.4000003E+01   -4.8987817E+00   -1.4000000E+01   -6.7122929E+00   -3.0000000E+01   -3.6596575E+00   -7.1902802E+00   -8.3108503E+00   -7.0588923E+00   -1.0871685E+01   -1.1014570E+01   -1.9138773E+01   -2.7082419E+01   -8.5290937E+00   -8.1708173E+00   -1.0645554E+01   -1.2699638E+01   -8.2476004E+00   -1.2048980E+01   -7.9255433E+00
    6.3000000E-01    5.9855096E+00   -5.9775223E+00   -3.9999999E+00   -4.4332932E+00   -4.6235827E+00   -4.6877848E+00   -7.8816249E+00   -4.1839077E+00   -3.1591050E+00   -3.5494623E+00   -6.4486727E+00   -7.3466552E+00   -1.4882642E+01   -1.4000000E+01   -1.4000002E+01   -4.8095237E+00   -1.4000000E+01   -6.9738636E+00   -3.0000000E+01   -3.6088495E+00   -7.3705253E+00   -8.3772048E+00   -7.2945639E+00   -1.0885436E+01   -1.1126355E+01   -1.9212018E+01   -2.7254704E+01   -8.4716374E+00   -8.0615455E+00   -1.0609517E+01   -1.2762642E+01   -8.2679964E+00   -1.1856593E+01   -7.7906136E+00
    8.1000000E-01    6.0333924E+00   -6.0249848E+00   -3.9999999E+00   -4.3687647E+00   -4.5562145E+00   -4.5612757E+00   -8.1151945E+00   -4.1180306E+00   -3.1644247E+00   -3.5758849E+00   -6.4486738E+00   -7.4195911E+00   -1.5022518E+01   -1.4000000E+01   -1.4000002E+01   -4.7448077E+00   -1.4000000E+01   -6.9722851E+00   -3.0000000E+01   -3.5658394E+00   -7.5116781E+00   -8.4225920E+00   -7.4822741E+00   -1.0911785E+01   -1.1220370E+01   -1.9288476E+01   -2.7399707E+01   -8.4233083E+00   -7.9693270E+00   -1.0593747E+01   -1.2815416E+01   -8.2996626E+00   -1.1701615E+01   -7.6839657E+00
    9.9000000E-01    6.0737960E+00   -6.0650136E+00   -3.9999999E+00   -4.3171235E+00   -4.5029442E+00   -4.4581759E+00   -8.3081859E+00   -4.0673933E+00   -3.1679505E+00   -3.6044608E+00   -6.4486746E+00   -7.4833959E+00   -1.5140397E+01   -1.4000000E+01   -1.4000002E+01   -4.6938858E+00   -1.4000000E+01   -6.9454558E+00   -3.0000000E+01   -3.5285617E+00   -7.6268486E+00   -8.4569553E+00   -7.6366630E+00   -1.0936345E+01   -1.1299647E+01   -1.9355430E+01   -2.7522164E+01   -8.3825055E+00   -7.8904607E+00   -1.0581826E+01   -1.2858998E+01   -8.3277447E+00   -1.1572690E+01   -7.5958437E+00
    1.1700000E+00    6.1074019E+00   -6.0982780E+00   -3.9999999E+00   -4.2741417E+00   -4.4581027E+00   -4.3745189E+00   -8.4681557E+00   -4.0268391E+00   -3.1689744E+00   -3.6355303E+00   -6.4486754E+00   -7.5318693E+00   -1.5238185E+01   -1.4000000E+01   -1.4000002E+01   -4.6510862E+00   -1.4000000E+01   -6.9147246E+00   -3.0000000E+01   -3.4956143E+00   -7.7223265E+00   -8.4852215E+00   -7.7646649E+00   -1.0952268E+01   -1.1365467E+01   -1.9406778E+01   -2.7624125E+01   -8.3485349E+00   -7.8228253E+00   -1.0565530E+01   -1.2893315E+01   -8.3446896E+00   -1.1463517E+01   -7.5206424E+00
    1.3500000E+00    6.1341393E+00   -6.1246987E+00   -3.9999999E+00   -4.2372153E+00   -4.4185472E+00   -4.3061995E+00   -8.5977627E+00   -3.9932573E+00   -3.1664267E+00   -3.6695208E+00   -6.4486760E+00   -7.5624338E+00   -1.5315584E+01   -1.4000000E+01   -1.4000001E+01   -4.6132579E+00   -1.4000000E+01   -6.8810799E+00   -3.0000000E+01   -3.4659894E+00   -7.8009813E+00   -8.5104014E+00   -7.8690513E+00   -1.0957076E+01   -1.1417645E+01   -1.9440014E+01   -2.7705397E+01   -8.3214584E+00   -7.7654572E+00   -1.0541390E+01   -1.2917211E+01   -8.3469470E+00   -1.1370565E+01   -7.4547678E+00
    1.5300000E+00    6.1532218E+00   -6.1434825E+00   -3.9999999E+00   -4.2045713E+00   -4.3824640E+00   -4.2497220E+00   -8.6960617E+00   -3.9645653E+00   -3.1587554E+00   -3.7069803E+00   -6.4486766E+00   -7.5735089E+00   -1.5370177E+01   -1.4000000E+01   -1.4000001E+01   -4.5785682E+00   -1.4000000E+01   -6.8440985E+00   -3.0000000E+01   -3.4389146E+00   -7.8634933E+00   -8.5347485E+00   -7.9496957E+00   -1.0949995E+01   -1.1454584E+01   -1.9453613E+01   -2.7763645E+01   -8.3020555E+00   -7.7183498E+00   -1.0507873E+01   -1.2928343E+01   -8.3321915E+00   -1.1292082E+01   -7.3956885E+00
    1.7100000E+00    6.1631357E+00   -6.1531103E+00   -3.9999999E+00   -4.1748776E+00   -4.3487203E+00   -4.2023510E+00   -8.7589825E+00   -3.9392158E+00   -3.1438180E+00   -3.7486263E+00   -6.4486772E+00   -7.5630226E+00   -1.5397380E+01   -1.4000000E+01   -1.4000001E+01   -4.5458476E+00   -1.4000000E+01   -6.8030909E+00   -3.0000000E+01   -3.4137550E+00   -7.9088638E+00   -8.5602912E+00   -8.0040683E+00   -1.0930482E+01   -1.1473239E+01   -1.9445548E+01   -2.7794351E+01   -8.2918340E+00   -7.6823647E+00   -1.0463815E+01   -1.2923056E+01   -8.2977390E+00   -1.1227621E+01   -7.3414489E+00
    1.8900000E+00    6.1616909E+00   -6.1513863E+00   -3.9999999E+00   -4.1469051E+00   -4.3164248E+00   -4.1623989E+00   -8.7797576E+00   -3.9157752E+00   -3.1188471E+00   -3.7954247E+00   -6.4486779E+00   -7.5283154E+00   -1.5390580E+01   -1.4000000E+01   -1.4000001E+01   -4.5139503E+00   -1.4000000E+01   -6.7304214E+00   -3.0000000E+01   -3.3899274E+00   -7.9347512E+00   -8.5890681E+00   -8.0276194E+00   -1.0898087E+01   -1.1469215E+01   -1.9413208E+01   -2.7790972E+01   -8.2929779E+00   -7.6590904E+00   -1.0408192E+01   -1.2896395E+01   -8.2403703E+00   -1.1177564E+01   -7.2902492E+00
    2.0700000E+00    6.1479792E+00   -6.1373544E+00   -3.9999999E+00   -4.1087140E+00   -4.2779670E+00   -4.1648095E+00   -8.6548796E+00   -3.8807389E+00   -3.0808703E+00   -3.8483323E+00   -6.4486790E+00   -7.5049803E+00   -1.5346915E+01   -1.4000000E+01   -1.4000002E+01   -4.4568125E+00   -1.4000000E+01   -4.9787418E+00   -3.0000000E+01   -3.3653155E+00   -7.8398458E+00   -8.5215862E+00   -7.9179779E+00   -1.0889460E+01   -1.1440786E+01   -1.9392593E+01   -2.7751234E+01   -8.3063437E+00   -7.6471657E+00   -1.0375643E+01   -1.2844721E+01   -8.1937627E+00   -1.1128816E+01   -7.2281365E+00
    2.2500000E+00    6.1354351E+00   -6.1244973E+00   -3.9999999E+00   -4.0726722E+00   -4.2422232E+00   -4.1674932E+00   -8.6453174E+00   -3.8481837E+00   -3.0450652E+00   -3.9047053E+00   -6.4486803E+00   -7.4514267E+00   -1.5306532E+01   -1.4000000E+01   -1.4000002E+01   -4.4058958E+00   -1.4000000E+01   -4.8819644E+00   -3.0000000E+01   -3.3417150E+00   -7.8578619E+00   -8.5646906E+00   -7.9224469E+00   -1.0849425E+01   -1.1414435E+01   -1.9341703E+01   -2.7714691E+01   -8.3185490E+00   -7.6351063E+00   -1.0312683E+01   -1.2796109E+01   -8.1179190E+00   -1.1082054E+01   -7.1691700E+00
    2.4300000E+00    6.1249131E+00   -6.1136698E+00   -3.9999999E+00   -4.0386473E+00   -4.2088707E+00   -4.1704448E+00   -8.6408157E+00   -3.8178908E+00   -3.0122440E+00   -3.9649665E+00   -6.4486816E+00   -7.3880469E+00   -1.5272253E+01   -1.4000000E+01   -1.4000002E+01   -4.3600169E+00   -1.4000000E+01   -4.8188075E+00   -3.0000000E+01   -3.3190833E+00   -7.8768358E+00   -8.6047083E+00   -7.9299174E+00   -1.0797519E+01   -1.1392128E+01   -1.9280929E+01   -2.7684164E+01   -8.3287394E+00   -7.6220152E+00   -1.0238807E+01   -1.2752481E+01   -8.0331889E+00   -1.1036249E+01   -7.1131749E+00
    2.6100000E+00    6.1162145E+00   -6.1046730E+00   -3.9999999E+00   -4.0065131E+00   -4.1776430E+00   -4.1736609E+00   -8.6406165E+00   -3.7896903E+00   -2.9821710E+00   -4.0295593E+00   -6.4486830E+00   -7.3218038E+00   -1.5243502E+01   -1.4000000E+01   -1.4000002E+01   -4.3183093E+00   -1.4000000E+01   -4.7557289E+00   -3.0000000E+01   -3.2973837E+00   -7.8964065E+00   -8.6416763E+00   -7.9398299E+00   -1.0740905E+01   -1.1373489E+01   -1.9217233E+01   -2.7659078E+01   -8.3371136E+00   -7.6080545E+00   -1.0161141E+01   -1.2713424E+01   -7.9464986E+00   -1.0991435E+01   -7.0599882E+00
    2.7900000E+00    6.1091118E+00   -6.0972793E+00   -3.9999999E+00   -3.9761454E+00   -4.1483148E+00   -4.1771369E+00   -8.6440751E+00   -3.7634230E+00   -2.9545784E+00   -4.0990487E+00   -6.4486844E+00   -7.2549543E+00   -1.5219606E+01   -1.4000000E+01   -1.4000003E+01   -4.2801138E+00   -1.4000000E+01   -4.6888972E+00   -3.0000000E+01   -3.2765757E+00   -7.9163853E+00   -8.6758605E+00   -7.9517680E+00   -1.0682067E+01   -1.1358072E+01   -1.9152873E+01   -2.7638759E+01   -8.3438991E+00   -7.5934114E+00   -1.0082128E+01   -1.2678451E+01   -7.8600646E+00   -1.0947677E+01   -7.0094453E+00
    2.9700000E+00    6.1034475E+00   -6.0913312E+00   -3.9999999E+00   -3.9474273E+00   -4.1206948E+00   -4.1808671E+00   -8.6507814E+00   -3.7389442E+00   -2.9292680E+00   -4.1741077E+00   -6.4486859E+00   -7.1882241E+00   -1.5200094E+01   -1.4000000E+01   -1.4000003E+01   -4.2449174E+00   -1.4000000E+01   -4.6174745E+00   -3.0000000E+01   -3.2566187E+00   -7.9366773E+00   -8.7074812E+00   -7.9654792E+00   -1.0621888E+01   -1.1345565E+01   -1.9088576E+01   -2.7622739E+01   -8.3492534E+00   -7.5782021E+00   -1.0002610E+01   -1.2647211E+01   -7.7745721E+00   -1.0904974E+01   -6.9613886E+00
    3.1500000E+00    6.0991323E+00   -6.0867393E+00   -3.9999999E+00   -3.9202520E+00   -4.0946204E+00   -4.1848447E+00   -8.6605517E+00   -3.7161258E+00   -2.9061111E+00   -4.2555341E+00   -6.4486874E+00   -7.1218732E+00   -1.5184699E+01   -1.4000000E+01   -1.4000004E+01   -4.2123146E+00   -1.4000000E+01   -4.5409743E+00   -3.0000000E+01   -3.2374732E+00   -7.9572785E+00   -8.7367127E+00   -7.9808699E+00   -1.0560718E+01   -1.1335790E+01   -1.9024601E+01   -2.7610751E+01   -8.3532656E+00   -7.5624766E+00   -9.9228993E+00   -1.2619487E+01   -7.6902420E+00   -1.0863269E+01   -6.9156721E+00
    3.3300000E+00    6.0961359E+00   -6.0834732E+00   -3.9999999E+00   -3.8945248E+00   -4.0699531E+00   -4.1890617E+00   -8.6733971E+00   -3.6948566E+00   -2.8850413E+00   -4.3442731E+00   -6.4486889E+00   -7.0560572E+00   -1.5173331E+01   -1.4000000E+01   -1.4000005E+01   -4.1819800E+00   -1.4000000E+01   -4.4589809E+00   -3.0000000E+01   -3.2191030E+00   -7.9782613E+00   -8.7636883E+00   -7.9979823E+00   -1.0498744E+01   -1.1328689E+01   -1.8961104E+01   -2.7602705E+01   -8.3559661E+00   -7.5462287E+00   -9.8431444E+00   -1.2595183E+01   -7.6071938E+00   -1.0822461E+01   -6.8721648E+00
    3.5100000E+00    6.0944791E+00   -6.0815537E+00   -3.9999999E+00   -3.8701635E+00   -4.0465752E+00   -4.1935086E+00   -8.6894968E+00   -3.6750427E+00   -2.8660466E+00   -4.4414412E+00   -6.4486905E+00   -6.9909529E+00   -1.5166052E+01   -1.4000000E+01   -1.4000005E+01   -4.1536499E+00   -1.4000000E+01   -4.3711647E+00   -3.0000000E+01   -3.2014754E+00   -7.9997640E+00   -8.7885046E+00   -8.0169750E+00   -1.0436120E+01   -1.1324303E+01   -1.8898264E+01   -2.7598665E+01   -8.3573341E+00   -7.5294048E+00   -9.7634693E+00   -1.2574309E+01   -7.5255722E+00   -1.0782415E+01   -6.8307519E+00
    3.6900000E+00    6.0942257E+00   -6.0810445E+00   -3.9999999E+00   -3.8470979E+00   -4.0243864E+00   -4.1981743E+00   -8.7091702E+00   -3.6566062E+00   -2.8491624E+00   -4.5483483E+00   -6.4486920E+00   -6.9267992E+00   -1.5163052E+01   -1.4000000E+01   -1.4000006E+01   -4.1271085E+00   -1.4000000E+01   -4.2773680E+00   -3.0000000E+01   -3.1845618E+00   -8.0219783E+00   -8.8112256E+00   -8.0381039E+00   -1.0373023E+01   -1.1322759E+01   -1.8836318E+01   -2.7598823E+01   -8.3573055E+00   -7.5119124E+00   -9.6840205E+00   -1.2556963E+01   -7.4455873E+00   -1.0742969E+01   -6.7913348E+00
    3.8700000E+00    6.0954718E+00   -6.0820416E+00   -3.9999999E+00   -3.8252695E+00   -4.0033014E+00   -4.2030459E+00   -8.7328390E+00   -3.6394842E+00   -2.8344604E+00   -4.6665102E+00   -6.4486936E+00   -6.8639025E+00   -1.5164620E+01   -1.4000000E+01   -1.4000007E+01   -4.1021781E+00   -1.4000000E+01   -4.1777371E+00   -3.0000000E+01   -3.1683379E+00   -8.0451343E+00   -8.8318894E+00   -8.0616950E+00   -1.0309662E+01   -1.1324249E+01   -1.8775574E+01   -2.7603464E+01   -8.3557846E+00   -7.4936313E+00   -9.6049839E+00   -1.2543312E+01   -7.3675211E+00   -1.0703943E+01   -6.7538306E+00
    4.0500000E+00    6.0983284E+00   -6.0846561E+00   -3.9999999E+00   -3.8046292E+00   -3.9832478E+00   -4.2081083E+00   -8.7609688E+00   -3.6236264E+00   -2.8220306E+00   -4.7976405E+00   -6.4486953E+00   -6.8026262E+00   -1.5171086E+01   -1.4000000E+01   -1.4000008E+01   -4.0787110E+00   -1.4000000E+01   -4.0728926E+00   -3.0000000E+01   -3.1527830E+00   -8.0694751E+00   -8.8505170E+00   -8.0881026E+00   -1.0246290E+01   -1.1328993E+01   -1.8716393E+01   -2.7612920E+01   -8.3526603E+00   -7.4744301E+00   -9.5265910E+00   -1.2533556E+01   -7.2917162E+00   -1.0665156E+01   -6.7181692E+00
    4.2300000E+00    6.1028960E+00   -6.0889885E+00   -3.9999999E+00   -3.7851351E+00   -3.9641631E+00   -4.2133443E+00   -8.7939785E+00   -3.6089916E+00   -2.8119558E+00   -4.9436059E+00   -6.4486969E+00   -6.7433692E+00   -1.5182750E+01   -1.4000000E+01   -1.4000009E+01   -4.0565832E+00   -1.4000000E+01   -3.9640981E+00   -3.0000000E+01   -3.1378792E+00   -8.0952182E+00   -8.8671251E+00   -8.1176451E+00   -1.0183205E+01   -1.1337190E+01   -1.8659174E+01   -2.7627490E+01   -8.3478323E+00   -7.4541906E+00   -9.4491218E+00   -1.2527875E+01   -7.2185532E+00   -1.0626449E+01   -6.6842907E+00
    4.4100000E+00    6.1092301E+00   -6.0950945E+00   -3.9999999E+00   -3.7667488E+00   -3.9459926E+00   -4.2187347E+00   -8.8321193E+00   -3.5955435E+00   -2.8042748E+00   -5.1063309E+00   -6.4486985E+00   -6.6865360E+00   -1.5199776E+01   -1.4000000E+01   -1.4000011E+01   -4.0356887E+00   -1.4000000E+01   -3.8533465E+00   -3.0000000E+01   -3.1236102E+00   -8.1225033E+00   -8.8817419E+00   -8.1505179E+00   -1.0120757E+01   -1.1348948E+01   -1.8604321E+01   -2.7647336E+01   -8.3412451E+00   -7.4328411E+00   -9.3729085E+00   -1.2526361E+01   -7.1484199E+00   -1.0587710E+01   -6.6521400E+00
    4.5900000E+00    6.1173037E+00   -6.1029472E+00   -3.9999999E+00   -3.7494314E+00   -3.9286866E+00   -4.2242591E+00   -8.8753413E+00   -3.5832457E+00   -2.7989438E+00   -5.2876441E+00   -6.4487001E+00   -6.6325016E+00   -1.5222079E+01   -1.4000000E+01   -1.4000012E+01   -4.0159348E+00   -1.4000000E+01   -3.7432537E+00   -3.0000000E+01   -3.1099589E+00   -8.1513341E+00   -8.8944254E+00   -8.1866981E+00   -1.0059345E+01   -1.1364209E+01   -1.8552208E+01   -2.7672373E+01   -8.3329258E+00   -7.4103920E+00   -9.2983355E+00   -1.2528939E+01   -7.0816740E+00   -1.0548911E+01   -6.6216611E+00
    4.7700000E+00    6.1269789E+00   -6.1124085E+00   -3.9999999E+00   -3.7331396E+00   -3.9121980E+00   -4.2298967E+00   -8.9231931E+00   -3.5720563E+00   -2.7958055E+00   -5.4890898E+00   -6.4487017E+00   -6.5815722E+00   -1.5249242E+01   -1.4000000E+01   -1.4000013E+01   -3.9972378E+00   -1.4000000E+01   -3.6366992E+00   -3.0000000E+01   -3.0969063E+00   -8.1815353E+00   -8.9052762E+00   -8.2258725E+00   -9.9994152E+00   -1.1382694E+01   -1.8503142E+01   -2.7702185E+01   -8.3230123E+00   -7.3869620E+00   -9.2258281E+00   -1.2535309E+01   -7.0186027E+00   -1.0510127E+01   -6.5927917E+00
    4.9500000E+00    6.1380037E+00   -6.1232263E+00   -3.9999999E+00   -3.7178235E+00   -3.8964802E+00   -4.2356273E+00   -8.9748123E+00   -3.5619246E+00   -2.7945851E+00   -5.7117528E+00   -6.4487033E+00   -6.5339519E+00   -1.5280504E+01   -1.4000000E+01   -1.4000015E+01   -3.9795196E+00   -1.4000000E+01   -3.5362975E+00   -3.0000000E+01   -3.0844294E+00   -8.2127493E+00   -8.9144407E+00   -8.2674311E+00   -9.9414234E+00   -1.1403896E+01   -1.8457326E+01   -2.7736011E+01   -8.3117567E+00   -7.3627803E+00   -9.1558197E+00   -1.2544943E+01   -6.9593874E+00   -1.0471538E+01   -6.5654590E+00
    5.1300000E+00    6.1500424E+00   -6.1350648E+00   -3.9999999E+00   -3.7034253E+00   -3.8814865E+00   -4.2414329E+00   -9.0290365E+00   -3.5527898E+00   -2.7949203E+00   -5.9561575E+00   -6.4487048E+00   -6.4897199E+00   -1.5314857E+01   -1.4000000E+01   -1.4000017E+01   -3.9627065E+00   -1.4000000E+01   -3.4439187E+00   -3.0000000E+01   -3.0725015E+00   -8.2444861E+00   -8.9221002E+00   -8.3105480E+00   -9.8857850E+00   -1.1427142E+01   -1.8414841E+01   -2.7772844E+01   -8.2994944E+00   -7.3381551E+00   -9.0886991E+00   -1.2557141E+01   -6.9040810E+00   -1.0433394E+01   -6.5395786E+00
    5.3100000E+00    6.1627313E+00   -6.1475602E+00   -3.9999999E+00   -3.6898817E+00   -3.8671697E+00   -4.2472978E+00   -9.0846049E+00   -3.5445832E+00   -2.7964173E+00   -6.2222768E+00   -6.4487064E+00   -6.4488282E+00   -1.5351208E+01   -1.4000000E+01   -1.4000018E+01   -3.9467277E+00   -1.4000000E+01   -3.3604637E+00   -3.0000000E+01   -3.0610920E+00   -8.2762143E+00   -8.9284503E+00   -8.3543273E+00   -9.8328163E+00   -1.1451703E+01   -1.8375641E+01   -2.7811595E+01   -8.2865889E+00   -7.3134188E+00   -9.0247527E+00   -1.2571145E+01   -6.8526061E+00   -1.0395967E+01   -6.5150573E+00
    5.4900000E+00    6.1757369E+00   -6.1603785E+00   -3.9999999E+00   -3.6771264E+00   -3.8534831E+00   -4.2532093E+00   -9.1403678E+00   -3.5372312E+00   -2.7987101E+00   -6.5096361E+00   -6.4487079E+00   -6.4111198E+00   -1.5388553E+01   -1.4000000E+01   -1.4000020E+01   -3.9315165E+00   -1.4000000E+01   -3.2859386E+00   -3.0000000E+01   -3.0501684E+00   -8.3074538E+00   -8.9336787E+00   -8.3979546E+00   -9.7826948E+00   -1.1476913E+01   -1.8339572E+01   -2.7851265E+01   -8.2733734E+00   -7.2888717E+00   -8.9641261E+00   -1.2586257E+01   -6.8047744E+00   -1.0359490E+01   -6.4917969E+00
    5.6700000E+00    6.1887946E+00   -6.1732548E+00   -3.9999999E+00   -3.6650934E+00   -3.8403813E+00   -4.2591575E+00   -9.1954283E+00   -3.5306600E+00   -2.8015015E+00   -6.8174633E+00   -6.4487094E+00   -6.3763606E+00   -1.5426100E+01   -1.4000000E+01   -1.4000021E+01   -3.9170102E+00   -1.4000000E+01   -3.2197197E+00   -3.0000000E+01   -3.0396978E+00   -8.3378396E+00   -8.9379490E+00   -8.4407989E+00   -9.7354522E+00   -1.1502244E+01   -1.8306402E+01   -2.7891063E+01   -8.2601121E+00   -7.2647443E+00   -8.9068186E+00   -1.2601917E+01   -6.7603202E+00   -1.0324130E+01   -6.4696990E+00
    5.8500000E+00    6.2017214E+00   -6.1860057E+00   -3.9999999E+00   -3.6537200E+00   -3.8278216E+00   -4.2651345E+00   -9.2491851E+00   -3.5247985E+00   -2.8045767E+00   -7.1448337E+00   -6.4487109E+00   -6.3442759E+00   -1.5463298E+01   -1.4000000E+01   -1.4000023E+01   -3.9031513E+00   -1.4000000E+01   -3.1608550E+00   -3.0000000E+01   -3.0296479E+00   -8.3671391E+00   -8.9413951E+00   -8.4824438E+00   -9.6909976E+00   -1.1527330E+01   -1.8275859E+01   -2.7930444E+01   -8.2469878E+00   -7.2411864E+00   -8.8527080E+00   -1.2617730E+01   -6.7189379E+00   -1.0289975E+01   -6.4486696E+00
    6.0300000E+00    6.2144070E+00   -6.1985207E+00   -3.9999999E+00   -3.6429483E+00   -3.8157644E+00   -4.2711343E+00   -9.3012999E+00   -3.5195810E+00   -2.8077957E+00   -7.4907804E+00   -6.4487123E+00   -6.3145818E+00   -1.5499816E+01   -1.4000000E+01   -1.4000024E+01   -3.8898876E+00   -1.4000000E+01   -3.1083038E+00   -3.0000000E+01   -3.0199885E+00   -8.3952373E+00   -8.9441221E+00   -8.5226629E+00   -9.6491586E+00   -1.1551952E+01   -1.8247663E+01   -2.7969080E+01   -8.2341103E+00   -7.2182767E+00   -8.8015921E+00   -1.2633447E+01   -6.6803149E+00   -1.0257049E+01   -6.4286210E+00
    6.2100000E+00    6.2267957E+00   -6.2107438E+00   -3.9999999E+00   -3.6327257E+00   -3.8041733E+00   -4.2771522E+00   -9.3516295E+00   -3.5149477E+00   -2.8110749E+00   -7.8543633E+00   -6.4487138E+00   -6.2870072E+00   -1.5535485E+01   -1.4000000E+01   -1.4000026E+01   -3.8771721E+00   -1.4000000E+01   -3.0610842E+00   -3.0000000E+01   -3.0106916E+00   -8.4221047E+00   -8.9462121E+00   -8.5613701E+00   -9.6097206E+00   -1.1575999E+01   -1.8221544E+01   -2.8006808E+01   -8.2215350E+00   -7.1960422E+00   -8.7532292E+00   -1.2648931E+01   -6.6441533E+00   -1.0225325E+01   -6.4094734E+00
    6.3900000E+00    6.2388672E+00   -6.2226543E+00   -3.9999999E+00   -3.6230051E+00   -3.7930154E+00   -4.2831843E+00   -9.4001547E+00   -3.5108456E+00   -2.8143689E+00   -8.2347038E+00   -6.4487152E+00   -6.2613062E+00   -1.5570243E+01   -1.4000000E+01   -1.4000027E+01   -3.8649626E+00   -1.4000000E+01   -3.0183408E+00   -3.0000000E+01   -3.0017317E+00   -8.4477654E+00   -8.9477298E+00   -8.5985682E+00   -9.5724591E+00   -1.1599430E+01   -1.8197260E+01   -2.8043568E+01   -8.2092818E+00   -7.1744765E+00   -8.7073698E+00   -1.2664115E+01   -6.6101829E+00   -1.0194752E+01   -6.3911550E+00
    6.5700000E+00    6.2506215E+00   -6.2342519E+00   -3.9999999E+00   -3.6137449E+00   -3.7822609E+00   -4.2892276E+00   -9.4469262E+00   -3.5072271E+00   -2.8176548E+00   -8.6309955E+00   -6.4487166E+00   -6.2372625E+00   -1.5604088E+01   -1.4000000E+01   -1.4000029E+01   -3.8532214E+00   -1.4000000E+01   -2.9793609E+00   -3.0000000E+01   -2.9930855E+00   -8.4722722E+00   -8.9487279E+00   -8.6343090E+00   -9.5371585E+00   -1.1622244E+01   -1.8174596E+01   -2.8079361E+01   -8.1973505E+00   -7.1535556E+00   -8.6637758E+00   -1.2678979E+01   -6.5781655E+00   -1.0165267E+01   -6.3736013E+00
    6.7500000E+00    6.2620691E+00   -6.2455469E+00   -3.9999999E+00   -3.6049078E+00   -3.7718827E+00   -4.2952796E+00   -9.4920277E+00   -3.5040506E+00   -2.8209225E+00   -9.0425015E+00   -6.4487180E+00   -6.2146893E+00   -1.5637049E+01   -1.4000000E+01   -1.4000030E+01   -3.8419149E+00   -1.4000000E+01   -2.9435644E+00   -3.0000000E+01   -2.9847322E+00   -8.4956899E+00   -8.9492505E+00   -8.6686670E+00   -9.5036225E+00   -1.1644461E+01   -1.8153368E+01   -2.8114221E+01   -8.1857303E+00   -7.1332475E+00   -8.6222304E+00   -1.2693521E+01   -6.5478943E+00   -1.0136799E+01   -6.3567549E+00
    6.9300000E+00    6.2732249E+00   -6.2565539E+00   -3.9999999E+00   -3.5964608E+00   -3.7618566E+00   -4.3013382E+00   -9.5355548E+00   -3.5012789E+00   -2.8241680E+00   -9.4685388E+00   -6.4487194E+00   -6.1934265E+00   -1.5669169E+01   -1.4000000E+01   -1.4000032E+01   -3.8310129E+00   -1.4000000E+01   -2.9104836E+00   -3.0000000E+01   -2.9766529E+00   -8.5180862E+00   -8.9493353E+00   -8.7017241E+00   -9.4716767E+00   -1.1666112E+01   -1.8133418E+01   -2.8148192E+01   -8.1744062E+00   -7.1135176E+00   -8.5825409E+00   -1.2707753E+01   -6.5191914E+00   -1.0109284E+01   -6.3405642E+00
    7.1100000E+00    6.2841050E+00   -6.2672890E+00   -3.9999999E+00   -3.5883745E+00   -3.7521604E+00   -4.3074016E+00   -9.5776041E+00   -3.4988791E+00   -2.8273908E+00   -9.9084435E+00   -6.4487207E+00   -6.1733373E+00   -1.5700496E+01   -1.4000000E+01   -1.4000033E+01   -3.8204881E+00   -1.4000000E+01   -2.8797407E+00   -3.0000000E+01   -2.9688303E+00   -8.5395267E+00   -8.9490155E+00   -8.7335616E+00   -9.4411687E+00   -1.1687226E+01   -1.8114610E+01   -2.8181324E+01   -8.1633616E+00   -7.0943317E+00   -8.5445380E+00   -1.2721691E+01   -6.4919035E+00   -1.0082657E+01   -6.3249830E+00
    7.2900000E+00    6.2947258E+00   -6.2777681E+00   -3.9999999E+00   -3.5806224E+00   -3.7427740E+00   -4.3134684E+00   -9.6182682E+00   -3.4968217E+00   -2.8305917E+00   -1.0361479E+01   -6.4487221E+00   -6.1543042E+00   -1.5731075E+01   -1.4000000E+01   -1.4000035E+01   -3.8103160E+00   -1.4000000E+01   -2.8510293E+00   -3.0000000E+01   -2.9612490E+00   -8.5600733E+00   -8.9483205E+00   -8.7642569E+00   -9.4119654E+00   -1.1707837E+01   -1.8096828E+01   -2.8213668E+01   -8.1525802E+00   -7.0756575E+00   -8.5080737E+00   -1.2735351E+01   -6.4658985E+00   -1.0056862E+01   -6.3099699E+00
    7.4700000E+00    6.3051027E+00   -6.2880068E+00   -3.9999999E+00   -3.5731810E+00   -3.7336790E+00   -4.3195374E+00   -9.6576344E+00   -3.4950805E+00   -2.8337722E+00   -1.0826532E+01   -6.4487235E+00   -6.1362262E+00   -1.5760953E+01   -1.4000000E+01   -1.4000036E+01   -3.8004743E+00   -1.4000000E+01   -2.8240982E+00   -3.0000000E+01   -2.9538947E+00   -8.5797835E+00   -8.9472768E+00   -8.7938824E+00   -9.3839509E+00   -1.1727974E+01   -1.8079974E+01   -2.8245269E+01   -8.1420461E+00   -7.0574646E+00   -8.4730180E+00   -1.2748751E+01   -6.4410619E+00   -1.0031844E+01   -6.2954873E+00
    7.6500000E+00    6.3152507E+00   -6.2980196E+00   -3.9999999E+00   -3.5660290E+00   -3.7248588E+00   -4.3256076E+00   -9.6957844E+00   -3.4936320E+00   -2.8369345E+00   -1.1300788E+01   -6.4487248E+00   -6.1190158E+00   -1.5790172E+01   -1.4000000E+01   -1.4000037E+01   -3.7909431E+00   -1.4000000E+01   -2.7987400E+00   -3.0000000E+01   -2.9467544E+00   -8.5987105E+00   -8.9459078E+00   -8.8225058E+00   -9.3570231E+00   -1.1747666E+01   -1.8063961E+01   -2.8276173E+01   -8.1317443E+00   -7.0397248E+00   -8.4392564E+00   -1.2761907E+01   -6.4172938E+00   -1.0007556E+01   -6.2815015E+00
    7.8300000E+00    6.3251841E+00   -6.3078207E+00   -3.9999999E+00   -3.5591471E+00   -3.7162979E+00   -4.3316772E+00   -9.7327954E+00   -3.4924552E+00   -2.8400810E+00   -1.1771818E+01   -6.4487262E+00   -6.1025967E+00   -1.5818774E+01   -1.4000000E+01   -1.4000039E+01   -3.7817038E+00   -1.4000000E+01   -2.7747833E+00   -3.0000000E+01   -2.9398163E+00   -8.6169041E+00   -8.9442347E+00   -8.8501908E+00   -9.3310920E+00   -1.1766942E+01   -1.8048714E+01   -2.8306424E+01   -8.1216604E+00   -7.0224113E+00   -8.4066872E+00   -1.2774835E+01   -6.3945067E+00   -9.9839515E+00   -6.2679815E+00
    8.0100000E+00    6.3349174E+00   -6.3174246E+00   -3.9999999E+00   -3.5525138E+00   -3.7079880E+00   -4.3376602E+00   -9.7687289E+00   -3.4915519E+00   -2.8432151E+00   -1.2165528E+01   -6.4487275E+00   -6.0868897E+00   -1.5846801E+01   -1.4000000E+01   -1.4000040E+01   -3.7727467E+00   -1.4000000E+01   -2.7522994E+00   -3.0000000E+01   -2.9330690E+00   -8.6343978E+00   -8.9422618E+00   -8.8769849E+00   -9.3060643E+00   -1.1785830E+01   -1.8034154E+01   -2.8336065E+01   -8.1117797E+00   -7.0054978E+00   -8.3752059E+00   -1.2787554E+01   -6.3726106E+00   -9.9609832E+00   -6.2548946E+00
    8.1900000E+00    6.3445722E+00   -6.3269540E+00   -3.9999999E+00   -3.5456734E+00   -3.7004211E+00   -4.3351210E+00   -9.8043566E+00   -3.4930109E+00   -2.8463640E+00   -1.2214124E+01   -6.4487288E+00   -6.0705886E+00   -1.5874629E+01   -1.4000000E+01   -1.4000041E+01   -3.7646770E+00   -1.4000000E+01   -2.7519306E+00   -3.0000000E+01   -2.9264193E+00   -8.6517110E+00   -8.9402654E+00   -8.9035329E+00   -9.2805084E+00   -1.1804579E+01   -1.8018966E+01   -2.8365457E+01   -8.1019819E+00   -6.9887734E+00   -8.3432853E+00   -1.2800214E+01   -6.3502010E+00   -9.9379796E+00   -6.2416896E+00
    8.3700000E+00    6.3540481E+00   -6.3363071E+00   -3.9999999E+00   -3.5390779E+00   -3.6930521E+00   -4.3326714E+00   -9.8372969E+00   -3.4946541E+00   -2.8495087E+00   -1.2230978E+01   -6.4487301E+00   -6.0549998E+00   -1.5901944E+01   -1.4000000E+01   -1.4000043E+01   -3.7568164E+00   -1.4000000E+01   -2.7515621E+00   -3.0000000E+01   -2.9199472E+00   -8.6666740E+00   -8.9362767E+00   -8.9275602E+00   -9.2558357E+00   -1.1822980E+01   -1.8004469E+01   -2.8394305E+01   -8.0923657E+00   -6.9724138E+00   -8.3124200E+00   -1.2812694E+01   -6.3286706E+00   -9.9155746E+00   -6.2289014E+00
    8.5500000E+00    6.3633397E+00   -6.3454784E+00   -3.9999999E+00   -3.5327126E+00   -3.6858737E+00   -4.3302955E+00   -9.8693309E+00   -3.4964680E+00   -2.8526354E+00   -1.2236667E+01   -6.4487314E+00   -6.0400670E+00   -1.5928728E+01   -1.4000000E+01   -1.4000044E+01   -3.7491541E+00   -1.4000000E+01   -2.7511938E+00   -3.0000000E+01   -2.9136439E+00   -8.6810797E+00   -8.9320990E+00   -8.9508539E+00   -9.2319954E+00   -1.1841024E+01   -1.7990606E+01   -2.8422592E+01   -8.0829365E+00   -6.9564151E+00   -8.2825506E+00   -1.2824974E+01   -6.3079546E+00   -9.8937502E+00   -6.2165070E+00
    8.7300000E+00    6.3724562E+00   -6.3544769E+00   -3.9999999E+00   -3.5265637E+00   -3.6788771E+00   -4.3279833E+00   -9.9005083E+00   -3.4984405E+00   -2.8557448E+00   -1.2238721E+01   -6.4487327E+00   -6.0257393E+00   -1.5955008E+01   -1.4000000E+01   -1.4000046E+01   -3.7416805E+00   -1.4000000E+01   -2.7508259E+00   -3.0000000E+01   -2.9075011E+00   -8.6949605E+00   -8.9277468E+00   -8.9734550E+00   -9.2089282E+00   -1.1858728E+01   -1.7977329E+01   -2.8450345E+01   -8.0736850E+00   -6.9407598E+00   -8.2536096E+00   -1.2837064E+01   -6.2879944E+00   -9.8724753E+00   -6.2044843E+00
    8.9100000E+00    6.3814057E+00   -6.3633106E+00   -3.9999999E+00   -3.5206185E+00   -3.6720547E+00   -4.3257277E+00   -9.9308736E+00   -3.5005603E+00   -2.8588374E+00   -1.2239615E+01   -6.4487340E+00   -6.0119716E+00   -1.5980807E+01   -1.4000000E+01   -1.4000047E+01   -3.7343863E+00   -1.4000000E+01   -2.7504583E+00   -3.0000000E+01   -2.9015110E+00   -8.7083450E+00   -8.9232324E+00   -8.9954002E+00   -9.1865808E+00   -1.1876107E+01   -1.7964592E+01   -2.8477590E+01   -8.0646030E+00   -6.9254313E+00   -8.2255362E+00   -1.2848973E+01   -6.2687373E+00   -9.8517214E+00   -6.1928131E+00
    9.0900000E+00    6.3901957E+00   -6.3719870E+00   -3.9999999E+00   -3.5148655E+00   -3.6653999E+00   -4.3235232E+00   -9.9604670E+00   -3.5028173E+00   -2.8619136E+00   -1.2240129E+01   -6.4487352E+00   -5.9987235E+00   -1.6006148E+01   -1.4000000E+01   -1.4000048E+01   -3.7272618E+00   -1.4000000E+01   -2.7500910E+00   -3.0000000E+01   -2.8956664E+00   -8.7212596E+00   -8.9185670E+00   -9.0167229E+00   -9.1649059E+00   -1.1893177E+01   -1.7952356E+01   -2.8504350E+01   -8.0556829E+00   -6.9104149E+00   -8.1982760E+00   -1.2860708E+01   -6.2501362E+00   -9.8314623E+00   -6.1814748E+00
    9.2700000E+00    6.3988328E+00   -6.3805126E+00   -3.9999999E+00   -3.5092940E+00   -3.6589083E+00   -4.3213651E+00   -9.9893253E+00   -3.5052017E+00   -2.8649733E+00   -1.2240481E+01   -6.4487365E+00   -5.9859589E+00   -1.6031048E+01   -1.4000000E+01   -1.4000050E+01   -3.7202959E+00   -1.4000000E+01   -2.7497240E+00   -3.0000000E+01   -2.8899605E+00   -8.7337281E+00   -8.9137613E+00   -9.0374535E+00   -9.1438607E+00   -1.1909950E+01   -1.7940585E+01   -2.8530644E+01   -8.0469179E+00   -6.8956968E+00   -8.1717798E+00   -1.2872277E+01   -6.2321485E+00   -9.8116741E+00   -6.1704523E+00
    9.4500000E+00    6.4073228E+00   -6.3888932E+00   -3.9999999E+00   -3.5038943E+00   -3.6525785E+00   -4.3192491E+00   -1.0017481E+01   -3.5077050E+00   -2.8680164E+00   -1.2240639E+01   -6.4487378E+00   -5.9736451E+00   -1.6055526E+01   -1.4000000E+01   -1.4000051E+01   -3.7134753E+00   -1.4000000E+01   -2.7493573E+00   -3.0000000E+01   -2.8843871E+00   -8.7457725E+00   -8.9088256E+00   -9.0576193E+00   -9.1234072E+00   -1.1926437E+01   -1.7929249E+01   -2.8556491E+01   -8.0383021E+00   -6.8812647E+00   -8.1460033E+00   -1.2883683E+01   -6.2147357E+00   -9.7923349E+00   -6.1597296E+00
    9.6300000E+00    6.4156707E+00   -6.3971334E+00   -3.9999999E+00   -3.4986571E+00   -3.6464119E+00   -4.3171714E+00   -1.0044964E+01   -3.5103188E+00   -2.8710417E+00   -1.2240277E+01   -6.4487391E+00   -5.9617527E+00   -1.6079594E+01   -1.4000000E+01   -1.4000052E+01   -3.7067843E+00   -1.4000000E+01   -2.7489910E+00   -3.0000000E+01   -2.8789403E+00   -8.7574125E+00   -8.9037699E+00   -9.0772447E+00   -9.1035112E+00   -1.1942648E+01   -1.7918317E+01   -2.8581904E+01   -8.0298306E+00   -6.8671076E+00   -8.1209068E+00   -1.2894932E+01   -6.1978627E+00   -9.7734251E+00   -6.1492919E+00
    9.8100000E+00    6.4238798E+00   -6.4052369E+00   -3.9999999E+00   -3.4935740E+00   -3.6404134E+00   -4.3151284E+00   -1.0071796E+01   -3.5130357E+00   -2.8740474E+00   -1.2238263E+01   -6.4487404E+00   -5.9502550E+00   -1.6103263E+01   -1.4000000E+01   -1.4000054E+01   -3.7002040E+00   -1.4000000E+01   -2.7486249E+00   -3.0000000E+01   -2.8736146E+00   -8.7686650E+00   -8.8986041E+00   -9.0963499E+00   -9.0841428E+00   -1.1958590E+01   -1.7907764E+01   -2.8606895E+01   -8.0214999E+00   -6.8532165E+00   -8.0964550E+00   -1.2906025E+01   -6.1814978E+00   -9.7549273E+00   -6.1391254E+00
    9.9900000E+00    6.4319520E+00   -6.4132052E+00   -3.9999999E+00   -3.4886372E+00   -3.6345910E+00   -4.3131170E+00   -1.0097995E+01   -3.5158484E+00   -2.8770303E+00   -1.2230978E+01   -6.4487417E+00   -5.9391276E+00   -1.6126537E+01   -1.4000000E+01   -1.4000055E+01   -3.6937131E+00   -1.4000000E+01   -2.7482592E+00   -3.0000000E+01   -2.8684050E+00   -8.7795438E+00   -8.8933385E+00   -9.1149503E+00   -9.0652762E+00   -1.1974266E+01   -1.7897566E+01   -2.8631470E+01   -8.0133081E+00   -6.8395839E+00   -8.0726170E+00   -1.2916960E+01   -6.1656118E+00   -9.7368266E+00   -6.1292172E+00
    1.0170000E+01    6.4398869E+00   -6.4210378E+00   -3.9999999E+00   -3.4838392E+00   -3.6289544E+00   -4.3111340E+00   -1.0123568E+01   -3.5187502E+00   -2.8799849E+00   -1.2207376E+01   -6.4487430E+00   -5.9283486E+00   -1.6149415E+01   -1.4000000E+01   -1.4000056E+01   -3.6872891E+00   -1.4000000E+01   -2.7478937E+00   -3.0000000E+01   -2.8633064E+00   -8.7900583E+00   -8.8879833E+00   -9.1330546E+00   -9.0468898E+00   -1.1989674E+01   -1.7887701E+01   -2.8655627E+01   -8.0052555E+00   -6.8262055E+00   -8.0493667E+00   -1.2927731E+01   -6.1501779E+00   -9.7191114E+00   -6.1195553E+00
    1.0350000E+01    6.4476804E+00   -6.4287307E+00   -3.9999999E+00   -3.4791732E+00   -3.6235138E+00   -4.3091767E+00   -1.0148511E+01   -3.5217346E+00   -2.8829030E+00   -1.2137893E+01   -6.4487443E+00   -5.9178976E+00   -1.6171884E+01   -1.4000000E+01   -1.4000057E+01   -3.6809095E+00   -1.4000000E+01   -2.7475286E+00   -3.0000000E+01   -2.8583144E+00   -8.8002116E+00   -8.8825497E+00   -9.1506618E+00   -9.0289676E+00   -1.2004807E+01   -1.7878150E+01   -2.8679355E+01   -7.9973461E+00   -6.8130803E+00   -8.0266833E+00   -1.2938326E+01   -6.1351715E+00   -9.7017742E+00   -6.1101281E+00
    1.0530000E+01    6.4553237E+00   -6.4362751E+00   -3.9999999E+00   -3.4746325E+00   -3.6182777E+00   -4.3072427E+00   -1.0172800E+01   -3.5247954E+00   -2.8857711E+00   -1.1967121E+01   -6.4487456E+00   -5.9077560E+00   -1.6193916E+01   -1.4000000E+01   -1.4000059E+01   -3.6745545E+00   -1.4000000E+01   -2.7471638E+00   -3.0000000E+01   -2.8534244E+00   -8.8099981E+00   -8.8770495E+00   -9.1677570E+00   -9.0115000E+00   -1.2019647E+01   -1.7868895E+01   -2.8702626E+01   -7.9895887E+00   -6.8002125E+00   -8.0045532E+00   -1.2948722E+01   -6.1205699E+00   -9.6848129E+00   -6.1009249E+00
    1.0710000E+01    6.4628005E+00   -6.4436546E+00   -3.9999999E+00   -3.4702107E+00   -3.6132514E+00   -4.3053300E+00   -1.0196382E+01   -3.5279263E+00   -2.8885689E+00   -1.1653779E+01   -6.4487469E+00   -5.8979069E+00   -1.6215464E+01   -1.4000000E+01   -1.4000060E+01   -3.6682086E+00   -1.4000000E+01   -2.7467993E+00   -3.0000000E+01   -2.8486323E+00   -8.8193985E+00   -8.8714963E+00   -9.1843048E+00   -8.9944864E+00   -1.2034160E+01   -1.7859919E+01   -2.8725393E+01   -7.9819993E+00   -6.7876140E+00   -7.9829716E+00   -1.2958884E+01   -6.1063520E+00   -9.6682331E+00   -6.0919351E+00
    1.0890000E+01    6.4700836E+00   -6.4508417E+00   -3.9999999E+00   -3.4659018E+00   -3.6084349E+00   -4.3034370E+00   -1.0219163E+01   -3.5311208E+00   -2.8912649E+00   -1.1227034E+01   -6.4487483E+00   -5.8883345E+00   -1.6236443E+01   -1.4000000E+01   -1.4000061E+01   -3.6618628E+00   -1.4000000E+01   -2.7464352E+00   -3.0000000E+01   -2.8439337E+00   -8.8283744E+00   -8.8659061E+00   -9.2002391E+00   -8.9779388E+00   -1.2048292E+01   -1.7851207E+01   -2.8747574E+01   -7.9746055E+00   -6.7753077E+00   -7.9619462E+00   -1.2968751E+01   -6.0924981E+00   -9.6520519E+00   -6.0831484E+00
    1.1070000E+01    6.4771287E+00   -6.4577924E+00   -3.9999999E+00   -3.4616993E+00   -3.6038221E+00   -4.3015627E+00   -1.0240988E+01   -3.5343720E+00   -2.8938107E+00   -1.0744854E+01   -6.4487496E+00   -5.8790244E+00   -1.6256721E+01   -1.4000000E+01   -1.4000062E+01   -3.6555148E+00   -1.4000000E+01   -2.7460717E+00   -3.0000000E+01   -2.8393244E+00   -8.8368582E+00   -8.8602995E+00   -9.2154480E+00   -8.9618869E+00   -1.2061954E+01   -1.7842745E+01   -2.8769037E+01   -7.9674510E+00   -6.7633332E+00   -7.9415027E+00   -1.2978232E+01   -6.0789899E+00   -9.6363028E+00   -6.0745544E+00
    1.1250000E+01    6.4838667E+00   -6.4644372E+00   -3.9999999E+00   -3.4575970E+00   -3.5994002E+00   -4.2997067E+00   -1.0261606E+01   -3.5376719E+00   -2.8961326E+00   -1.0242170E+01   -6.4487509E+00   -5.8699636E+00   -1.6276090E+01   -1.4000000E+01   -1.4000063E+01   -3.6491699E+00   -1.4000000E+01   -2.7457094E+00   -3.0000000E+01   -2.8348000E+00   -8.8447391E+00   -8.8547045E+00   -9.2297511E+00   -8.9463872E+00   -1.2075008E+01   -1.7834521E+01   -2.8789573E+01   -7.9606052E+00   -6.7517550E+00   -7.9216934E+00   -1.2987184E+01   -6.0658101E+00   -9.6210444E+00   -6.0661424E+00
    1.1430000E+01    6.4901903E+00   -6.4706690E+00   -3.9999999E+00   -3.4535879E+00   -3.5951503E+00   -4.2978693E+00   -1.0280628E+01   -3.5410110E+00   -2.8981189E+00   -9.7326644E+00   -6.4487523E+00   -5.8611406E+00   -1.6294227E+01   -1.4000000E+01   -1.4000065E+01   -3.6428396E+00   -1.4000000E+01   -2.7453505E+00   -3.0000000E+01   -2.8303556E+00   -8.8518422E+00   -8.8491603E+00   -9.2428662E+00   -8.9315357E+00   -1.2087239E+01   -1.7826523E+01   -2.8808863E+01   -7.9541752E+00   -6.7406754E+00   -7.9026094E+00   -1.2995387E+01   -6.0529428E+00   -9.6063721E+00   -6.0579008E+00
    1.1610000E+01    6.4959366E+00   -6.4763245E+00   -3.9999999E+00   -3.4496639E+00   -3.5910477E+00   -4.2960522E+00   -1.0297457E+01   -3.5443774E+00   -2.8996011E+00   -9.2208922E+00   -6.4487536E+00   -5.8525478E+00   -1.6310643E+01   -1.4000000E+01   -1.4000065E+01   -3.6365399E+00   -1.4000000E+01   -2.7450016E+00   -3.0000000E+01   -2.8259858E+00   -8.8578981E+00   -8.8437236E+00   -9.2543606E+00   -8.9174880E+00   -1.2098319E+01   -1.7818746E+01   -2.8826415E+01   -7.9483239E+00   -6.7302517E+00   -7.8844014E+00   -1.3002509E+01   -6.0403753E+00   -9.5924359E+00   -6.0498165E+00
    1.1790000E+01    6.5008621E+00   -6.4811604E+00   -3.9999999E+00   -3.4458158E+00   -3.5870637E+00   -4.2942580E+00   -1.0311202E+01   -3.5477550E+00   -2.9003297E+00   -8.7082937E+00   -6.4487550E+00   -5.8441871E+00   -1.6324604E+01   -1.4000000E+01   -1.4000038E+01   -3.6302895E+00   -1.4000000E+01   -2.7446849E+00   -3.0000000E+01   -2.8216843E+00   -8.8625026E+00   -8.8384772E+00   -9.2635864E+00   -8.9044899E+00   -1.2107761E+01   -1.7811163E+01   -2.8841472E+01   -7.9432944E+00   -6.7207205E+00   -7.8673088E+00   -1.3008056E+01   -6.0281037E+00   -9.5794632E+00   -6.0418739E+00
    1.1970000E+01    6.5046153E+00   -6.4848250E+00   -3.9999999E+00   -3.4420318E+00   -3.5831666E+00   -4.2924911E+00   -1.0320574E+01   -3.5511220E+00   -2.8999454E+00   -8.1953288E+00   -6.4487564E+00   -5.8360914E+00   -1.6335051E+01   -1.4000000E+01   -1.3997236E+01   -3.6241066E+00   -1.4000000E+01   -2.7444723E+00   -3.0000000E+01   -2.8174433E+00   -8.8650710E+00   -8.8335392E+00   -9.2696067E+00   -8.8929261E+00   -1.2114857E+01   -1.7801061E+01   -2.8850228E+01   -7.9394383E+00   -6.7124250E+00   -7.8517090E+00   -1.3011313E+01   -6.0161535E+00   -9.5677865E+00   -6.0340539E+00
    1.2150000E+01    6.5067224E+00   -6.4868442E+00   -3.9999999E+00   -3.4382972E+00   -3.5793229E+00   -4.2907580E+00   -1.0323837E+01   -3.5544487E+00   -2.8979653E+00   -7.6821856E+00   -6.4487578E+00   -5.8283909E+00   -1.6340548E+01   -1.4000000E+01   -1.3783314E+01   -3.6180072E+00   -1.4000000E+01   -2.7445984E+00   -3.0000000E+01   -2.8132534E+00   -8.8648170E+00   -8.8290709E+00   -9.2711610E+00   -8.8834013E+00   -1.2118645E+01   -1.7580230E+01   -2.8642905E+01   -7.9372291E+00   -6.7058291E+00   -7.8381977E+00   -1.3011311E+01   -6.0046466E+00   -9.5578556E+00   -6.0263328E+00
    1.2330000E+01    6.5066347E+00   -6.4866695E+00   -3.9999999E+00   -3.4346240E+00   -3.5755104E+00   -4.2890541E+00   -1.0319017E+01   -3.5576799E+00   -2.8938456E+00   -7.1690723E+00   -6.4487593E+00   -5.8215081E+00   -1.6339407E+01   -1.4000000E+01   -1.2187011E+01   -3.6120193E+00   -1.4000000E+01   -2.7458237E+00   -3.0000000E+01   -2.8091196E+00   -8.8608615E+00   -8.8252908E+00   -9.2668219E+00   -8.8768862E+00   -1.2117986E+01   -1.5977827E+01   -2.7046553E+01   -7.9372157E+00   -6.7014870E+00   -7.8277502E+00   -1.3006914E+01   -5.9940096E+00   -9.5502359E+00   -6.0187272E+00
    1.2510000E+01    6.5025332E+00   -6.4825125E+00   -3.9999999E+00   -3.4339705E+00   -3.5728283E+00   -4.2861197E+00   -1.0554970E+01   -3.5591488E+00   -2.8872915E+00   -6.6547957E+00   -6.4487600E+00   -5.8149181E+00   -1.6326239E+01   -1.4000000E+01   -1.0196540E+01   -3.6078127E+00   -1.4000000E+01   -2.7504827E+00   -3.0000000E+01   -2.8066022E+00   -9.1054575E+00   -9.0780899E+00   -9.5071275E+00   -8.8745761E+00   -1.2109170E+01   -1.3981265E+01   -2.5043608E+01   -7.9412527E+00   -6.7028824E+00   -7.8230512E+00   -1.2995832E+01   -5.9851442E+00   -9.5512301E+00   -6.0156847E+00
    1.2690000E+01    6.4978827E+00   -6.4778065E+00   -3.9999999E+00   -3.4333110E+00   -3.5701308E+00   -4.2832202E+00   -1.0536436E+01   -3.5605928E+00   -2.8801917E+00   -6.5645865E+00   -6.4487607E+00   -5.8090900E+00   -1.6311679E+01   -1.4000000E+01   -9.8508989E+00   -3.6036443E+00   -1.4000000E+01   -2.7562795E+00   -3.0000000E+01   -2.8040880E+00   -9.0966646E+00   -9.0785980E+00   -9.4934953E+00   -8.8735771E+00   -1.2099511E+01   -1.3630296E+01   -2.4684103E+01   -7.9458387E+00   -6.7048298E+00   -7.8196666E+00   -1.2983912E+01   -5.9770442E+00   -9.5527706E+00   -6.0126397E+00
    1.2870000E+01    6.4931603E+00   -6.4730286E+00   -3.9999999E+00   -3.4326456E+00   -3.5674143E+00   -4.2803550E+00   -1.0517220E+01   -3.5620150E+00   -2.8730226E+00   -6.5352223E+00   -6.4487615E+00   -5.8035746E+00   -1.6296973E+01   -1.4000000E+01   -9.6503295E+00   -3.5995182E+00   -1.4000000E+01   -2.7624969E+00   -3.0000000E+01   -2.8015762E+00   -9.0873326E+00   -9.0787108E+00   -9.4792519E+00   -8.8729629E+00   -1.2089779E+01   -1.3424711E+01   -2.4469524E+01   -7.9504964E+00   -6.7068513E+00   -7.8166693E+00   -1.2971921E+01   -5.9692595E+00   -9.5543794E+00   -6.0095912E+00
    1.3050000E+01    6.4885006E+00   -6.4683133E+00   -3.9999999E+00   -3.4319742E+00   -3.5646761E+00   -4.2775204E+00   -1.0498254E+01   -3.5634153E+00   -2.8659186E+00   -6.5218331E+00   -6.4487622E+00   -5.7982335E+00   -1.6282476E+01   -1.4000000E+01   -9.5100077E+00   -3.5954374E+00   -1.4000000E+01   -2.7689128E+00   -3.0000000E+01   -2.7990668E+00   -9.0781273E+00   -9.0788249E+00   -9.4651975E+00   -8.8724605E+00   -1.2080193E+01   -1.3279549E+01   -2.4315403E+01   -7.9550914E+00   -6.7088122E+00   -7.8137864E+00   -1.2960079E+01   -5.9616518E+00   -9.5559221E+00   -6.0065393E+00
    1.3230000E+01    6.4839417E+00   -6.4636988E+00   -3.9999999E+00   -3.4312970E+00   -3.5619143E+00   -4.2747118E+00   -1.0479684E+01   -3.5647939E+00   -2.8589180E+00   -6.5131180E+00   -6.4487630E+00   -5.7930233E+00   -1.6268288E+01   -1.4000000E+01   -9.4022255E+00   -3.5914046E+00   -1.4000000E+01   -2.7754595E+00   -3.0000000E+01   -2.7965598E+00   -9.0691157E+00   -9.0789311E+00   -9.4514375E+00   -8.8719883E+00   -1.2070815E+01   -1.3167058E+01   -2.4194131E+01   -7.9595855E+00   -6.7106746E+00   -7.8109363E+00   -1.2948447E+01   -5.9541776E+00   -9.5573607E+00   -6.0034842E+00
    1.3410000E+01    6.4794924E+00   -6.4591938E+00   -3.9999999E+00   -3.4306141E+00   -3.5591279E+00   -4.2719239E+00   -1.0461542E+01   -3.5661509E+00   -2.8520296E+00   -6.5057745E+00   -6.4487638E+00   -5.7879294E+00   -1.6254430E+01   -1.4000000E+01   -9.3146128E+00   -3.5874217E+00   -1.4000000E+01   -2.7821176E+00   -3.0000000E+01   -2.7940556E+00   -9.0603139E+00   -9.0790279E+00   -9.4379965E+00   -8.8715231E+00   -1.2061657E+01   -1.3074853E+01   -2.4093358E+01   -7.9639700E+00   -6.7124299E+00   -7.8080961E+00   -1.2937039E+01   -5.9468227E+00   -9.5586869E+00   -6.0004263E+00
    1.3590000E+01    6.4751525E+00   -6.4547982E+00   -3.9999999E+00   -3.4299256E+00   -3.5563166E+00   -4.2691502E+00   -1.0443830E+01   -3.5674866E+00   -2.8452538E+00   -6.4987889E+00   -6.4487647E+00   -5.7829463E+00   -1.6240900E+01   -1.4000000E+01   -9.2406559E+00   -3.5834897E+00   -1.4000000E+01   -2.7888830E+00   -3.0000000E+01   -2.7915543E+00   -9.0517226E+00   -9.0791165E+00   -9.4248754E+00   -8.8710594E+00   -1.2052719E+01   -1.2996416E+01   -2.4006571E+01   -7.9682449E+00   -6.7140785E+00   -7.8052605E+00   -1.2925853E+01   -5.9395819E+00   -9.5599010E+00   -5.9973659E+00
    1.3770000E+01    6.4709194E+00   -6.4505094E+00   -3.9999999E+00   -3.4292317E+00   -3.5534807E+00   -4.2663837E+00   -1.0426538E+01   -3.5688011E+00   -2.8385880E+00   -6.4918421E+00   -6.4487655E+00   -5.7780714E+00   -1.6227690E+01   -1.4000000E+01   -9.1765325E+00   -3.5796093E+00   -1.4000000E+01   -2.7957567E+00   -3.0000000E+01   -2.7890562E+00   -9.0433386E+00   -9.0791987E+00   -9.4120681E+00   -8.8705973E+00   -1.2043993E+01   -1.2927921E+01   -2.3929937E+01   -7.9724130E+00   -6.7156234E+00   -7.8024297E+00   -1.2914884E+01   -5.9324526E+00   -9.5610061E+00   -5.9943033E+00
    1.3950000E+01    6.4667896E+00   -6.4463239E+00   -3.9999999E+00   -3.4285324E+00   -3.5506213E+00   -4.2636157E+00   -1.0409656E+01   -3.5700948E+00   -2.8320292E+00   -6.4848313E+00   -6.4487664E+00   -5.7733031E+00   -1.6214790E+01   -1.4000000E+01   -9.1198179E+00   -3.5757804E+00   -1.4000000E+01   -2.8027414E+00   -3.0000000E+01   -2.7865616E+00   -9.0351576E+00   -9.0792771E+00   -9.3995671E+00   -8.8701383E+00   -1.2035474E+01   -1.2866941E+01   -2.3861022E+01   -7.9764777E+00   -6.7170683E+00   -7.7996057E+00   -1.2904125E+01   -5.9254334E+00   -9.5620061E+00   -5.9912390E+00
    1.4130000E+01    6.4627599E+00   -6.4422384E+00   -3.9999999E+00   -3.4278279E+00   -3.5477399E+00   -4.2608363E+00   -1.0393172E+01   -3.5713678E+00   -2.8255740E+00   -6.4777208E+00   -6.4487673E+00   -5.7686399E+00   -1.6202189E+01   -1.4000000E+01   -9.0688802E+00   -3.5720025E+00   -1.4000000E+01   -2.8098405E+00   -3.0000000E+01   -2.7840707E+00   -9.0271755E+00   -9.0793545E+00   -9.3873649E+00   -8.8696846E+00   -1.2027155E+01   -1.2811843E+01   -2.3798183E+01   -7.9804424E+00   -6.7184168E+00   -7.7967908E+00   -1.2893569E+01   -5.9185232E+00   -9.5629046E+00   -5.9881733E+00
    1.4310000E+01    6.4588267E+00   -6.4382495E+00   -3.9999999E+00   -3.4271183E+00   -3.5448385E+00   -4.2580342E+00   -1.0377077E+01   -3.5726203E+00   -2.8192194E+00   -6.4704966E+00   -6.4487683E+00   -5.7640807E+00   -1.6189878E+01   -1.4000000E+01   -9.0225692E+00   -3.5682749E+00   -1.4000000E+01   -2.8170577E+00   -3.0000000E+01   -2.7815837E+00   -9.0193886E+00   -9.0794339E+00   -9.3754545E+00   -8.8692383E+00   -1.2019028E+01   -1.2761477E+01   -2.3740261E+01   -7.9843104E+00   -6.7196725E+00   -7.7939872E+00   -1.2883210E+01   -5.9117209E+00   -9.5637053E+00   -5.9851064E+00
    1.4490000E+01    6.4549871E+00   -6.4343542E+00   -3.9999999E+00   -3.4264037E+00   -3.5419195E+00   -4.2551960E+00   -1.0361362E+01   -3.5738526E+00   -2.8129625E+00   -6.4631514E+00   -6.4487692E+00   -5.7596244E+00   -1.6177847E+01   -1.4000000E+01   -8.9800441E+00   -3.5645966E+00   -1.4000000E+01   -2.8243969E+00   -3.0000000E+01   -2.7791008E+00   -9.0117941E+00   -9.0795188E+00   -9.3638299E+00   -8.8688015E+00   -1.2011088E+01   -1.2714999E+01   -2.3686405E+01   -7.9880850E+00   -6.7208389E+00   -7.7911972E+00   -1.2873041E+01   -5.9050257E+00   -9.5644118E+00   -5.9820387E+00
    1.4670000E+01    6.4512380E+00   -6.4305493E+00   -3.9999999E+00   -3.4256843E+00   -3.5389853E+00   -4.2523066E+00   -1.0346018E+01   -3.5750648E+00   -2.8068004E+00   -6.4556798E+00   -6.4487702E+00   -5.7552700E+00   -1.6166087E+01   -1.4000000E+01   -8.9406716E+00   -3.5609668E+00   -1.4000000E+01   -2.8318625E+00   -3.0000000E+01   -2.7766224E+00   -9.0043899E+00   -9.0796127E+00   -9.3524861E+00   -8.8683759E+00   -1.2003329E+01   -1.2671776E+01   -2.3635973E+01   -7.9917690E+00   -6.7219192E+00   -7.7884229E+00   -1.2863058E+01   -5.8984368E+00   -9.5650271E+00   -5.9789705E+00
    1.4850000E+01    6.4475767E+00   -6.4268324E+00   -3.9999999E+00   -3.4249600E+00   -3.5360382E+00   -4.2493487E+00   -1.0331039E+01   -3.5762573E+00   -2.8007308E+00   -6.4480770E+00   -6.4487712E+00   -5.7510165E+00   -1.6154591E+01   -1.4000000E+01   -8.9039622E+00   -3.5573849E+00   -1.4000000E+01   -2.8394588E+00   -3.0000000E+01   -2.7741485E+00   -8.9971745E+00   -9.0797199E+00   -9.3414191E+00   -8.8679634E+00   -1.1995745E+01   -1.2631316E+01   -2.3588467E+01   -7.9953651E+00   -6.7229161E+00   -7.7856662E+00   -1.2853255E+01   -5.8919533E+00   -9.5655544E+00   -5.9759021E+00
    1.5030000E+01    6.4440010E+00   -6.4232010E+00   -3.9999999E+00   -3.4242311E+00   -3.5330805E+00   -4.2463025E+00   -1.0316419E+01   -3.5774302E+00   -2.7947515E+00   -6.4403381E+00   -6.4487722E+00   -5.7468633E+00   -1.6143351E+01   -1.4000000E+01   -8.8695302E+00   -3.5538508E+00   -1.4000000E+01   -2.8471905E+00   -3.0000000E+01   -2.7716794E+00   -8.9901477E+00   -9.0798445E+00   -9.3306262E+00   -8.8675655E+00   -1.1988331E+01   -1.2593234E+01   -2.3543494E+01   -7.9988757E+00   -6.7238325E+00   -7.7829289E+00   -1.2843627E+01   -5.8855747E+00   -9.5659963E+00   -5.9728337E+00
    1.5210000E+01    6.4405088E+00   -6.4196533E+00   -3.9999999E+00   -3.4234976E+00   -3.5301135E+00   -4.2431459E+00   -1.0302157E+01   -3.5785837E+00   -2.7888606E+00   -6.4324582E+00   -6.4487732E+00   -5.7428096E+00   -1.6132363E+01   -1.4000000E+01   -8.8370658E+00   -3.5503654E+00   -1.4000000E+01   -2.8550626E+00   -3.0000000E+01   -2.7692152E+00   -8.9833101E+00   -9.0799913E+00   -9.3201062E+00   -8.8671834E+00   -1.1981085E+01   -1.2557219E+01   -2.3500740E+01   -8.0023029E+00   -6.7246703E+00   -7.7802122E+00   -1.2834171E+01   -5.8793003E+00   -9.5663549E+00   -5.9697657E+00
    1.5390000E+01    6.4370987E+00   -6.4161877E+00   -3.9999999E+00   -3.4227597E+00   -3.5271377E+00   -4.2398538E+00   -1.0288250E+01   -3.5797183E+00   -2.7830569E+00   -6.4244324E+00   -6.4487743E+00   -5.7388548E+00   -1.6121620E+01   -1.4000000E+01   -8.8063162E+00   -3.5469310E+00   -1.4000000E+01   -2.8630801E+00   -3.0000000E+01   -2.7667562E+00   -8.9766637E+00   -9.0801652E+00   -9.3098597E+00   -8.8668179E+00   -1.1974002E+01   -1.2523017E+01   -2.3459945E+01   -8.0056480E+00   -6.7254313E+00   -7.7775172E+00   -1.2824883E+01   -5.8731297E+00   -9.5666320E+00   -5.9666981E+00
    1.5570000E+01    6.4337699E+00   -6.4128035E+00   -3.9999999E+00   -3.4220173E+00   -3.5241519E+00   -4.2363986E+00   -1.0274702E+01   -3.5808340E+00   -2.7773398E+00   -6.4162552E+00   -6.4487753E+00   -5.7349985E+00   -1.6111122E+01   -1.4000000E+01   -8.7770726E+00   -3.5435517E+00   -1.4000000E+01   -2.8712486E+00   -3.0000000E+01   -2.7643024E+00   -8.9702123E+00   -9.0803712E+00   -9.2998897E+00   -8.8664694E+00   -1.1967083E+01   -1.2490419E+01   -2.3420900E+01   -8.0089118E+00   -6.7261165E+00   -7.7748442E+00   -1.2815763E+01   -5.8670626E+00   -9.5668286E+00   -5.9636313E+00
    1.5750000E+01    6.4305227E+00   -6.4095010E+00   -3.9999999E+00   -3.4212706E+00   -3.5211532E+00   -4.2327496E+00   -1.0261519E+01   -3.5819311E+00   -2.7717096E+00   -6.4079204E+00   -6.4487764E+00   -5.7312404E+00   -1.6100869E+01   -1.4000000E+01   -8.7491603E+00   -3.5402338E+00   -1.4000000E+01   -2.8795739E+00   -3.0000000E+01   -2.7618542E+00   -8.9639615E+00   -9.0806148E+00   -9.2902022E+00   -8.8661371E+00   -1.1960326E+01   -1.2459250E+01   -2.3383431E+01   -8.0120941E+00   -6.7267259E+00   -7.7721929E+00   -1.2806811E+01   -5.8610989E+00   -9.5669448E+00   -5.9605656E+00
    1.5930000E+01    6.4273589E+00   -6.4062819E+00   -3.9999999E+00   -3.4205197E+00   -3.5181363E+00   -4.2288732E+00   -1.0248712E+01   -3.5830101E+00   -2.7661683E+00   -6.3994218E+00   -6.4487776E+00   -5.7275803E+00   -1.6090867E+01   -1.4000000E+01   -8.7224313E+00   -3.5369865E+00   -1.4000000E+01   -2.8880622E+00   -3.0000000E+01   -2.7594115E+00   -8.9579199E+00   -9.0809010E+00   -9.2808075E+00   -8.8658193E+00   -1.1953735E+01   -1.2429361E+01   -2.3347393E+01   -8.0151932E+00   -6.7272579E+00   -7.7695614E+00   -1.2798031E+01   -5.8552383E+00   -9.5669789E+00   -5.9575011E+00
    1.6110000E+01    6.4242821E+00   -6.4031500E+00   -3.9999999E+00   -3.4197648E+00   -3.5150933E+00   -4.2247329E+00   -1.0236302E+01   -3.5840711E+00   -2.7607198E+00   -6.3907529E+00   -6.4487787E+00   -5.7240183E+00   -1.6081126E+01   -1.4000000E+01   -8.6967593E+00   -3.5338223E+00   -1.4000000E+01   -2.8967199E+00   -3.0000000E+01   -2.7569748E+00   -8.9521001E+00   -9.0812347E+00   -9.2717220E+00   -8.8655121E+00   -1.1947319E+01   -1.2400627E+01   -2.3312673E+01   -8.0182054E+00   -6.7277091E+00   -7.7669462E+00   -1.2789431E+01   -5.8494813E+00   -9.5669277E+00   -5.9544381E+00
    1.6290000E+01    6.4212993E+00   -6.4001123E+00   -3.9999999E+00   -3.4190059E+00   -3.5120130E+00   -4.2202895E+00   -1.0224321E+01   -3.5851146E+00   -2.7553713E+00   -6.3819072E+00   -6.4487799E+00   -5.7205549E+00   -1.6071668E+01   -1.4000000E+01   -8.6720356E+00   -3.5307573E+00   -1.4000000E+01   -2.9055540E+00   -3.0000000E+01   -2.7545441E+00   -8.9465200E+00   -9.0816203E+00   -9.2629708E+00   -8.8652091E+00   -1.1941091E+01   -1.2372938E+01   -2.3279183E+01   -8.0211237E+00   -6.7280728E+00   -7.7643409E+00   -1.2781024E+01   -5.8438282E+00   -9.5667844E+00   -5.9513769E+00
    1.6470000E+01    6.4184220E+00   -6.3971803E+00   -3.9999999E+00   -3.4182431E+00   -3.5088815E+00   -4.2155013E+00   -1.0212819E+01   -3.5861410E+00   -2.7501344E+00   -6.3728783E+00   -6.4487811E+00   -5.7171907E+00   -1.6062528E+01   -1.4000000E+01   -8.6481656E+00   -3.5278110E+00   -1.4000000E+01   -2.9145718E+00   -3.0000000E+01   -2.7521197E+00   -8.9412062E+00   -9.0820609E+00   -9.2545919E+00   -8.8648991E+00   -1.1935073E+01   -1.2346200E+01   -2.3246861E+01   -8.0239367E+00   -6.7283378E+00   -7.7617346E+00   -1.2772833E+01   -5.8382800E+00   -9.5665378E+00   -5.9483178E+00
    1.6650000E+01    6.4156689E+00   -6.3943727E+00   -3.9999999E+00   -3.4174767E+00   -3.5056818E+00   -4.2103242E+00   -1.0201871E+01   -3.5871508E+00   -2.7450281E+00   -6.3636612E+00   -6.4487823E+00   -5.7139269E+00   -1.6053760E+01   -1.4000000E+01   -8.6250667E+00   -3.5250068E+00   -1.4000000E+01   -2.9237811E+00   -3.0000000E+01   -2.7497020E+00   -8.9361969E+00   -9.0825579E+00   -9.2466422E+00   -8.8645649E+00   -1.1929305E+01   -1.2320333E+01   -2.3215682E+01   -8.0266257E+00   -6.7284859E+00   -7.7591103E+00   -1.2764897E+01   -5.8328380E+00   -9.5661699E+00   -5.9452614E+00
    1.6830000E+01    6.4130688E+00   -6.3917182E+00   -3.9999999E+00   -3.4167069E+00   -3.5023945E+00   -4.2047127E+00   -1.0191592E+01   -3.5881447E+00   -2.7400815E+00   -6.3542552E+00   -6.4487835E+00   -5.7107654E+00   -1.6045454E+01   -1.4000000E+01   -8.6026664E+00   -3.5223713E+00   -1.4000000E+01   -2.9331898E+00   -3.0000000E+01   -2.7472912E+00   -8.9315487E+00   -9.0831098E+00   -9.2392073E+00   -8.8641792E+00   -1.1923842E+01   -1.2295264E+01   -2.3185658E+01   -8.0291619E+00   -6.7284886E+00   -7.7564410E+00   -1.2757273E+01   -5.8275044E+00   -9.5656523E+00   -5.9422080E+00
    1.7010000E+01    6.4106663E+00   -6.3892616E+00   -3.9999999E+00   -3.4159340E+00   -3.4989988E+00   -4.1986200E+00   -1.0182155E+01   -3.5891237E+00   -2.7353397E+00   -6.3446702E+00   -6.4487848E+00   -5.7077087E+00   -1.6037741E+01   -1.4000000E+01   -8.5809013E+00   -3.5199340E+00   -1.4000000E+01   -2.9428061E+00   -3.0000000E+01   -2.7448879E+00   -8.9273449E+00   -9.0837110E+00   -9.2324152E+00   -8.8637000E+00   -1.1918774E+01   -1.2270934E+01   -2.3156861E+01   -8.0315008E+00   -6.7283021E+00   -7.7536852E+00   -1.2750050E+01   -5.8222820E+00   -9.5649413E+00   -5.9391584E+00
    1.7190000E+01    6.4085294E+00   -6.3870709E+00   -3.9999999E+00   -3.4151584E+00   -3.4954728E+00   -4.1919987E+00   -1.0173819E+01   -3.5900889E+00   -2.7308714E+00   -6.3349438E+00   -6.4487861E+00   -5.7047607E+00   -1.6030826E+01   -1.4000000E+01   -8.5597169E+00   -3.5177262E+00   -1.4000000E+01   -2.9526376E+00   -3.0000000E+01   -2.7424928E+00   -8.9237091E+00   -9.0843491E+00   -9.2264576E+00   -8.8630630E+00   -1.1914237E+01   -1.2247290E+01   -2.3129439E+01   -8.0335745E+00   -6.7278590E+00   -7.7507791E+00   -1.2743366E+01   -5.8171752E+00   -9.5639698E+00   -5.9361137E+00
    1.7370000E+01    6.4067612E+00   -6.3852492E+00   -3.9999999E+00   -3.4143807E+00   -3.4917956E+00   -4.1848023E+00   -1.0166975E+01   -3.5910420E+00   -2.7267805E+00   -6.3251807E+00   -6.4487874E+00   -5.7019260E+00   -1.6025018E+01   -1.4000000E+01   -8.5390696E+00   -3.5157805E+00   -1.4000000E+01   -2.9626895E+00   -3.0000000E+01   -2.7401068E+00   -8.9208255E+00   -9.0850020E+00   -9.2216221E+00   -8.8621695E+00   -1.1910438E+01   -1.2224294E+01   -2.3103657E+01   -8.0352798E+00   -6.7270575E+00   -7.7476250E+00   -1.2737426E+01   -5.8121895E+00   -9.5626363E+00   -5.9330753E+00
    1.7550000E+01    6.4055177E+00   -6.3839526E+00   -3.9999999E+00   -3.4136018E+00   -3.4879483E+00   -4.1769851E+00   -1.0162212E+01   -3.5919854E+00   -2.7232244E+00   -6.3156479E+00   -6.4487887E+00   -5.6992103E+00   -1.6020787E+01   -1.4000000E+01   -8.5189325E+00   -3.5141295E+00   -1.4000000E+01   -2.9729607E+00   -3.0000000E+01   -2.7377312E+00   -8.9189692E+00   -9.0856327E+00   -9.2183397E+00   -8.8608691E+00   -1.1907688E+01   -1.2201924E+01   -2.3079957E+01   -8.0364608E+00   -6.7257429E+00   -7.7440735E+00   -1.2732545E+01   -5.8073316E+00   -9.5607869E+00   -5.9300454E+00
    1.7730000E+01    6.4050336E+00   -6.3834160E+00   -3.9999999E+00   -3.4128230E+00   -3.4839162E+00   -4.1685052E+00   -1.0160408E+01   -3.5929226E+00   -2.7204400E+00   -6.3069992E+00   -6.4487900E+00   -5.6966180E+00   -1.6018836E+01   -1.4000000E+01   -8.4993123E+00   -3.5128048E+00   -1.4000000E+01   -2.9834317E+00   -3.0000000E+01   -2.7353685E+00   -8.9185506E+00   -9.0861822E+00   -9.2172560E+00   -8.8589313E+00   -1.1906457E+01   -1.2180190E+01   -2.3059049E+01   -8.0368829E+00   -6.7236832E+00   -7.7398963E+00   -1.2729193E+01   -5.8026080E+00   -9.5581904E+00   -5.9270273E+00
    1.7910000E+01    6.4056394E+00   -6.3839702E+00   -3.9999999E+00   -3.4120538E+00   -3.4797356E+00   -4.1594316E+00   -1.0162797E+01   -3.5938493E+00   -2.7187826E+00   -6.3008109E+00   -6.4487914E+00   -5.6941689E+00   -1.6020165E+01   -1.4000000E+01   -8.4804643E+00   -3.5118383E+00   -1.4000000E+01   -2.9939421E+00   -3.0000000E+01   -2.7330441E+00   -8.9201364E+00   -9.0865564E+00   -9.2192701E+00   -8.8560434E+00   -1.1907412E+01   -1.2159362E+01   -2.3042179E+01   -8.0362163E+00   -6.7205756E+00   -7.7348051E+00   -1.2728061E+01   -5.7980614E+00   -9.5545509E+00   -5.9240548E+00
