# Time          5.0000E+01
# Units: Log10 mol/kgw
    Distance      pH               H+               Li+              Na+              Ca++             K+               Al+++            SiO2(aq)         CO2(aq)          O2(aq)           Methane(aq)      Fe++             Fe+++            HS-              SO4--            Mg++             Cl-              CH2O             Tracer           HCO3-            Al(OH)2+         AlO2-            AlOH++           FeOH+            FeOH++           FeSO4(aq)        FeSO4+           OH-              CO3--            FeCO3(aq)        FeCO3+           FeHCO3+          NaCO3-           NaHCO3(aq)   
    9.0000000E-02    5.8375040E+00   -5.8305168E+00   -3.9999999E+00   -4.7729582E+00   -5.0027245E+00   -5.0726302E+00   -6.9848554E+00   -4.5709406E+00   -3.0404863E+00   -3.4692212E+00   -6.4486733E+00   -7.0903055E+00   -1.4284361E+01   -1.4000000E+01   -1.4000005E+01   -5.1861070E+00   -1.4000000E+01   -4.2089109E+00   -3.0000000E+01   -3.6392945E+00   -6.7617950E+00   -8.0644859E+00   -6.5409685E+00   -1.0774013E+01   -1.0671247E+01   -1.8947321E+01   -2.6644240E+01   -8.6206995E+00   -8.2431365E+00   -1.0526430E+01   -1.2333787E+01   -8.0379623E+00   -1.2373657E+01   -8.1586144E+00
    2.7000000E-01    5.8916280E+00   -5.8838125E+00   -3.9999999E+00   -4.5478665E+00   -4.7466704E+00   -4.8406612E+00   -7.4250751E+00   -4.3080284E+00   -3.0205881E+00   -3.4784188E+00   -6.4486782E+00   -6.9713453E+00   -1.4603388E+01   -1.4000000E+01   -1.4000006E+01   -4.9285874E+00   -1.4000000E+01   -5.1237668E+00   -3.0000000E+01   -3.5643966E+00   -7.1003697E+00   -8.2948125E+00   -6.9310676E+00   -1.0603478E+01   -1.0940154E+01   -1.8835274E+01   -2.6973359E+01   -8.5657011E+00   -8.1115150E+00   -1.0282743E+01   -1.2531266E+01   -7.8475229E+00   -1.2020414E+01   -7.8603705E+00
    4.5000000E-01    5.9327815E+00   -5.9242694E+00   -3.9999999E+00   -4.4114033E+00   -4.6028126E+00   -4.6500012E+00   -7.7160452E+00   -4.1616093E+00   -3.0012076E+00   -3.4876852E+00   -6.4486827E+00   -6.9270577E+00   -1.4720255E+01   -1.4000000E+01   -1.4000007E+01   -4.7866741E+00   -1.4000000E+01   -5.9367848E+00   -3.0000000E+01   -3.5031218E+00   -7.3145836E+00   -8.4267194E+00   -7.1842384E+00   -1.0520186E+01   -1.1019221E+01   -1.8796825E+01   -2.7098726E+01   -8.5238080E+00   -8.0068901E+00   -1.0139652E+01   -1.2551991E+01   -7.7448451E+00   -1.1782258E+01   -7.6641088E+00
    6.3000000E-01    5.9637501E+00   -5.9546323E+00   -3.9999999E+00   -4.3139127E+00   -4.5034899E+00   -4.5021017E+00   -7.9233353E+00   -4.0627970E+00   -2.9810859E+00   -3.4971538E+00   -6.4486870E+00   -6.9171674E+00   -1.4807496E+01   -1.4000000E+01   -1.4000007E+01   -4.6893603E+00   -1.4000000E+01   -6.3962729E+00   -3.0000000E+01   -3.4513842E+00   -7.4647610E+00   -8.5149596E+00   -7.3634669E+00   -1.0481199E+01   -1.1078401E+01   -1.8792029E+01   -2.7193366E+01   -8.4921933E+00   -7.9222665E+00   -1.0050218E+01   -1.2561992E+01   -7.6857320E+00   -1.1602703E+01   -7.5161702E+00
    8.1000000E-01    5.9870962E+00   -5.9774362E+00   -3.9999999E+00   -4.2380846E+00   -4.4266054E+00   -4.3879957E+00   -8.0796793E+00   -3.9895033E+00   -2.9601577E+00   -3.5068488E+00   -6.4486911E+00   -6.9234965E+00   -1.4872533E+01   -1.4000000E+01   -1.4000007E+01   -4.6142485E+00   -1.4000000E+01   -6.5011042E+00   -3.0000000E+01   -3.4065277E+00   -7.5787307E+00   -8.5822369E+00   -7.4990599E+00   -1.0465862E+01   -1.1122687E+01   -1.8802935E+01   -2.7265036E+01   -8.4682662E+00   -7.8523410E+00   -9.9911832E+00   -1.2563722E+01   -7.6494618E+00   -1.1459250E+01   -7.3966449E+00
    9.9000000E-01    6.0045821E+00   -5.9944259E+00   -3.9999999E+00   -4.1759055E+00   -4.3627029E+00   -4.2987987E+00   -8.2009596E+00   -3.9319378E+00   -2.9384824E+00   -3.5167820E+00   -6.4486951E+00   -6.9361163E+00   -1.4920467E+01   -1.4000000E+01   -1.4000006E+01   -4.5518631E+00   -1.4000000E+01   -6.5073599E+00   -3.0000000E+01   -3.3668317E+00   -7.6689901E+00   -8.6375246E+00   -7.6052233E+00   -1.0462536E+01   -1.1155504E+01   -1.8819756E+01   -2.7319046E+01   -8.4502466E+00   -7.7935772E+00   -9.9492264E+00   -1.2558955E+01   -7.6244559E+00   -1.1340419E+01   -7.2958349E+00
    1.1700000E+00    6.0174264E+00   -6.0068088E+00   -3.9999999E+00   -4.1230317E+00   -4.3072319E+00   -4.2276010E+00   -8.2962819E+00   -3.8849328E+00   -2.9161276E+00   -3.5269650E+00   -6.4486991E+00   -6.9493434E+00   -1.4954828E+01   -1.4000000E+01   -1.4000006E+01   -4.4976755E+00   -1.4000000E+01   -6.4991977E+00   -3.0000000E+01   -3.3311334E+00   -7.7422963E+00   -8.6851423E+00   -7.6898987E+00   -1.0464353E+01   -1.1179218E+01   -1.8836900E+01   -2.7359063E+01   -8.4369042E+00   -7.7435594E+00   -9.9163389E+00   -1.2548940E+01   -7.6039136E+00   -1.1239497E+01   -7.2082565E+00
    1.3500000E+00    6.0265181E+00   -6.0154664E+00   -3.9999999E+00   -4.0768582E+00   -4.2577900E+00   -4.1693349E+00   -8.3711279E+00   -3.8453288E+00   -2.8931561E+00   -3.5374097E+00   -6.4487030E+00   -6.9600720E+00   -1.4978197E+01   -1.4000000E+01   -1.4000006E+01   -4.4493124E+00   -1.4000000E+01   -6.4889949E+00   -3.0000000E+01   -3.2985990E+00   -7.8024132E+00   -8.7270758E+00   -7.7577155E+00   -1.0467342E+01   -1.1195558E+01   -1.8851323E+01   -2.7387759E+01   -8.4273425E+00   -7.7005417E+00   -9.8877310E+00   -1.2534604E+01   -7.5839260E+00   -1.1152164E+01   -7.1304865E+00
    1.5300000E+00    6.0325068E+00   -6.0210433E+00   -3.9999999E+00   -4.0357063E+00   -4.2129625E+00   -4.1205951E+00   -8.4297900E+00   -3.8111783E+00   -2.8696257E+00   -3.5481293E+00   -6.4487068E+00   -6.9668083E+00   -1.4992466E+01   -1.4000000E+01   -1.4000006E+01   -4.4053852E+00   -1.4000000E+01   -6.4783060E+00   -3.0000000E+01   -3.2686312E+00   -7.8523749E+00   -8.7650601E+00   -7.8123417E+00   -1.0469374E+01   -1.1205791E+01   -1.8861574E+01   -2.7407086E+01   -8.4209062E+00   -7.6632610E+00   -9.8606878E+00   -1.2516638E+01   -7.5624229E+00   -1.1075500E+01   -7.0602595E+00
    1.7100000E+00    6.0358859E+00   -6.0240290E+00   -3.9999999E+00   -3.9984348E+00   -4.1718422E+00   -4.0790270E+00   -8.4752486E+00   -3.7811904E+00   -2.8455890E+00   -3.5591378E+00   -6.4487107E+00   -6.9690411E+00   -1.4999076E+01   -1.4000000E+01   -1.4000006E+01   -4.3650106E+00   -1.4000000E+01   -6.4673138E+00   -3.0000000E+01   -3.2407854E+00   -7.8942052E+00   -8.8001321E+00   -7.8562830E+00   -1.0469456E+01   -1.1210883E+01   -1.8867173E+01   -2.7418533E+01   -8.4170982E+00   -7.6307678E+00   -9.8337798E+00   -1.2495578E+01   -7.5384640E+00   -1.1007429E+01   -6.9959977E+00
    1.8900000E+00    6.0370432E+00   -6.0248082E+00   -3.9999999E+00   -3.9642321E+00   -4.1337931E+00   -4.0429842E+00   -8.5096574E+00   -3.7544499E+00   -2.8210947E+00   -3.5704504E+00   -6.4487146E+00   -6.9668204E+00   -1.4999159E+01   -1.4000000E+01   -1.4000006E+01   -4.3275683E+00   -1.4000000E+01   -6.4551927E+00   -3.0000000E+01   -3.2147195E+00   -7.9293056E+00   -8.8329181E+00   -7.8913195E+00   -1.0467260E+01   -1.1211594E+01   -1.8868192E+01   -2.7423267E+01   -8.4155279E+00   -7.6023235E+00   -9.8063419E+00   -1.2471854E+01   -7.5117690E+00   -1.0946413E+01   -6.9365532E+00
    2.0700000E+00    6.0381946E+00   -6.0255469E+00   -3.9999999E+00   -3.9193065E+00   -4.0940541E+00   -4.0478009E+00   -8.4489572E+00   -3.7151488E+00   -2.7963470E+00   -3.5820070E+00   -6.4487191E+00   -6.9835810E+00   -1.4999162E+01   -1.4000000E+01   -1.4000005E+01   -4.2703620E+00   -1.4000000E+01   -4.7349548E+00   -3.0000000E+01   -3.1883665E+00   -7.8695850E+00   -8.7708946E+00   -7.8314132E+00   -1.0484162E+01   -1.1212392E+01   -1.8888500E+01   -2.7428353E+01   -8.4139239E+00   -7.5734821E+00   -9.7977934E+00   -1.2448084E+01   -7.5039180E+00   -1.0874431E+01   -6.8661772E+00
    2.2500000E+00    6.0391583E+00   -6.0261160E+00   -3.9999999E+00   -3.8787119E+00   -4.0576814E+00   -4.0530533E+00   -8.4916274E+00   -3.6806661E+00   -2.7730329E+00   -3.5934644E+00   -6.4487236E+00   -6.9908188E+00   -1.4998538E+01   -1.4000000E+01   -1.4000005E+01   -4.2200940E+00   -1.4000000E+01   -4.6677774E+00   -3.0000000E+01   -3.1636533E+00   -7.9134654E+00   -8.8128475E+00   -7.8749758E+00   -1.0491674E+01   -1.1212660E+01   -1.8899138E+01   -2.7432594E+01   -8.4125261E+00   -7.5465234E+00   -9.7814574E+00   -1.2425351E+01   -7.4881104E+00   -1.0808590E+01   -6.8017350E+00
    2.4300000E+00    6.0400705E+00   -6.0266497E+00   -3.9999999E+00   -3.8416947E+00   -4.0241494E+00   -4.0587112E+00   -8.5299809E+00   -3.6500739E+00   -2.7510893E+00   -3.6048364E+00   -6.4487281E+00   -6.9919266E+00   -1.4997885E+01   -1.4000000E+01   -1.4000005E+01   -4.1752654E+00   -1.4000000E+01   -4.6489632E+00   -3.0000000E+01   -3.1403785E+00   -7.9530040E+00   -8.8505617E+00   -7.9141940E+00   -1.0493058E+01   -1.1212871E+01   -1.8903515E+01   -2.7436611E+01   -8.4111963E+00   -7.5211040E+00   -9.7603997E+00   -1.2403934E+01   -7.4675460E+00   -1.0747800E+01   -6.7422756E+00
    2.6100000E+00    6.0409909E+00   -6.0272060E+00   -3.9999999E+00   -3.8076862E+00   -3.9930485E+00   -4.0647516E+00   -8.5647668E+00   -3.6227034E+00   -2.7304191E+00   -3.6160993E+00   -6.4487326E+00   -6.9892003E+00   -1.4997375E+01   -1.4000000E+01   -1.4000005E+01   -4.1348171E+00   -1.4000000E+01   -4.6365856E+00   -3.0000000E+01   -3.1183839E+00   -7.9888428E+00   -8.8845598E+00   -7.9497651E+00   -1.0490556E+01   -1.1213146E+01   -1.8903939E+01   -2.7440596E+01   -8.4098732E+00   -7.4970009E+00   -9.7367062E+00   -1.2383801E+01   -7.4443688E+00   -1.0691275E+01   -6.6870756E+00
    2.7900000E+00    6.0419447E+00   -6.0278089E+00   -3.9999999E+00   -3.7762456E+00   -3.9640523E+00   -4.0711546E+00   -8.5965983E+00   -3.5980448E+00   -2.7109160E+00   -3.6272339E+00   -6.4487371E+00   -6.9841319E+00   -1.4997076E+01   -1.4000000E+01   -1.4000005E+01   -4.0979715E+00   -1.4000000E+01   -4.6252490E+00   -3.0000000E+01   -3.0975364E+00   -8.0215551E+00   -8.9153645E+00   -7.9822835E+00   -1.0485639E+01   -1.1213534E+01   -1.8901914E+01   -2.7444633E+01   -8.4085302E+00   -7.4740520E+00   -9.7117173E+00   -1.2364875E+01   -7.4199431E+00   -1.0638419E+01   -6.6355636E+00
    2.9700000E+00    6.0429494E+00   -6.0284749E+00   -3.9999999E+00   -3.7470240E+00   -3.9368967E+00   -4.0779034E+00   -8.6259517E+00   -3.5757004E+00   -2.6924857E+00   -3.6382210E+00   -6.4487416E+00   -6.9776770E+00   -1.4997034E+01   -1.4000000E+01   -1.4000005E+01   -4.0641410E+00   -1.4000000E+01   -4.6141973E+00   -3.0000000E+01   -3.0777232E+00   -8.0515911E+00   -8.9433910E+00   -8.0122135E+00   -1.0479247E+01   -1.1214069E+01   -1.8898404E+01   -2.7448782E+01   -8.4071486E+00   -7.4521232E+00   -9.6862638E+00   -1.2347080E+01   -7.3951162E+00   -1.0588752E+01   -6.5872801E+00
    3.1500000E+00    6.0440195E+00   -6.0292172E+00   -3.9999999E+00   -3.7197405E+00   -3.9113649E+00   -4.0849834E+00   -8.6532111E+00   -3.5553542E+00   -2.6750470E+00   -3.6490404E+00   -6.4487460E+00   -6.9704477E+00   -1.4997284E+01   -1.4000000E+01   -1.4000005E+01   -4.0328709E+00   -1.4000000E+01   -4.6033350E+00   -3.0000000E+01   -3.0588475E+00   -8.0793141E+00   -8.9689738E+00   -8.0399299E+00   -1.0471982E+01   -1.1214776E+01   -1.8894029E+01   -2.7453090E+01   -8.4057131E+00   -7.4311008E+00   -9.6608518E+00   -1.2330351E+01   -7.3704074E+00   -1.0541885E+01   -6.5418495E+00
    3.3300000E+00    6.0451672E+00   -6.0300474E+00   -3.9999999E+00   -3.6941654E+00   -3.8872768E+00   -4.0923824E+00   -8.6786928E+00   -3.5367514E+00   -2.6585297E+00   -3.6596709E+00   -6.4487505E+00   -6.9628398E+00   -1.4997858E+01   -1.4000000E+01   -1.4000005E+01   -4.0038022E+00   -1.4000000E+01   -4.5926649E+00   -3.0000000E+01   -3.0408263E+00   -8.1050225E+00   -8.9923868E+00   -8.0657407E+00   -1.0464230E+01   -1.1215679E+01   -1.8889191E+01   -2.7457596E+01   -8.4042105E+00   -7.4108866E+00   -9.6357857E+00   -1.2314629E+01   -7.3461327E+00   -1.0497492E+01   -6.4989607E+00
    3.5100000E+00    6.0464035E+00   -6.0309757E+00   -3.9999999E+00   -3.6701090E+00   -3.8644810E+00   -4.1000898E+00   -8.7026619E+00   -3.5196836E+00   -2.6428734E+00   -3.6700903E+00   -6.4487549E+00   -6.9551142E+00   -1.4998782E+01   -1.4000000E+01   -1.4000005E+01   -3.9766468E+00   -1.4000000E+01   -4.5822052E+00   -3.0000000E+01   -3.0235872E+00   -8.1289651E+00   -9.0138569E+00   -8.0899037E+00   -1.0456242E+01   -1.1216797E+01   -1.8884158E+01   -2.7462338E+01   -8.4026291E+00   -7.3913952E+00   -9.6112470E+00   -1.2299865E+01   -7.3224838E+00   -1.0455302E+01   -6.4583532E+00
    3.6900000E+00    6.0477385E+00   -6.0320116E+00   -3.9999999E+00   -3.6474122E+00   -3.8428491E+00   -4.1080967E+00   -8.7253434E+00   -3.5039783E+00   -2.6280259E+00   -3.6802755E+00   -6.4487594E+00   -6.9474478E+00   -1.5000080E+01   -1.4000000E+01   -1.4000006E+01   -3.9511699E+00   -1.4000000E+01   -4.5719775E+00   -3.0000000E+01   -3.0070673E+00   -8.1513523E+00   -9.0335741E+00   -8.1126370E+00   -1.0448188E+01   -1.1218147E+01   -1.8879112E+01   -2.7467347E+01   -8.4009581E+00   -7.3725516E+00   -9.5873428E+00   -1.2286016E+01   -7.2995772E+00   -1.0415082E+01   -6.4198063E+00
    3.8700000E+00    6.0491816E+00   -6.0331639E+00   -3.9999999E+00   -3.6259409E+00   -3.8222715E+00   -4.1163956E+00   -8.7469316E+00   -3.4894912E+00   -2.6139417E+00   -3.6902023E+00   -6.4487638E+00   -6.9399648E+00   -1.5001777E+01   -1.4000000E+01   -1.4000006E+01   -3.9271776E+00   -1.4000000E+01   -4.5620048E+00   -3.0000000E+01   -2.9912112E+00   -8.1723635E+00   -9.0516990E+00   -8.1341282E+00   -1.0440184E+01   -1.1219747E+01   -1.8874181E+01   -2.7472655E+01   -8.3991875E+00   -7.3542891E+00   -9.5641352E+00   -1.2273047E+01   -7.2774839E+00   -1.0376636E+01   -6.3831314E+00
    4.0500000E+00    6.0507422E+00   -6.0344414E+00   -3.9999999E+00   -3.6055805E+00   -3.8026536E+00   -4.1249800E+00   -8.7675961E+00   -3.4761006E+00   -2.6005819E+00   -3.6998458E+00   -6.4487682E+00   -6.9327568E+00   -1.5003895E+01   -1.4000000E+01   -1.4000006E+01   -3.9045081E+00   -1.4000000E+01   -4.5523111E+00   -3.0000000E+01   -2.9759700E+00   -8.1921542E+00   -9.0683686E+00   -8.1545403E+00   -1.0432314E+01   -1.1221612E+01   -1.8869462E+01   -2.7478290E+01   -8.3973076E+00   -7.3365482E+00   -9.5416603E+00   -1.2260926E+01   -7.2562488E+00   -1.0339789E+01   -6.3481664E+00
    4.2300000E+00    6.0524294E+00   -6.0358528E+00   -3.9999999E+00   -3.5862327E+00   -3.7839133E+00   -4.1338447E+00   -8.7874873E+00   -3.4637030E+00   -2.5879128E+00   -3.7091804E+00   -6.4487727E+00   -6.9258947E+00   -1.5006459E+01   -1.4000000E+01   -1.4000006E+01   -3.8830252E+00   -1.4000000E+01   -4.5429209E+00   -3.0000000E+01   -2.9613006E+00   -8.2108601E+00   -9.0837001E+00   -8.1740167E+00   -1.0424640E+01   -1.1223761E+01   -1.8865027E+01   -2.7484281E+01   -8.3953087E+00   -7.3192750E+00   -9.5199390E+00   -1.2249630E+01   -7.2359014E+00   -1.0304393E+01   -6.3147706E+00
    4.4100000E+00    6.0542523E+00   -6.0374070E+00   -3.9999999E+00   -3.5678125E+00   -3.7659791E+00   -4.1429851E+00   -8.8067402E+00   -3.4522097E+00   -2.5759055E+00   -3.7181798E+00   -6.4487771E+00   -6.9194370E+00   -1.5009491E+01   -1.4000000E+01   -1.4000006E+01   -3.8626128E+00   -1.4000000E+01   -4.5338597E+00   -3.0000000E+01   -2.9471643E+00   -8.2286007E+00   -9.0977949E+00   -8.1926853E+00   -1.0417214E+01   -1.1226209E+01   -1.8860941E+01   -2.7490657E+01   -8.3931811E+00   -7.3024207E+00   -9.4989838E+00   -1.2239139E+01   -7.2164632E+00   -1.0270315E+01   -6.2828212E+00
    4.5900000E+00    6.0562206E+00   -6.0391131E+00   -3.9999999E+00   -3.5502459E+00   -3.7487881E+00   -4.1523977E+00   -8.8254778E+00   -3.4415445E+00   -2.5645354E+00   -3.7268171E+00   -6.4487815E+00   -6.9134345E+00   -1.5013019E+01   -1.4000000E+01   -1.4000006E+01   -3.8431714E+00   -1.4000000E+01   -4.5251533E+00   -3.0000000E+01   -2.9335267E+00   -8.2454830E+00   -9.1107405E+00   -8.2106612E+00   -1.0410078E+01   -1.1228975E+01   -1.8857255E+01   -2.7497449E+01   -8.3909150E+00   -7.2859401E+00   -9.4788036E+00   -1.2229436E+01   -7.1979522E+00   -1.0237436E+01   -6.2522105E+00
    4.7700000E+00    6.0583443E+00   -6.0409807E+00   -3.9999999E+00   -3.5334681E+00   -3.7322847E+00   -4.1620795E+00   -8.8438135E+00   -3.4316410E+00   -2.5537821E+00   -3.7350655E+00   -6.4487859E+00   -6.9079339E+00   -1.5017068E+01   -1.4000000E+01   -1.4000006E+01   -3.8246153E+00   -1.4000000E+01   -4.5168281E+00   -3.0000000E+01   -2.9203571E+00   -8.2616030E+00   -9.1226133E+00   -8.2280494E+00   -1.0403270E+01   -1.1232077E+01   -1.8854019E+01   -2.7504686E+01   -8.3885001E+00   -7.2697914E+00   -9.4594057E+00   -1.2220511E+01   -7.1803853E+00   -1.0205653E+01   -6.2228435E+00
    4.9500000E+00    6.0606337E+00   -6.0430201E+00   -3.9999999E+00   -3.5174221E+00   -3.7164200E+00   -4.1720278E+00   -8.8618533E+00   -3.4224416E+00   -2.5436284E+00   -3.7428976E+00   -6.4487903E+00   -6.9029798E+00   -1.5021667E+01   -1.4000000E+01   -1.4000006E+01   -3.8068699E+00   -1.4000000E+01   -4.5089105E+00   -3.0000000E+01   -2.9076276E+00   -8.2770480E+00   -9.1334795E+00   -8.2449470E+00   -1.0396823E+01   -1.1235534E+01   -1.8851281E+01   -2.7512402E+01   -8.3859256E+00   -7.2539356E+00   -9.4407980E+00   -1.2212357E+01   -7.1637805E+00   -1.0174870E+01   -6.1946360E+00
    5.1300000E+00    6.0631000E+00   -6.0452422E+00   -3.9999999E+00   -3.5020575E+00   -3.7011500E+00   -4.1822408E+00   -8.8796977E+00   -3.4138961E+00   -2.5340609E+00   -3.7502864E+00   -6.4487946E+00   -6.8986161E+00   -1.5026848E+01   -1.4000000E+01   -1.4000006E+01   -3.7898699E+00   -1.4000000E+01   -4.5014271E+00   -3.0000000E+01   -2.8953131E+00   -8.2918984E+00   -9.1433971E+00   -8.2614445E+00   -1.0390773E+01   -1.1239368E+01   -1.8849086E+01   -2.7520630E+01   -8.3831802E+00   -7.2383357E+00   -9.4229896E+00   -1.2204971E+01   -7.1481579E+00   -1.0145000E+01   -6.1675132E+00
    5.3100000E+00    6.0657553E+00   -6.0476585E+00   -3.9999999E+00   -3.4873297E+00   -3.6864358E+00   -4.1927167E+00   -8.8974431E+00   -3.4059604E+00   -2.5250690E+00   -3.7572052E+00   -6.4487990E+00   -6.8948874E+00   -1.5032644E+01   -1.4000000E+01   -1.4000006E+01   -3.7735580E+00   -1.4000000E+01   -4.4944042E+00   -3.0000000E+01   -2.8833912E+00   -8.3062285E+00   -9.1524167E+00   -8.2776278E+00   -1.0385152E+01   -1.1243602E+01   -1.8847481E+01   -2.7529407E+01   -8.3802515E+00   -7.2229563E+00   -9.4059917E+00   -1.2198355E+01   -7.1335404E+00   -1.0115965E+01   -6.1414083E+00
    5.4900000E+00    6.0686124E+00   -6.0502819E+00   -3.9999999E+00   -3.4731991E+00   -3.6722424E+00   -4.2034544E+00   -8.9151834E+00   -3.3985957E+00   -2.5166454E+00   -3.7636278E+00   -6.4488034E+00   -6.8918398E+00   -1.5039092E+01   -1.4000000E+01   -1.4000006E+01   -3.7578838E+00   -1.4000000E+01   -4.4878679E+00   -3.0000000E+01   -2.8718412E+00   -8.3201082E+00   -9.1605823E+00   -8.2935787E+00   -1.0379995E+01   -1.1248260E+01   -1.8846514E+01   -2.7538772E+01   -8.3771265E+00   -7.2077634E+00   -9.3898179E+00   -1.2192514E+01   -7.1199544E+00   -1.0087692E+01   -6.1162614E+00
    5.6700000E+00    6.0716851E+00   -6.0531261E+00   -3.9999999E+00   -3.4596300E+00   -3.6585383E+00   -4.2144525E+00   -8.9330110E+00   -3.3917680E+00   -2.5087856E+00   -3.7695287E+00   -6.4488077E+00   -6.8895212E+00   -1.5046232E+01   -1.4000000E+01   -1.4000006E+01   -3.7428025E+00   -1.4000000E+01   -4.4818432E+00   -3.0000000E+01   -2.8606445E+00   -8.3336038E+00   -9.1679323E+00   -8.3093770E+00   -1.0375335E+01   -1.1253371E+01   -1.8846233E+01   -2.7548768E+01   -8.3737912E+00   -7.1927240E+00   -9.3744848E+00   -1.2187457E+01   -7.1074299E+00   -1.0060113E+01   -6.0920190E+00
    5.8500000E+00    6.0749887E+00   -6.0562059E+00   -3.9999999E+00   -3.4465909E+00   -3.6452951E+00   -4.2257101E+00   -8.9510184E+00   -3.3854472E+00   -2.5014878E+00   -3.7748838E+00   -6.4488121E+00   -6.8879821E+00   -1.5054107E+01   -1.4000000E+01   -1.4000006E+01   -3.7282741E+00   -1.4000000E+01   -4.4763546E+00   -3.0000000E+01   -2.8497843E+00   -8.3467786E+00   -9.1745000E+00   -8.3251006E+00   -1.0371209E+01   -1.1258963E+01   -1.8846692E+01   -2.7559440E+01   -8.3702301E+00   -7.1778055E+00   -9.3600116E+00   -1.2183198E+01   -7.0960014E+00   -1.0033164E+01   -6.0686326E+00
    6.0300000E+00    6.0785396E+00   -6.0595378E+00   -3.9999999E+00   -3.4340531E+00   -3.6324871E+00   -4.2372262E+00   -8.9692986E+00   -3.3796071E+00   -2.4947535E+00   -3.7796702E+00   -6.4488164E+00   -6.8872764E+00   -1.5062767E+01   -1.4000000E+01   -1.4000006E+01   -3.7142632E+00   -1.4000000E+01   -4.4714251E+00   -3.0000000E+01   -2.8392452E+00   -8.3596942E+00   -9.1803138E+00   -8.3408272E+00   -1.0367654E+01   -1.1265068E+01   -1.8847944E+01   -2.7570839E+01   -8.3664267E+00   -7.1629755E+00   -9.3464210E+00   -1.2179753E+01   -7.0857078E+00   -1.0006785E+01   -6.0460588E+00
    6.2100000E+00    6.0823558E+00   -6.0631396E+00   -3.9999999E+00   -3.4219912E+00   -3.6200914E+00   -4.2489998E+00   -8.9879471E+00   -3.3742243E+00   -2.4885868E+00   -3.7838667E+00   -6.4488207E+00   -6.8874613E+00   -1.5072262E+01   -1.4000000E+01   -1.4000006E+01   -3.7007379E+00   -1.4000000E+01   -4.4670765E+00   -3.0000000E+01   -2.8290131E+00   -8.3724109E+00   -9.1853980E+00   -8.3566346E+00   -1.0364711E+01   -1.1271723E+01   -1.8850049E+01   -2.7583018E+01   -8.3623628E+00   -7.1482016E+00   -9.3337390E+00   -1.2177146E+01   -7.0765930E+00   -9.9809192E+00   -6.0242582E+00
    6.3900000E+00    6.0864572E+00   -6.0670309E+00   -3.9999999E+00   -3.4103821E+00   -3.6080867E+00   -4.2610299E+00   -9.0070622E+00   -3.3692787E+00   -2.4829948E+00   -3.7874541E+00   -6.4488250E+00   -6.8885984E+00   -1.5082653E+01   -1.4000000E+01   -1.4000006E+01   -3.6876696E+00   -1.4000000E+01   -4.4633287E+00   -3.0000000E+01   -2.8190754E+00   -8.3849887E+00   -9.1897731E+00   -8.3726022E+00   -1.0362421E+01   -1.1278966E+01   -1.8853069E+01   -2.7596038E+01   -8.3580185E+00   -7.1334509E+00   -9.3219952E+00   -1.2175402E+01   -7.0687062E+00   -9.9555107E+00   -6.0031954E+00
    6.5700000E+00    6.0908655E+00   -6.0712335E+00   -3.9999999E+00   -3.3992052E+00   -3.5964541E+00   -4.2733150E+00   -9.0267466E+00   -3.3647525E+00   -2.4779877E+00   -3.7904153E+00   -6.4488292E+00   -6.8907538E+00   -1.5094002E+01   -1.4000000E+01   -1.4000006E+01   -3.6750326E+00   -1.4000000E+01   -4.4601996E+00   -3.0000000E+01   -2.8094203E+00   -8.3974878E+00   -9.1934556E+00   -8.3888116E+00   -1.0360829E+01   -1.1286840E+01   -1.8857071E+01   -2.7609964E+01   -8.3533719E+00   -7.1186896E+00   -9.3112231E+00   -1.2174554E+01   -7.0621026E+00   -9.9305055E+00   -5.9828383E+00
    6.7500000E+00    6.0956046E+00   -6.0757711E+00   -3.9999999E+00   -3.3884419E+00   -3.5851763E+00   -4.2858534E+00   -9.0471087E+00   -3.3606303E+00   -2.4735792E+00   -3.7927357E+00   -6.4488335E+00   -6.8939992E+00   -1.5106381E+01   -1.4000000E+01   -1.4000006E+01   -3.6628038E+00   -1.4000000E+01   -4.4577048E+00   -3.0000000E+01   -2.8000374E+00   -8.4099691E+00   -9.1964587E+00   -8.4053475E+00   -1.0359983E+01   -1.1295393E+01   -1.8862127E+01   -2.7624869E+01   -8.3483989E+00   -7.1038831E+00   -9.3014602E+00   -1.2174639E+01   -7.0568436E+00   -9.9058508E+00   -5.9631579E+00
    6.9300000E+00    6.1007010E+00   -6.0806702E+00   -3.9999999E+00   -3.3780754E+00   -3.5742375E+00   -4.2986431E+00   -9.0682636E+00   -3.3568990E+00   -2.4697861E+00   -3.7944034E+00   -6.4488377E+00   -6.8984122E+00   -1.5119869E+01   -1.4000000E+01   -1.4000006E+01   -3.6509624E+00   -1.4000000E+01   -4.4558576E+00   -3.0000000E+01   -2.7909171E+00   -8.4224957E+00   -9.1987924E+00   -8.4222991E+00   -1.0359935E+01   -1.1304677E+01   -1.8868316E+01   -2.7640831E+01   -8.3430731E+00   -7.0889949E+00   -9.2927485E+00   -1.2175701E+01   -7.0529975E+00   -9.8814937E+00   -5.9441280E+00
    7.1100000E+00    6.1061843E+00   -6.0859601E+00   -3.9999999E+00   -3.3680907E+00   -3.5636234E+00   -4.3116813E+00   -9.0903349E+00   -3.3535476E+00   -2.4666294E+00   -3.7954091E+00   -6.4488419E+00   -6.9040773E+00   -1.5134553E+01   -1.4000000E+01   -1.4000006E+01   -3.6394896E+00   -1.4000000E+01   -4.4546685E+00   -3.0000000E+01   -2.7820506E+00   -8.4351329E+00   -9.2004631E+00   -8.4397611E+00   -1.0360739E+01   -1.1314752E+01   -1.8875723E+01   -2.7657940E+01   -8.3373648E+00   -7.0739867E+00   -9.2851347E+00   -1.2177790E+01   -7.0506405E+00   -9.8573811E+00   -5.9257252E+00
    7.2900000E+00    6.1120871E+00   -6.0916736E+00   -3.9999999E+00   -3.3584743E+00   -3.5533212E+00   -4.3249645E+00   -9.1134563E+00   -3.3505667E+00   -2.4641339E+00   -3.7957467E+00   -6.4488461E+00   -6.9110869E+00   -1.5150531E+01   -1.4000000E+01   -1.4000005E+01   -3.6283683E+00   -1.4000000E+01   -4.4541452E+00   -3.0000000E+01   -2.7734302E+00   -8.4479495E+00   -9.2014742E+00   -8.4578348E+00   -1.0362456E+01   -1.1325682E+01   -1.8884441E+01   -2.7676295E+01   -8.3312413E+00   -7.0588178E+00   -9.2786710E+00   -1.2180963E+01   -7.0498574E+00   -9.8334591E+00   -5.9079281E+00
    7.4700000E+00    6.1184459E+00   -6.0978470E+00   -3.9999999E+00   -3.3492141E+00   -3.5433190E+00   -4.3384885E+00   -9.1377739E+00   -3.3479490E+00   -2.4623292E+00   -3.7954130E+00   -6.4488503E+00   -6.9195423E+00   -1.5167912E+01   -1.4000000E+01   -1.4000005E+01   -3.6175833E+00   -1.4000000E+01   -4.4542924E+00   -3.0000000E+01   -2.7650488E+00   -8.4610188E+00   -9.2018258E+00   -8.4766298E+00   -1.0365151E+01   -1.1337541E+01   -1.8894570E+01   -2.7696004E+01   -8.3246659E+00   -7.0434444E+00   -9.2734152E+00   -1.2185287E+01   -7.0507426E+00   -9.8096721E+00   -5.8907178E+00
    7.6500000E+00    6.1253018E+00   -6.1045214E+00   -3.9999999E+00   -3.3402996E+00   -3.5336064E+00   -4.3522479E+00   -9.1634478E+00   -3.3456888E+00   -2.4612501E+00   -3.7944080E+00   -6.4488544E+00   -6.9295549E+00   -1.5186819E+01   -1.4000000E+01   -1.4000005E+01   -3.6071209E+00   -1.4000000E+01   -4.4551119E+00   -3.0000000E+01   -2.7569001E+00   -8.4744196E+00   -9.2015147E+00   -8.4962658E+00   -1.0368893E+01   -1.1350410E+01   -1.8906224E+01   -2.7717191E+01   -8.3175978E+00   -7.0278192E+00   -9.2694318E+00   -1.2190837E+01   -7.0534014E+00   -9.7859621E+00   -5.8740774E+00
    7.8300000E+00    6.1327008E+00   -6.1117428E+00   -3.9999999E+00   -3.3317212E+00   -3.5241737E+00   -4.3662361E+00   -9.1906556E+00   -3.3437822E+00   -2.4609370E+00   -3.7927348E+00   -6.4488585E+00   -6.9412481E+00   -1.5207389E+01   -1.4000000E+01   -1.4000005E+01   -3.5969687E+00   -1.4000000E+01   -4.4566022E+00   -3.0000000E+01   -2.7489786E+00   -8.4882374E+00   -9.2005345E+00   -8.5168744E+00   -1.0373761E+01   -1.1364381E+01   -1.8919526E+01   -2.7739995E+01   -8.3099907E+00   -7.0118904E+00   -9.2667925E+00   -1.2197700E+01   -7.0579517E+00   -9.7622681E+00   -5.8579919E+00
    8.0100000E+00    6.1406951E+00   -6.1195632E+00   -3.9999999E+00   -3.3234705E+00   -3.5150126E+00   -4.3804419E+00   -9.2195946E+00   -3.3422278E+00   -2.4614372E+00   -3.7903996E+00   -6.4488626E+00   -6.9547567E+00   -1.5229780E+01   -1.4000000E+01   -1.4000005E+01   -3.5871159E+00   -1.4000000E+01   -4.4587775E+00   -3.0000000E+01   -2.7412793E+00   -8.5025655E+00   -9.1988741E+00   -8.5386010E+00   -1.0379837E+01   -1.1379559E+01   -1.8934610E+01   -2.7764571E+01   -8.3017925E+00   -6.9956010E+00   -9.2655753E+00   -1.2205975E+01   -7.0645236E+00   -9.7385247E+00   -5.8424480E+00
    8.1900000E+00    6.1494676E+00   -6.1281661E+00   -3.9999999E+00   -3.3150399E+00   -3.5064054E+00   -4.3836112E+00   -9.2502314E+00   -3.3441403E+00   -2.4628156E+00   -3.7873896E+00   -6.4488666E+00   -6.9601507E+00   -1.5254636E+01   -1.4000000E+01   -1.4000005E+01   -3.5781465E+00   -1.4000000E+01   -5.1015857E+00   -3.0000000E+01   -2.7336847E+00   -8.5170013E+00   -9.1957650E+00   -8.5612273E+00   -1.0377007E+01   -1.1396405E+01   -1.8941542E+01   -2.7791561E+01   -8.2928209E+00   -6.9786521E+00   -9.2555474E+00   -1.2216004E+01   -7.0630675E+00   -9.7139232E+00   -5.8268195E+00
    8.3700000E+00    6.1582043E+00   -6.1367369E+00   -3.9999999E+00   -3.3069228E+00   -3.4980344E+00   -4.3868770E+00   -9.2786523E+00   -3.3462899E+00   -2.4643694E+00   -3.7842217E+00   -6.4488706E+00   -6.9698036E+00   -1.5279308E+01   -1.4000000E+01   -1.4000005E+01   -3.5694250E+00   -1.4000000E+01   -5.6692558E+00   -3.0000000E+01   -2.7263054E+00   -8.5292632E+00   -9.1905535E+00   -8.5816560E+00   -1.0378460E+01   -1.1413085E+01   -1.8952702E+01   -2.7818321E+01   -8.2838891E+00   -6.9619661E+00   -9.2500094E+00   -1.2226067E+01   -7.0660699E+00   -9.6898822E+00   -5.8117116E+00
    8.5500000E+00    6.1667554E+00   -6.1451256E+00   -3.9999999E+00   -3.2991008E+00   -3.4898961E+00   -4.3901160E+00   -9.3061019E+00   -3.3486558E+00   -2.4659370E+00   -3.7810298E+00   -6.4488745E+00   -6.9825532E+00   -1.5303465E+01   -1.4000000E+01   -1.4000004E+01   -3.5609342E+00   -1.4000000E+01   -6.0432047E+00   -3.0000000E+01   -2.7191293E+00   -8.5408970E+00   -9.1850851E+00   -8.6012825E+00   -1.0383184E+01   -1.1429418E+01   -1.8966927E+01   -2.7844522E+01   -8.2751468E+00   -6.9456805E+00   -9.2479384E+00   -1.2235971E+01   -7.0723574E+00   -9.6665213E+00   -5.7970943E+00
    8.7300000E+00    6.1750986E+00   -6.1533099E+00   -3.9999999E+00   -3.2915561E+00   -3.4819788E+00   -4.3933010E+00   -9.3325268E+00   -3.3512181E+00   -2.4674850E+00   -3.7778375E+00   -6.4488784E+00   -6.9975067E+00   -1.5327036E+01   -1.4000000E+01   -1.4000004E+01   -3.5526618E+00   -1.4000000E+01   -6.1941908E+00   -3.0000000E+01   -2.7121452E+00   -8.5518953E+00   -9.1793968E+00   -8.6200766E+00   -1.0390309E+01   -1.1445359E+01   -1.8983328E+01   -2.7870096E+01   -8.2666161E+00   -6.9298057E+00   -9.2484530E+00   -1.2245659E+01   -7.0810264E+00   -9.6438339E+00   -5.7829390E+00
    8.9100000E+00    6.1832366E+00   -6.1612920E+00   -3.9999999E+00   -3.2842719E+00   -3.4742704E+00   -4.3964246E+00   -9.3579611E+00   -3.3539585E+00   -2.4690058E+00   -3.7746502E+00   -6.4488823E+00   -7.0139824E+00   -1.5350026E+01   -1.4000000E+01   -1.4000004E+01   -3.5445965E+00   -1.4000000E+01   -6.2365438E+00   -3.0000000E+01   -2.7053428E+00   -8.5622881E+00   -9.1735136E+00   -8.6380703E+00   -1.0399152E+01   -1.1460908E+01   -1.9001223E+01   -2.7895050E+01   -8.2582941E+00   -6.9143282E+00   -9.2508597E+00   -1.2255125E+01   -7.0913859E+00   -9.6217904E+00   -5.7692188E+00
    9.0900000E+00    6.1911765E+00   -6.1690791E+00   -3.9999999E+00   -3.2772328E+00   -3.4667603E+00   -4.3994837E+00   -9.3824533E+00   -3.3568604E+00   -2.4704973E+00   -3.7714687E+00   -6.4488862E+00   -7.0314615E+00   -1.5372454E+01   -1.4000000E+01   -1.4000004E+01   -3.5367271E+00   -1.4000000E+01   -6.2484880E+00   -3.0000000E+01   -2.6987125E+00   -8.5721109E+00   -9.1674566E+00   -8.6553058E+00   -1.0409187E+01   -1.1476079E+01   -1.9020095E+01   -2.7919404E+01   -8.2501737E+00   -6.8992309E+00   -9.2546238E+00   -1.2264370E+01   -7.1029080E+00   -9.6003588E+00   -5.7559090E+00
    9.2700000E+00    6.1989258E+00   -6.1766786E+00   -3.9999999E+00   -3.2704242E+00   -3.4594395E+00   -4.4024765E+00   -9.4060518E+00   -3.3599085E+00   -2.4719584E+00   -3.7682933E+00   -6.4488900E+00   -7.0495505E+00   -1.5394339E+01   -1.4000000E+01   -1.4000004E+01   -3.5290430E+00   -1.4000000E+01   -6.2535372E+00   -3.0000000E+01   -2.6922455E+00   -8.5813979E+00   -9.1612450E+00   -8.6718246E+00   -1.0420013E+01   -1.1490885E+01   -1.9039552E+01   -2.7943179E+01   -8.2422470E+00   -6.8844970E+00   -9.2593360E+00   -1.2273401E+01   -7.1151909E+00   -9.5795085E+00   -5.7429866E+00
    9.4500000E+00    6.2064916E+00   -6.1840973E+00   -3.9999999E+00   -3.2638326E+00   -3.4523007E+00   -4.4054017E+00   -9.4288012E+00   -3.3630888E+00   -2.4733879E+00   -3.7651242E+00   -6.4488938E+00   -7.0679540E+00   -1.5415701E+01   -1.4000000E+01   -1.4000004E+01   -3.5215326E+00   -1.4000000E+01   -6.2571084E+00   -3.0000000E+01   -2.6859337E+00   -8.5901809E+00   -9.1548964E+00   -8.6876648E+00   -1.0431328E+01   -1.1505338E+01   -1.9059300E+01   -2.7966397E+01   -8.2345069E+00   -6.8701108E+00   -9.2646866E+00   -1.2282222E+01   -7.1279317E+00   -9.5592108E+00   -5.7304304E+00
    9.6300000E+00    6.2138803E+00   -6.1913415E+00   -3.9999999E+00   -3.2574457E+00   -3.4453389E+00   -4.4082582E+00   -9.4507427E+00   -3.3663886E+00   -2.4747851E+00   -3.7619612E+00   -6.4488975E+00   -7.0864537E+00   -1.5436557E+01   -1.4000000E+01   -1.4000003E+01   -3.5141836E+00   -1.4000000E+01   -6.2603645E+00   -3.0000000E+01   -2.6797696E+00   -8.5984891E+00   -9.1484273E+00   -8.7028618E+00   -1.0442908E+01   -1.1519449E+01   -1.9079120E+01   -2.7989076E+01   -8.2269469E+00   -6.8560582E+00   -9.2704439E+00   -1.2290838E+01   -7.1409050E+00   -9.5394398E+00   -5.7182206E+00
    9.8100000E+00    6.2210975E+00   -6.1984169E+00   -3.9999999E+00   -3.2512519E+00   -3.4385517E+00   -4.4110451E+00   -9.4719139E+00   -3.3697959E+00   -2.4761486E+00   -3.7588045E+00   -6.4489013E+00   -7.1048911E+00   -1.5456923E+01   -1.4000000E+01   -1.4000003E+01   -3.5069818E+00   -1.4000000E+01   -6.2635504E+00   -3.0000000E+01   -2.6737461E+00   -8.6063495E+00   -9.1418532E+00   -8.7174480E+00   -1.0454590E+01   -1.1533230E+01   -1.9098856E+01   -2.8011233E+01   -8.2195612E+00   -6.8423260E+00   -9.2764373E+00   -1.2299252E+01   -7.1539459E+00   -9.5201710E+00   -5.7063388E+00
    9.9900000E+00    6.2281486E+00   -6.2053285E+00   -3.9999999E+00   -3.2452404E+00   -3.4319394E+00   -4.4137618E+00   -9.4923493E+00   -3.3732999E+00   -2.4774774E+00   -3.7556540E+00   -6.4489050E+00   -7.1231544E+00   -1.5476812E+01   -1.4000000E+01   -1.4000003E+01   -3.4999111E+00   -1.4000000E+01   -6.2667169E+00   -3.0000000E+01   -2.6678568E+00   -8.6137871E+00   -9.1351887E+00   -8.7314532E+00   -1.0466255E+01   -1.1546689E+01   -1.9118397E+01   -2.8032884E+01   -8.2123444E+00   -6.8289022E+00   -9.2825438E+00   -1.2307469E+01   -7.1669364E+00   -9.5013822E+00   -5.6947682E+00
    1.0170000E+01    6.2350380E+00   -6.2120809E+00   -3.9999999E+00   -3.2394014E+00   -3.4255049E+00   -4.4164077E+00   -9.5120805E+00   -3.3768905E+00   -2.4787700E+00   -3.7525097E+00   -6.4489087E+00   -7.1411671E+00   -1.5496239E+01   -1.4000000E+01   -1.4000003E+01   -3.4929533E+00   -1.4000000E+01   -6.2698746E+00   -3.0000000E+01   -2.6620955E+00   -8.6208249E+00   -9.1284477E+00   -8.7449047E+00   -1.0477825E+01   -1.1559836E+01   -1.9137666E+01   -2.8054042E+01   -8.2052917E+00   -6.8157757E+00   -9.2886767E+00   -1.2315491E+01   -7.1797942E+00   -9.4830529E+00   -5.6834927E+00
    1.0350000E+01    6.2417700E+00   -6.2186780E+00   -3.9999999E+00   -3.2337254E+00   -3.4192535E+00   -4.4189824E+00   -9.5311364E+00   -3.3805583E+00   -2.4800249E+00   -3.7493716E+00   -6.4489123E+00   -7.1588790E+00   -1.5515213E+01   -1.4000000E+01   -1.4000003E+01   -3.4860889E+00   -1.4000000E+01   -6.2730256E+00   -3.0000000E+01   -2.6564565E+00   -8.6274845E+00   -9.1216433E+00   -8.7578279E+00   -1.0489243E+01   -1.1572678E+01   -1.9156616E+01   -2.8074721E+01   -8.1983991E+00   -6.8029365E+00   -9.2947765E+00   -1.2323320E+01   -7.1924641E+00   -9.4651641E+00   -5.6724978E+00
    1.0530000E+01    6.2483482E+00   -6.2251235E+00   -3.9999999E+00   -3.2282040E+00   -3.4131918E+00   -4.4214855E+00   -9.5495434E+00   -3.3842946E+00   -2.4812407E+00   -3.7462398E+00   -6.4489160E+00   -7.1762593E+00   -1.5533746E+01   -1.4000000E+01   -1.4000003E+01   -3.4792972E+00   -1.4000000E+01   -6.2761704E+00   -3.0000000E+01   -2.6509346E+00   -8.6337855E+00   -9.1147879E+00   -8.7702459E+00   -1.0500478E+01   -1.1585222E+01   -1.9175214E+01   -2.8094931E+01   -8.1916627E+00   -6.7903752E+00   -9.3008039E+00   -1.2330959E+01   -7.2049101E+00   -9.4476982E+00   -5.6617696E+00
    1.0710000E+01    6.2547757E+00   -6.2314205E+00   -3.9999999E+00   -3.2228291E+00   -3.4073269E+00   -4.4239164E+00   -9.5673253E+00   -3.3880913E+00   -2.4824155E+00   -3.7431141E+00   -6.4489196E+00   -7.1932908E+00   -1.5551845E+01   -1.4000000E+01   -1.4000003E+01   -3.4725586E+00   -1.4000000E+01   -6.2793089E+00   -3.0000000E+01   -2.6455247E+00   -8.6397461E+00   -9.1078935E+00   -8.7821797E+00   -1.0511507E+01   -1.1597473E+01   -1.9193446E+01   -2.8114682E+01   -8.1850793E+00   -6.7780834E+00   -9.3067339E+00   -1.2338408E+01   -7.2171105E+00   -9.4306392E+00   -5.6512952E+00
    1.0890000E+01    6.2610553E+00   -6.2375716E+00   -3.9999999E+00   -3.2175932E+00   -3.4016649E+00   -4.4262743E+00   -9.5845037E+00   -3.3919408E+00   -2.4835474E+00   -3.7399947E+00   -6.4489232E+00   -7.2099657E+00   -1.5569519E+01   -1.4000000E+01   -1.4000002E+01   -3.4658548E+00   -1.4000000E+01   -6.2824412E+00   -3.0000000E+01   -2.6402222E+00   -8.6453831E+00   -9.1009712E+00   -8.7936485E+00   -1.0522321E+01   -1.1609437E+01   -1.9211304E+01   -2.8133982E+01   -8.1786460E+00   -6.7660535E+00   -9.3125516E+00   -1.2345668E+01   -7.2290530E+00   -9.4139722E+00   -5.6410628E+00
    1.1070000E+01    6.2671894E+00   -6.2435791E+00   -3.9999999E+00   -3.2124892E+00   -3.3962098E+00   -4.4285579E+00   -9.6010979E+00   -3.3958361E+00   -2.4846346E+00   -3.7368815E+00   -6.4489268E+00   -7.2262823E+00   -1.5586774E+01   -1.4000000E+01   -1.4000002E+01   -3.4591715E+00   -1.4000000E+01   -6.2855672E+00   -3.0000000E+01   -2.6350225E+00   -8.6507115E+00   -9.0940315E+00   -8.8046696E+00   -1.0532917E+01   -1.1621119E+01   -1.9228786E+01   -2.8152839E+01   -8.1723604E+00   -6.7542784E+00   -9.3182492E+00   -1.2352740E+01   -7.2407319E+00   -9.3976834E+00   -5.6310608E+00
    1.1250000E+01    6.2731799E+00   -6.2494448E+00   -3.9999999E+00   -3.2075108E+00   -3.3909624E+00   -4.4307646E+00   -9.6171250E+00   -3.3997704E+00   -2.4856748E+00   -3.7337745E+00   -6.4489304E+00   -7.2422429E+00   -1.5603614E+01   -1.4000000E+01   -1.4000002E+01   -3.4524985E+00   -1.4000000E+01   -6.2886870E+00   -3.0000000E+01   -2.6299215E+00   -8.6557452E+00   -9.0870842E+00   -8.8152586E+00   -1.0543294E+01   -1.1632521E+01   -1.9245896E+01   -2.8171259E+01   -8.1662205E+00   -6.7427517E+00   -9.3238228E+00   -1.2359624E+01   -7.2521454E+00   -9.3817604E+00   -5.6212789E+00
    1.1430000E+01    6.2790283E+00   -6.2551703E+00   -3.9999999E+00   -3.2026516E+00   -3.3859194E+00   -4.4328900E+00   -9.6326001E+00   -3.4037375E+00   -2.4866656E+00   -3.7306738E+00   -6.4489339E+00   -7.2578515E+00   -1.5620044E+01   -1.4000000E+01   -1.4000002E+01   -3.4458313E+00   -1.4000000E+01   -6.2918005E+00   -3.0000000E+01   -2.6249153E+00   -8.6604967E+00   -9.0801388E+00   -8.8254292E+00   -1.0553455E+01   -1.1643647E+01   -1.9262639E+01   -2.8189247E+01   -8.1602247E+00   -6.7314678E+00   -9.3292717E+00   -1.2366317E+01   -7.2632940E+00   -9.3661915E+00   -5.6117071E+00
    1.1610000E+01    6.2847359E+00   -6.2607567E+00   -3.9999999E+00   -3.1979060E+00   -3.3810733E+00   -4.4349269E+00   -9.6475367E+00   -3.4077315E+00   -2.4876047E+00   -3.7275792E+00   -6.4489375E+00   -7.2731135E+00   -1.5636068E+01   -1.4000000E+01   -1.4000002E+01   -3.4391714E+00   -1.4000000E+01   -6.2949077E+00   -3.0000000E+01   -2.6200001E+00   -8.6649774E+00   -9.0732044E+00   -8.8351940E+00   -1.0563406E+01   -1.1654498E+01   -1.9279020E+01   -2.8206805E+01   -8.1543717E+00   -6.7204214E+00   -9.3345964E+00   -1.2372820E+01   -7.2741796E+00   -9.3509661E+00   -5.6023359E+00
    1.1790000E+01    6.2903034E+00   -6.2662048E+00   -3.9999999E+00   -3.1932686E+00   -3.3764120E+00   -4.4368630E+00   -9.6619467E+00   -3.4117467E+00   -2.4884893E+00   -3.7244908E+00   -6.4489410E+00   -7.2880343E+00   -1.5651686E+01   -1.4000000E+01   -1.4000002E+01   -3.4325255E+00   -1.4000000E+01   -6.2980085E+00   -3.0000000E+01   -2.6151724E+00   -8.6691983E+00   -9.0662903E+00   -8.8445644E+00   -1.0573149E+01   -1.1665077E+01   -1.9295044E+01   -2.8223938E+01   -8.1486605E+00   -6.7096081E+00   -9.3397983E+00   -1.2379130E+01   -7.2848043E+00   -9.3360745E+00   -5.5931567E+00
    1.1970000E+01    6.2957314E+00   -6.2715149E+00   -3.9999999E+00   -3.1887343E+00   -3.3719198E+00   -4.4386794E+00   -9.6758413E+00   -3.4157780E+00   -2.4893166E+00   -3.7214086E+00   -6.4489445E+00   -7.3026188E+00   -1.5666900E+01   -1.4000000E+01   -1.3999942E+01   -3.4259055E+00   -1.4000000E+01   -6.3011030E+00   -3.0000000E+01   -2.6104287E+00   -8.6731701E+00   -9.0594060E+00   -8.8535515E+00   -1.0582691E+01   -1.1675384E+01   -1.9310658E+01   -2.8240587E+01   -8.1430908E+00   -6.6990238E+00   -9.3448788E+00   -1.2385245E+01   -7.2951698E+00   -9.3215078E+00   -5.5841610E+00
    1.2150000E+01    6.3010199E+00   -6.2766871E+00   -3.9999999E+00   -3.1842982E+00   -3.3675781E+00   -4.4403468E+00   -9.6892314E+00   -3.4198202E+00   -2.4900835E+00   -3.7183326E+00   -6.4489480E+00   -7.3168716E+00   -1.5681710E+01   -1.4000000E+01   -1.3815251E+01   -3.4193273E+00   -1.4000000E+01   -6.3041912E+00   -3.0000000E+01   -2.6057660E+00   -8.6769036E+00   -9.0525625E+00   -8.8621661E+00   -1.0592036E+01   -1.1685418E+01   -1.9141296E+01   -2.8072181E+01   -8.1376623E+00   -6.6886651E+00   -9.3498395E+00   -1.2391162E+01   -7.3052778E+00   -9.3072581E+00   -5.5753409E+00
    1.2330000E+01    6.3061683E+00   -6.2817207E+00   -3.9999999E+00   -3.1799568E+00   -3.3633665E+00   -4.4418213E+00   -9.7021275E+00   -3.4238681E+00   -2.4907870E+00   -3.7152628E+00   -6.4489515E+00   -7.3307778E+00   -1.5696113E+01   -1.4000000E+01   -1.0692376E+01   -3.4128098E+00   -1.4000000E+01   -6.3072729E+00   -3.0000000E+01   -2.6011816E+00   -8.6804113E+00   -9.0457735E+00   -8.8704197E+00   -1.0601169E+01   -1.1695179E+01   -1.6033390E+01   -2.4965165E+01   -8.1323757E+00   -6.6785300E+00   -9.3546637E+00   -1.2396877E+01   -7.3151109E+00   -9.2933197E+00   -5.5666904E+00
    1.2510000E+01    6.3093924E+00   -6.2848733E+00   -3.9999999E+00   -3.1791919E+00   -3.3604629E+00   -4.4374407E+00   -9.9669606E+00   -3.4258846E+00   -2.4914255E+00   -3.7121814E+00   -6.4489536E+00   -7.2304582E+00   -1.5704484E+01   -1.4000000E+01   -7.1078903E+00   -3.4081988E+00   -1.4000000E+01   -6.3075379E+00   -3.0000000E+01   -2.5985090E+00   -8.9393624E+00   -9.2982764E+00   -9.1323439E+00   -1.0497860E+01   -1.1700641E+01   -1.2349248E+01   -2.1389958E+01   -8.1290653E+00   -6.6723822E+00   -9.2488534E+00   -1.2400002E+01   -7.2124376E+00   -9.2867429E+00   -5.5634247E+00
    1.2690000E+01    6.3125828E+00   -6.2879928E+00   -3.9999999E+00   -3.1784334E+00   -3.3576056E+00   -4.4330186E+00   -9.9769173E+00   -3.4279020E+00   -2.4920581E+00   -3.7092434E+00   -6.4489557E+00   -7.1882149E+00   -1.5713168E+01   -1.4000000E+01   -6.8054448E+00   -3.4036356E+00   -1.4000000E+01   -6.3099747E+00   -3.0000000E+01   -2.5958649E+00   -8.9434994E+00   -9.2960326E+00   -9.1394224E+00   -1.0452658E+01   -1.1706446E+01   -1.2005216E+01   -2.1097096E+01   -8.1257894E+00   -6.6662989E+00   -9.2011780E+00   -1.2403496E+01   -7.1678664E+00   -9.2802339E+00   -5.5601924E+00
    1.2870000E+01    6.3157375E+00   -6.2910773E+00   -3.9999999E+00   -3.1776810E+00   -3.3547894E+00   -4.4285407E+00   -9.9864671E+00   -3.4299233E+00   -2.4926814E+00   -3.7064601E+00   -6.4489579E+00   -7.1708381E+00   -1.5721857E+01   -1.4000000E+01   -6.6279504E+00   -3.3991247E+00   -1.4000000E+01   -6.3126956E+00   -3.0000000E+01   -2.5932478E+00   -8.9472961E+00   -9.2935198E+00   -9.1461270E+00   -1.0432357E+01   -1.1712290E+01   -1.1810997E+01   -2.0929183E+01   -8.1225497E+00   -6.6602802E+00   -9.1784286E+00   -1.2407053E+01   -7.1481862E+00   -9.2737930E+00   -5.5569919E+00
    1.3050000E+01    6.3188577E+00   -6.2941277E+00   -3.9999999E+00   -3.1769347E+00   -3.3520094E+00   -4.4239850E+00   -9.9958999E+00   -3.4319483E+00   -2.4932951E+00   -3.7038267E+00   -6.4489600E+00   -7.1655440E+00   -1.5730507E+01   -1.4000000E+01   -6.5016484E+00   -3.3946706E+00   -1.4000000E+01   -6.3153480E+00   -3.0000000E+01   -2.5906565E+00   -8.9510403E+00   -9.2910238E+00   -9.1527464E+00   -1.0424171E+01   -1.1718127E+01   -1.1680048E+01   -2.0812417E+01   -8.1193454E+00   -6.6543237E+00   -9.1678191E+00   -1.2410626E+01   -7.1406118E+00   -9.2674180E+00   -5.5538219E+00
    1.3230000E+01    6.3219437E+00   -6.2971446E+00   -3.9999999E+00   -3.1761944E+00   -3.3492609E+00   -4.4193260E+00   -1.0005223E+01   -3.4339767E+00   -2.4938989E+00   -3.7013383E+00   -6.4489621E+00   -7.1664169E+00   -1.5739094E+01   -1.4000000E+01   -6.4034195E+00   -3.3902774E+00   -1.4000000E+01   -6.3178693E+00   -3.0000000E+01   -2.5880899E+00   -8.9547383E+00   -9.2885497E+00   -9.1592873E+00   -1.0422185E+01   -1.1723931E+01   -1.1583334E+01   -2.0723653E+01   -8.1161758E+00   -6.6484280E+00   -9.1634325E+00   -1.2414190E+01   -7.1392268E+00   -9.2611072E+00   -5.5506815E+00
    1.3410000E+01    6.3249959E+00   -6.3001282E+00   -3.9999999E+00   -3.1754601E+00   -3.3465399E+00   -4.4145341E+00   -1.0014442E+01   -3.4360084E+00   -2.4944923E+00   -3.6989901E+00   -6.4489642E+00   -7.1704755E+00   -1.5747602E+01   -1.4000000E+01   -6.3229647E+00   -3.3859489E+00   -1.4000000E+01   -6.3202517E+00   -3.0000000E+01   -2.5855474E+00   -8.9583965E+00   -9.2861035E+00   -9.1657564E+00   -1.0423416E+01   -1.1729689E+01   -1.1507575E+01   -2.0652578E+01   -8.1130407E+00   -6.6425921E+00   -9.1622864E+00   -1.2417728E+01   -7.1410493E+00   -9.2548597E+00   -5.5475699E+00
    1.3590000E+01    6.3280143E+00   -6.3030786E+00   -3.9999999E+00   -3.1747316E+00   -3.3438427E+00   -4.4095753E+00   -1.0023566E+01   -3.4380430E+00   -2.4950748E+00   -3.6967773E+00   -6.4489663E+00   -7.1761562E+00   -1.5756024E+01   -1.4000000E+01   -6.2547894E+00   -3.3816888E+00   -1.4000000E+01   -6.3224977E+00   -3.0000000E+01   -2.5830284E+00   -8.9620220E+00   -9.2836921E+00   -9.1721608E+00   -1.0426301E+01   -1.1735392E+01   -1.1445712E+01   -2.0593689E+01   -8.1099399E+00   -6.6368151E+00   -9.1628166E+00   -1.2421232E+01   -7.1445148E+00   -9.2486745E+00   -5.5444863E+00
    1.3770000E+01    6.3309990E+00   -6.3059958E+00   -3.9999999E+00   -3.1740088E+00   -3.3411663E+00   -4.4044107E+00   -1.0032602E+01   -3.4400806E+00   -2.4956459E+00   -3.6946954E+00   -6.4489684E+00   -7.1826255E+00   -1.5764356E+01   -1.4000000E+01   -6.1956135E+00   -3.3775000E+00   -1.4000000E+01   -6.3246114E+00   -3.0000000E+01   -2.5805323E+00   -8.9656227E+00   -9.2813234E+00   -9.1785086E+00   -1.0430007E+01   -1.1741035E+01   -1.1393633E+01   -2.0543703E+01   -8.1068735E+00   -6.6310966E+00   -9.1641892E+00   -1.2424697E+01   -7.1487897E+00   -9.2425512E+00   -5.5414301E+00
    1.3950000E+01    6.3339499E+00   -6.3088797E+00   -3.9999999E+00   -3.1732916E+00   -3.3385083E+00   -4.3989964E+00   -1.0041559E+01   -3.4421208E+00   -2.4962050E+00   -3.6927396E+00   -6.4489705E+00   -7.1894378E+00   -1.5772594E+01   -1.4000000E+01   -6.1433208E+00   -3.3733854E+00   -1.4000000E+01   -6.3265974E+00   -3.0000000E+01   -2.5780587E+00   -8.9692076E+00   -9.2790065E+00   -9.1848086E+00   -1.0434088E+01   -1.1746616E+01   -1.1348776E+01   -2.0500499E+01   -8.1038415E+00   -6.6254363E+00   -9.1659582E+00   -1.2428120E+01   -7.1534277E+00   -9.2364892E+00   -5.5384009E+00
    1.4130000E+01    6.3368668E+00   -6.3117302E+00   -3.9999999E+00   -3.1725800E+00   -3.3358672E+00   -4.3932832E+00   -1.0050446E+01   -3.4441634E+00   -2.4967516E+00   -3.6909055E+00   -6.4489726E+00   -7.1963560E+00   -1.5780736E+01   -1.4000000E+01   -6.0964658E+00   -3.3693472E+00   -1.4000000E+01   -6.3284605E+00   -3.0000000E+01   -2.5756071E+00   -8.9727867E+00   -9.2767518E+00   -9.1910704E+00   -1.0438308E+01   -1.1752134E+01   -1.1309457E+01   -2.0462631E+01   -8.1008441E+00   -6.6198338E+00   -9.1678863E+00   -1.2431498E+01   -7.1581914E+00   -9.2304881E+00   -5.5353979E+00
    1.4310000E+01    6.3397495E+00   -6.3145469E+00   -3.9999999E+00   -3.1718736E+00   -3.3332419E+00   -4.3872169E+00   -1.0059274E+01   -3.4462084E+00   -2.4972850E+00   -3.6891886E+00   -6.4489747E+00   -7.2032553E+00   -1.5788782E+01   -1.4000000E+01   -6.0540175E+00   -3.3653875E+00   -1.4000000E+01   -6.3302049E+00   -3.0000000E+01   -2.5731772E+00   -8.9763709E+00   -9.2745707E+00   -9.1973050E+00   -1.0442540E+01   -1.1757586E+01   -1.1274521E+01   -2.0429066E+01   -8.0978815E+00   -6.6142889E+00   -9.1698482E+00   -1.2434831E+01   -7.1629554E+00   -9.2245477E+00   -5.5324207E+00
    1.4490000E+01    6.3425976E+00   -6.3173298E+00   -3.9999999E+00   -3.1711726E+00   -3.3306321E+00   -4.3807378E+00   -1.0068055E+01   -3.4482555E+00   -2.4978044E+00   -3.6875847E+00   -6.4489768E+00   -7.2100710E+00   -1.5796729E+01   -1.4000000E+01   -6.0152142E+00   -3.3615079E+00   -1.4000000E+01   -6.3318351E+00   -3.0000000E+01   -2.5707685E+00   -8.9799724E+00   -9.2724759E+00   -9.2035242E+00   -1.0446722E+01   -1.1762972E+01   -1.1243142E+01   -2.0399041E+01   -8.0949541E+00   -6.6088016E+00   -9.1717794E+00   -1.2438117E+01   -7.1676547E+00   -9.2186676E+00   -5.5294688E+00
    1.4670000E+01    6.3454110E+00   -6.3200783E+00   -3.9999999E+00   -3.1704767E+00   -3.3280382E+00   -4.3737820E+00   -1.0076801E+01   -3.4503047E+00   -2.4983092E+00   -3.6860894E+00   -6.4489789E+00   -7.2167705E+00   -1.5804578E+01   -1.4000000E+01   -5.9794772E+00   -3.3577098E+00   -1.4000000E+01   -6.3333554E+00   -3.0000000E+01   -2.5683806E+00   -8.9836042E+00   -9.2704811E+00   -9.2097407E+00   -1.0450821E+01   -1.1768291E+01   -1.1214708E+01   -2.0371977E+01   -8.0920621E+00   -6.6033717E+00   -9.1736471E+00   -1.2441354E+01   -7.1722563E+00   -9.2128477E+00   -5.5265416E+00
    1.4850000E+01    6.3481891E+00   -6.3227922E+00   -3.9999999E+00   -3.1697858E+00   -3.3254611E+00   -4.3662809E+00   -1.0085525E+01   -3.4523556E+00   -2.4987986E+00   -3.6846988E+00   -6.4489809E+00   -7.2233383E+00   -1.5812326E+01   -1.4000000E+01   -5.9463566E+00   -3.3539944E+00   -1.4000000E+01   -6.3347700E+00   -3.0000000E+01   -2.5660131E+00   -8.9872804E+00   -9.2686010E+00   -9.2159682E+00   -1.0454822E+01   -1.1773542E+01   -1.1188754E+01   -2.0347421E+01   -8.0892060E+00   -6.5979994E+00   -9.1754356E+00   -1.2444541E+01   -7.1767442E+00   -9.2070878E+00   -5.5236386E+00
    1.5030000E+01    6.3509315E+00   -6.3254709E+00   -3.9999999E+00   -3.1690998E+00   -3.3229024E+00   -4.3581630E+00   -1.0094241E+01   -3.4544084E+00   -2.4992717E+00   -3.6834089E+00   -6.4489830E+00   -7.2297673E+00   -1.5819972E+01   -1.4000000E+01   -5.9154953E+00   -3.3503627E+00   -1.4000000E+01   -6.3360828E+00   -3.0000000E+01   -2.5636657E+00   -8.9910156E+00   -9.2668514E+00   -9.2222210E+00   -1.0458718E+01   -1.1778725E+01   -1.1164915E+01   -2.0325016E+01   -8.0863862E+00   -6.5926847E+00   -9.1771380E+00   -1.2447677E+01   -7.1811110E+00   -9.2013879E+00   -5.5207592E+00
    1.5210000E+01    6.3536377E+00   -6.3281141E+00   -3.9999999E+00   -3.1684185E+00   -3.3203640E+00   -4.3493547E+00   -1.0102964E+01   -3.4564627E+00   -2.4997277E+00   -3.6822158E+00   -6.4489851E+00   -7.2360552E+00   -1.5827515E+01   -1.4000000E+01   -5.8866055E+00   -3.3468158E+00   -1.4000000E+01   -6.3372977E+00   -3.0000000E+01   -2.5613380E+00   -8.9948250E+00   -9.2652484E+00   -9.2285137E+00   -1.0462507E+01   -1.1783838E+01   -1.1142902E+01   -2.0304473E+01   -8.0836032E+00   -6.5874278E+00   -9.1787521E+00   -1.2450761E+01   -7.1853538E+00   -9.1957480E+00   -5.5179030E+00
    1.5390000E+01    6.3563072E+00   -6.3307210E+00   -3.9999999E+00   -3.1677419E+00   -3.3178484E+00   -4.3397817E+00   -1.0111707E+01   -3.4585186E+00   -2.5001656E+00   -3.6811159E+00   -6.4489871E+00   -7.2422015E+00   -1.5834953E+01   -1.4000000E+01   -5.8594516E+00   -3.3433548E+00   -1.4000000E+01   -6.3384185E+00   -3.0000000E+01   -2.5590297E+00   -8.9987241E+00   -9.2638085E+00   -9.2348612E+00   -1.0466189E+01   -1.1788880E+01   -1.1122477E+01   -2.0285553E+01   -8.0808577E+00   -6.5822290E+00   -9.1802775E+00   -1.2453791E+01   -7.1894719E+00   -9.1901682E+00   -5.5150695E+00
    1.5570000E+01    6.3589392E+00   -6.3332911E+00   -3.9999999E+00   -3.1670697E+00   -3.3153580E+00   -4.3293709E+00   -1.0120485E+01   -3.4605758E+00   -2.5005844E+00   -3.6801058E+00   -6.4489892E+00   -7.2482069E+00   -1.5842284E+01   -1.4000000E+01   -5.8338380E+00   -3.3399811E+00   -1.4000000E+01   -6.3394487E+00   -3.0000000E+01   -2.5567403E+00   -9.0027281E+00   -9.2625484E+00   -9.2412782E+00   -1.0469766E+01   -1.1793851E+01   -1.1103447E+01   -2.0268059E+01   -8.0781503E+00   -6.5770886E+00   -9.1817152E+00   -1.2456765E+01   -7.1934656E+00   -9.1846486E+00   -5.5122580E+00
    1.5750000E+01    6.3615332E+00   -6.3358238E+00   -3.9999999E+00   -3.1664018E+00   -3.3128956E+00   -4.3180524E+00   -1.0129311E+01   -3.4626343E+00   -2.5009830E+00   -3.6791821E+00   -6.4489912E+00   -7.2540725E+00   -1.5849507E+01   -1.4000000E+01   -5.8096011E+00   -3.3366964E+00   -1.4000000E+01   -6.3403916E+00   -3.0000000E+01   -2.5544696E+00   -9.0068515E+00   -9.2614840E+00   -9.2477787E+00   -1.0473239E+01   -1.1798748E+01   -1.1085649E+01   -2.0251825E+01   -8.0754817E+00   -6.5720070E+00   -9.1830664E+00   -1.2459681E+01   -7.1973354E+00   -9.1791894E+00   -5.5094681E+00
    1.5930000E+01    6.3640882E+00   -6.3383181E+00   -3.9999999E+00   -3.1657382E+00   -3.3104638E+00   -4.3057619E+00   -1.0138198E+01   -3.4646940E+00   -2.5013603E+00   -3.6783417E+00   -6.4489933E+00   -7.2597990E+00   -1.5856619E+01   -1.4000000E+01   -5.7866023E+00   -3.3335032E+00   -1.4000000E+01   -6.3412505E+00   -3.0000000E+01   -2.5522173E+00   -9.0111081E+00   -9.2606305E+00   -9.2543755E+00   -1.0476611E+01   -1.1803570E+01   -1.1068943E+01   -2.0236711E+01   -8.0728527E+00   -6.5669848E+00   -9.1843325E+00   -1.2462538E+01   -7.2010818E+00   -9.1737909E+00   -5.5066993E+00
    1.6110000E+01    6.3666034E+00   -6.3407733E+00   -3.9999999E+00   -3.1650786E+00   -3.3080647E+00   -4.2924426E+00   -1.0147155E+01   -3.4667548E+00   -2.5017151E+00   -3.6775817E+00   -6.4489953E+00   -7.2653875E+00   -1.5863617E+01   -1.4000000E+01   -5.7647229E+00   -3.3304044E+00   -1.4000000E+01   -6.3420282E+00   -3.0000000E+01   -2.5499829E+00   -9.0155098E+00   -9.2600017E+00   -9.2610798E+00   -1.0479881E+01   -1.1808315E+01   -1.1053214E+01   -2.0222595E+01   -8.0702643E+00   -6.5620225E+00   -9.1855146E+00   -1.2465334E+01   -7.2047052E+00   -9.1684535E+00   -5.5039510E+00
    1.6290000E+01    6.3690780E+00   -6.3431885E+00   -3.9999999E+00   -3.1644228E+00   -3.3057000E+00   -4.2780482E+00   -1.0156191E+01   -3.4688166E+00   -2.5020461E+00   -3.6768996E+00   -6.4489973E+00   -7.2708382E+00   -1.5870499E+01   -1.4000000E+01   -5.7438611E+00   -3.3274041E+00   -1.4000000E+01   -6.3427274E+00   -3.0000000E+01   -2.5477662E+00   -9.0200665E+00   -9.2596093E+00   -9.2679007E+00   -1.0483053E+01   -1.1812982E+01   -1.1038358E+01   -2.0209372E+01   -8.0677173E+00   -6.5571208E+00   -9.1866137E+00   -1.2468066E+01   -7.2082058E+00   -9.1631776E+00   -5.5012228E+00
    1.6470000E+01    6.3715108E+00   -6.3455626E+00   -3.9999999E+00   -3.1637709E+00   -3.3033705E+00   -4.2625442E+00   -1.0165311E+01   -3.4708793E+00   -2.5023519E+00   -3.6762928E+00   -6.4489993E+00   -7.2761517E+00   -1.5877263E+01   -1.4000000E+01   -5.7239284E+00   -3.3245076E+00   -1.4000000E+01   -6.3433508E+00   -3.0000000E+01   -2.5455668E+00   -9.0247856E+00   -9.2594627E+00   -9.2748445E+00   -1.0486127E+01   -1.1817569E+01   -1.1024288E+01   -2.0196951E+01   -8.0652128E+00   -6.5522805E+00   -9.1876309E+00   -1.2470732E+01   -7.2115834E+00   -9.1579637E+00   -5.4985141E+00
    1.6650000E+01    6.3739008E+00   -6.3478946E+00   -3.9999999E+00   -3.1631225E+00   -3.3010759E+00   -4.2459107E+00   -1.0174518E+01   -3.4729428E+00   -2.5026310E+00   -3.6757591E+00   -6.4490013E+00   -7.2813276E+00   -1.5883904E+01   -1.4000000E+01   -5.7048475E+00   -3.3217216E+00   -1.4000000E+01   -6.3439005E+00   -3.0000000E+01   -2.5433844E+00   -9.0296712E+00   -9.2595684E+00   -9.2819144E+00   -1.0489104E+01   -1.1822074E+01   -1.1010926E+01   -2.0185251E+01   -8.0627520E+00   -6.5475024E+00   -9.1885665E+00   -1.2473329E+01   -7.2148375E+00   -9.1528125E+00   -5.4958245E+00
    1.6830000E+01    6.3762467E+00   -6.3501832E+00   -3.9999999E+00   -3.1624777E+00   -3.2988145E+00   -4.2281433E+00   -1.0183809E+01   -3.4750070E+00   -2.5028820E+00   -3.6752966E+00   -6.4490033E+00   -7.2863655E+00   -1.5890420E+01   -1.4000000E+01   -5.6865506E+00   -3.3190542E+00   -1.4000000E+01   -6.3443787E+00   -3.0000000E+01   -2.5412188E+00   -9.0347242E+00   -9.2599295E+00   -9.2891100E+00   -1.0491984E+01   -1.1826494E+01   -1.0998203E+01   -2.0174200E+01   -8.0603361E+00   -6.5427876E+00   -9.1894209E+00   -1.2475856E+01   -7.2179672E+00   -9.1477248E+00   -5.4931533E+00
    1.7010000E+01    6.3785473E+00   -6.3524272E+00   -3.9999999E+00   -3.1618361E+00   -3.2965831E+00   -4.2092543E+00   -1.0193180E+01   -3.4770717E+00   -2.5031032E+00   -3.6749035E+00   -6.4490052E+00   -7.2912646E+00   -1.5896806E+01   -1.4000000E+01   -5.6689778E+00   -3.3165154E+00   -1.4000000E+01   -6.3447870E+00   -3.0000000E+01   -2.5390696E+00   -9.0399415E+00   -9.2605456E+00   -9.2964272E+00   -1.0494769E+01   -1.1830827E+01   -1.0986059E+01   -2.0163735E+01   -8.0579664E+00   -6.5381371E+00   -9.1901941E+00   -1.2478308E+01   -7.2209712E+00   -9.1427012E+00   -5.4905001E+00
    1.7190000E+01    6.3808012E+00   -6.3546253E+00   -3.9999999E+00   -3.1611977E+00   -3.2943766E+00   -4.1892728E+00   -1.0202621E+01   -3.4791368E+00   -2.5032928E+00   -3.6745784E+00   -6.4490072E+00   -7.2960236E+00   -1.5903060E+01   -1.4000000E+01   -5.6520760E+00   -3.3141173E+00   -1.4000000E+01   -6.3451271E+00   -3.0000000E+01   -2.5369365E+00   -9.0453160E+00   -9.2614125E+00   -9.3038574E+00   -1.0497458E+01   -1.1835070E+01   -1.0974440E+01   -2.0153798E+01   -8.0556443E+00   -6.5335521E+00   -9.1908859E+00   -1.2480683E+01   -7.2238479E+00   -9.1377428E+00   -5.4878645E+00
    1.7370000E+01    6.3830067E+00   -6.3567758E+00   -3.9999999E+00   -3.1605624E+00   -3.2921881E+00   -4.1682452E+00   -1.0212117E+01   -3.4812021E+00   -2.5034490E+00   -3.6743200E+00   -6.4490091E+00   -7.3006409E+00   -1.5909175E+01   -1.4000000E+01   -5.6357979E+00   -3.3118734E+00   -1.4000000E+01   -6.3454001E+00   -3.0000000E+01   -2.5348192E+00   -9.0508368E+00   -9.2625221E+00   -9.3113884E+00   -1.0500051E+01   -1.1839220E+01   -1.0963294E+01   -2.0144337E+01   -8.0533714E+00   -6.5290338E+00   -9.1914957E+00   -1.2482977E+01   -7.2265953E+00   -9.1328506E+00   -5.4852458E+00
    1.7550000E+01    6.3851624E+00   -6.3588772E+00   -3.9999999E+00   -3.1599300E+00   -3.2900088E+00   -4.1462331E+00   -1.0221652E+01   -3.4832675E+00   -2.5035699E+00   -3.6741275E+00   -6.4490110E+00   -7.3051145E+00   -1.5915149E+01   -1.4000000E+01   -5.6201010E+00   -3.3097994E+00   -1.4000000E+01   -6.3456072E+00   -3.0000000E+01   -2.5327173E+00   -9.0564888E+00   -9.2638628E+00   -9.3190034E+00   -1.0502548E+01   -1.1843274E+01   -1.0952580E+01   -2.0135306E+01   -8.0511494E+00   -6.5245836E+00   -9.1920226E+00   -1.2485187E+01   -7.2292108E+00   -9.1280258E+00   -5.4826437E+00
    1.7730000E+01    6.3872664E+00   -6.3609278E+00   -3.9999999E+00   -3.1593003E+00   -3.2878281E+00   -4.1233132E+00   -1.0231201E+01   -3.4853328E+00   -2.5036533E+00   -3.6740001E+00   -6.4490129E+00   -7.3094417E+00   -1.5920975E+01   -1.4000000E+01   -5.6049473E+00   -3.3079122E+00   -1.4000000E+01   -6.3457490E+00   -3.0000000E+01   -2.5306307E+00   -9.0622533E+00   -9.2654193E+00   -9.3266821E+00   -1.0504947E+01   -1.1847228E+01   -1.0942254E+01   -2.0126659E+01   -8.0489800E+00   -6.5202031E+00   -9.1924655E+00   -1.2487309E+01   -7.2316917E+00   -9.1232697E+00   -5.4800577E+00
    1.7910000E+01    6.3893164E+00   -6.3629252E+00   -3.9999999E+00   -3.1586735E+00   -3.2856343E+00   -4.0995812E+00   -1.0240739E+01   -3.4873971E+00   -2.5036971E+00   -3.6739374E+00   -6.4490148E+00   -7.3136186E+00   -1.5926646E+01   -1.4000000E+01   -5.5903062E+00   -3.3062308E+00   -1.4000000E+01   -6.3458261E+00   -3.0000000E+01   -2.5285595E+00   -9.0681065E+00   -9.2671725E+00   -9.3343983E+00   -1.0507248E+01   -1.1851079E+01   -1.0932283E+01   -2.0118360E+01   -8.0468656E+00   -6.5158949E+00   -9.1928228E+00   -1.2489338E+01   -7.2340340E+00   -9.1185849E+00   -5.4774879E+00
