# Time          5.0000E+01
# Units: Log10 mol/kgw
    Distance      pH               H+               Li+              Na+              Ca++             K+               Al+++            SiO2(aq)         CO2(aq)          O2(aq)           Methane(aq)      Fe++             Fe+++            HS-              SO4--            Mg++             Cl-              CH2O             Tracer           HCO3-            Al(OH)2+         AlO2-            AlOH++           FeOH+            FeOH++           FeSO4(aq)        FeSO4+           OH-              CO3--            FeCO3(aq)        FeCO3+           FeHCO3+          NaCO3-           NaHCO3(aq)   
    9.0000000E-02    5.8956677E+00   -5.8879302E+00   -3.9999999E+00   -4.5752040E+00   -4.7699869E+00   -4.8076511E+00   -7.4050475E+00   -4.3455480E+00   -3.0307716E+00   -3.4705286E+00   -6.4486783E+00   -7.1151433E+00   -1.4525775E+01   -1.4000000E+01   -1.4000004E+01   -4.9545257E+00   -1.4000000E+01   -4.6558449E+00   -3.0000000E+01   -3.5706230E+00   -7.0716411E+00   -8.2580045E+00   -6.9066240E+00   -1.0742996E+01   -1.0858124E+01   -1.8978418E+01   -2.6894793E+01   -8.5617439E+00   -8.1139470E+00   -1.0428322E+01   -1.2455135E+01   -7.9972250E+00   -1.2049856E+01   -7.8937697E+00
    2.7000000E-01    5.9655047E+00   -5.9564707E+00   -3.9999999E+00   -4.3370978E+00   -4.5142428E+00   -4.5096178E+00   -7.8975675E+00   -4.0936504E+00   -2.9898434E+00   -3.4827290E+00   -6.4486874E+00   -7.1047893E+00   -1.4813459E+01   -1.4000000E+01   -1.4000004E+01   -4.7006020E+00   -1.4000000E+01   -5.9546011E+00   -3.0000000E+01   -3.4584767E+00   -7.4348169E+00   -8.4815062E+00   -7.3355430E+00   -1.0666807E+01   -1.1082207E+01   -1.8978943E+01   -2.7198302E+01   -8.4905282E+00   -7.9278699E+00   -1.0242740E+01   -1.2572537E+01   -7.8800984E+00   -1.1631137E+01   -7.5462691E+00
    4.5000000E-01    6.0094859E+00   -5.9994123E+00   -3.9999999E+00   -4.1964936E+00   -4.3674071E+00   -4.3192493E+00   -8.1891985E+00   -3.9591388E+00   -2.9504980E+00   -3.4952576E+00   -6.4486959E+00   -7.1478611E+00   -1.4935904E+01   -1.4000000E+01   -1.4000004E+01   -4.5567263E+00   -1.4000000E+01   -6.6338790E+00   -3.0000000E+01   -3.3740327E+00   -7.6467631E+00   -8.6054901E+00   -7.5881641E+00   -1.0669120E+01   -1.1165643E+01   -1.9030797E+01   -2.7333468E+01   -8.4454319E+00   -7.7961384E+00   -1.0162834E+01   -1.2575943E+01   -7.8430565E+00   -1.1363216E+01   -7.3234463E+00
    6.3000000E-01    6.0382980E+00   -6.0273358E+00   -3.9999999E+00   -4.0964928E+00   -4.2617535E+00   -4.1892721E+00   -8.3846468E+00   -3.8710129E+00   -2.9122993E+00   -3.5081745E+00   -6.4487041E+00   -7.1911123E+00   -1.5014316E+01   -1.4000000E+01   -1.4000003E+01   -4.4535509E+00   -1.4000000E+01   -6.6990401E+00   -3.0000000E+01   -3.3060596E+00   -7.7916604E+00   -8.6927632E+00   -7.7590297E+00   -1.0686323E+01   -1.1219472E+01   -1.9081599E+01   -2.7422777E+01   -8.4156596E+00   -7.6965095E+00   -1.0113980E+01   -1.2565596E+01   -7.8220518E+00   -1.1167383E+01   -7.1573881E+00
    8.1000000E-01    6.0574851E+00   -6.0457330E+00   -3.9999999E+00   -4.0185272E+00   -4.1773544E+00   -4.0950627E+00   -8.5232014E+00   -3.8070111E+00   -2.8751798E+00   -3.5215040E+00   -6.4487120E+00   -7.2211331E+00   -1.5064766E+01   -1.4000000E+01   -1.4000003E+01   -4.3711238E+00   -1.4000000E+01   -6.6893067E+00   -3.0000000E+01   -3.2488917E+00   -7.8981253E+00   -8.7608538E+00   -7.8821407E+00   -1.0699621E+01   -1.1254479E+01   -1.9118364E+01   -2.7482931E+01   -8.3956135E+00   -7.6176133E+00   -1.0071823E+01   -1.2546828E+01   -7.7982211E+00   -1.1013915E+01   -7.0239681E+00
    9.9000000E-01    6.0701175E+00   -6.0576463E+00   -3.9999999E+00   -3.9542873E+00   -4.1062119E+00   -4.0233877E+00   -8.6247019E+00   -3.7577026E+00   -2.8390761E+00   -3.5352717E+00   -6.4487198E+00   -7.2373844E+00   -1.5096188E+01   -1.4000000E+01   -1.4000003E+01   -4.3015355E+00   -1.4000000E+01   -6.6756107E+00   -3.0000000E+01   -3.1993669E+00   -7.9800806E+00   -8.8175443E+00   -7.9744038E+00   -1.0705489E+01   -1.1276663E+01   -1.9140784E+01   -2.7523202E+01   -8.3821946E+00   -7.5531316E+00   -1.0029735E+01   -1.2522592E+01   -7.7679770E+00   -1.0888298E+01   -6.9117721E+00
    1.1700000E+00    6.0780706E+00   -6.0649341E+00   -3.9999999E+00   -3.8993692E+00   -4.0443841E+00   -3.9665550E+00   -8.6999624E+00   -3.7181461E+00   -2.8039237E+00   -3.5495056E+00   -6.4487276E+00   -7.2425543E+00   -1.5114051E+01   -1.4000000E+01   -1.4000003E+01   -4.2409328E+00   -1.4000000E+01   -6.6613165E+00   -3.0000000E+01   -3.1555277E+00   -8.0447244E+00   -8.8662820E+00   -8.0448407E+00   -1.0704792E+01   -1.1289702E+01   -1.9151683E+01   -2.7549265E+01   -8.3735101E+00   -7.4991794E+00   -9.9866573E+00   -1.2494677E+01   -7.7321186E+00   -1.0782312E+01   -6.8144736E+00
    1.3500000E+00    6.0825619E+00   -6.0688029E+00   -3.9999999E+00   -3.8511730E+00   -3.9895852E+00   -3.9199282E+00   -8.7557850E+00   -3.6854467E+00   -2.7696588E+00   -3.5642372E+00   -6.4487353E+00   -7.2393395E+00   -1.5121910E+01   -1.4000000E+01   -1.4000003E+01   -4.1871020E+00   -1.4000000E+01   -6.6465399E+00   -3.0000000E+01   -3.1160815E+00   -8.0965126E+00   -8.9090876E+00   -8.0990907E+00   -1.0699043E+01   -1.1295988E+01   -1.9153851E+01   -2.7564808E+01   -8.3683310E+00   -7.4532124E+00   -9.9428330E+00   -1.2464228E+01   -7.6920955E+00   -1.0690860E+01   -6.7282026E+00
    1.5300000E+00    6.0844193E+00   -6.0700728E+00   -3.9999999E+00   -3.8080420E+00   -3.9403244E+00   -3.8806085E+00   -8.7967420E+00   -3.6577725E+00   -2.7362211E+00   -3.5795011E+00   -6.4487430E+00   -7.2297722E+00   -1.5122179E+01   -1.4000000E+01   -1.4000003E+01   -4.1386081E+00   -1.4000000E+01   -6.6312499E+00   -3.0000000E+01   -3.0801318E+00   -8.1384240E+00   -8.9472841E+00   -8.1409365E+00   -1.0689468E+01   -1.1297146E+01   -1.9149383E+01   -2.7572340E+01   -8.3658213E+00   -7.4134822E+00   -9.8986096E+00   -1.2432005E+01   -7.6490749E+00   -1.0610568E+01   -6.6504224E+00
    1.7100000E+00    6.0842267E+00   -6.0693218E+00   -3.9999999E+00   -3.7688594E+00   -3.8955518E+00   -3.8467154E+00   -8.8260542E+00   -3.6338959E+00   -2.7035538E+00   -3.5953361E+00   -6.4487507E+00   -7.2152822E+00   -1.5116559E+01   -1.4000000E+01   -1.4000003E+01   -4.0944436E+00   -1.4000000E+01   -6.6154052E+00   -3.0000000E+01   -3.0470322E+00   -8.1725579E+00   -8.9818033E+00   -8.1730433E+00   -1.0676933E+01   -1.1294321E+01   -1.9139756E+01   -2.7573632E+01   -8.3653914E+00   -7.3787407E+00   -9.8542162E+00   -1.2398531E+01   -7.6038640E+00   -1.0539095E+01   -6.5793814E+00
    1.8900000E+00    6.0824119E+00   -6.0669733E+00   -3.9999999E+00   -3.7328047E+00   -3.8544847E+00   -3.8170630E+00   -8.8461280E+00   -3.6129175E+00   -2.6716040E+00   -3.6117857E+00   -6.4487585E+00   -7.1969114E+00   -1.5106293E+01   -1.4000000E+01   -1.4000003E+01   -4.0538198E+00   -1.4000000E+01   -6.5959230E+00   -3.0000000E+01   -3.0162971E+00   -8.2005008E+00   -9.0133757E+00   -8.1974118E+00   -1.0662065E+01   -1.1288350E+01   -1.9126048E+01   -2.7569982E+01   -8.3666085E+00   -7.3480608E+00   -9.8098044E+00   -1.2364176E+01   -7.5570374E+00   -1.0474711E+01   -6.5137831E+00
    2.0700000E+00    6.0811261E+00   -6.0651225E+00   -3.9999999E+00   -3.6853237E+00   -3.8143882E+00   -3.8257227E+00   -8.7916269E+00   -3.5754025E+00   -2.6405162E+00   -3.6287884E+00   -6.4487672E+00   -7.2156271E+00   -1.5097639E+01   -1.4000000E+01   -1.4000003E+01   -3.9973681E+00   -1.4000000E+01   -4.8323205E+00   -3.0000000E+01   -2.9858573E+00   -8.1530571E+00   -8.9685037E+00   -8.1468134E+00   -1.0683857E+01   -1.1283599E+01   -1.9149716E+01   -2.7568338E+01   -8.3672591E+00   -7.3170379E+00   -9.8024221E+00   -1.2331482E+01   -7.5477314E+00   -1.0398704E+01   -6.4371285E+00
    2.2500000E+00    6.0803467E+00   -6.0638049E+00   -3.9999999E+00   -3.6425396E+00   -3.7776565E+00   -3.8349501E+00   -8.8277515E+00   -3.5432924E+00   -2.6119818E+00   -3.6457717E+00   -6.4487759E+00   -7.2108054E+00   -1.5090469E+01   -1.4000000E+01   -1.4000003E+01   -3.9475826E+00   -1.4000000E+01   -4.7923174E+00   -3.0000000E+01   -2.9574917E+00   -8.1950142E+00   -9.0120196E+00   -8.1862036E+00   -1.0681523E+01   -1.1279694E+01   -1.9149629E+01   -2.7567857E+01   -8.3674306E+00   -7.2876642E+00   -9.7729348E+00   -1.2301601E+01   -7.5168541E+00   -1.0328935E+01   -6.3671903E+00
    2.4300000E+00    6.0799309E+00   -6.0628745E+00   -3.9999999E+00   -3.6036428E+00   -3.7437772E+00   -3.8447030E+00   -8.8597682E+00   -3.5155110E+00   -2.5855989E+00   -3.6627896E+00   -6.4487847E+00   -7.1976977E+00   -1.5084577E+01   -1.4000000E+01   -1.4000003E+01   -3.9030522E+00   -1.4000000E+01   -4.7739878E+00   -3.0000000E+01   -2.9309382E+00   -8.2319472E+00   -9.0497841E+00   -8.2210062E+00   -1.0670468E+01   -1.1276588E+01   -1.9141063E+01   -2.7568368E+01   -8.3672628E+00   -7.2598118E+00   -9.7364895E+00   -1.2274232E+01   -7.4794068E+00   -1.0264477E+01   -6.3029031E+00
    2.6100000E+00    6.0798425E+00   -6.0622928E+00   -3.9999999E+00   -3.5680190E+00   -3.7123476E+00   -3.8549503E+00   -8.8884326E+00   -3.4912772E+00   -2.5611206E+00   -3.6798149E+00   -6.4487934E+00   -7.1819662E+00   -1.5079849E+01   -1.4000000E+01   -1.4000003E+01   -3.8627726E+00   -1.4000000E+01   -4.7568673E+00   -3.0000000E+01   -2.9059840E+00   -8.2647032E+00   -9.0827170E+00   -8.2520247E+00   -1.0656397E+01   -1.1274214E+01   -1.9129699E+01   -2.7569785E+01   -8.3667896E+00   -7.2332970E+00   -9.6985834E+00   -1.2249108E+01   -7.4408479E+00   -1.0204542E+01   -6.2434443E+00
    2.7900000E+00    6.0800494E+00   -6.0620257E+00   -3.9999999E+00   -3.5351902E+00   -3.6830451E+00   -3.8656679E+00   -8.9143349E+00   -3.4700020E+00   -2.5383397E+00   -3.6968190E+00   -6.4488021E+00   -7.1656413E+00   -1.5076178E+01   -1.4000000E+01   -1.4000003E+01   -3.8260028E+00   -1.4000000E+01   -4.7398479E+00   -3.0000000E+01   -2.8824519E+00   -8.2939524E+00   -9.1115523E+00   -8.2798913E+00   -1.0641379E+01   -1.1272507E+01   -1.9117582E+01   -2.7572026E+01   -8.3660411E+00   -7.2079684E+00   -9.6611119E+00   -1.2225993E+01   -7.4030388E+00   -1.0148510E+01   -6.1881627E+00
    2.9700000E+00    6.0805268E+00   -6.0620468E+00   -3.9999999E+00   -3.5047772E+00   -3.6556072E+00   -3.8768379E+00   -8.9379387E+00   -3.4512305E+00   -2.5170843E+00   -3.7137700E+00   -6.4488107E+00   -7.1494560E+00   -1.5073475E+01   -1.4000000E+01   -1.4000003E+01   -3.7921805E+00   -1.4000000E+01   -4.7228926E+00   -3.0000000E+01   -2.8601929E+00   -8.3202213E+00   -9.1368666E+00   -8.3051025E+00   -1.0626175E+01   -1.1271412E+01   -1.9105460E+01   -2.7575021E+01   -8.3650404E+00   -7.1836971E+00   -9.6246924E+00   -1.2204691E+01   -7.3665705E+00   -1.0095877E+01   -6.1365335E+00
    3.1500000E+00    6.0812553E+00   -6.0623352E+00   -3.9999999E+00   -3.4764736E+00   -3.6298174E+00   -3.8884468E+00   -8.9596160E+00   -3.4346045E+00   -2.4972104E+00   -3.7306324E+00   -6.4488194E+00   -7.1336816E+00   -1.5071672E+01   -1.4000000E+01   -1.4000003E+01   -3.7608692E+00   -1.4000000E+01   -4.7060312E+00   -3.0000000E+01   -2.8390811E+00   -8.3439322E+00   -9.1591204E+00   -8.3280570E+00   -1.0611082E+01   -1.1270886E+01   -1.9093616E+01   -2.7578719E+01   -8.3638052E+00   -7.1603718E+00   -9.5894967E+00   -1.2185038E+01   -7.3315940E+00   -1.0046233E+01   -6.0881276E+00
    3.3300000E+00    6.0822203E+00   -6.0628751E+00   -3.9999999E+00   -3.4500291E+00   -3.6054954E+00   -3.9004854E+00   -8.9796717E+00   -3.4198363E+00   -2.4785968E+00   -3.7473669E+00   -6.4488281E+00   -7.1184254E+00   -1.5070712E+01   -1.4000000E+01   -1.4000003E+01   -3.7317231E+00   -1.4000000E+01   -4.6893013E+00   -3.0000000E+01   -2.8190086E+00   -8.3654295E+00   -9.1786876E+00   -8.3490807E+00   -1.0596225E+01   -1.1270894E+01   -1.9082167E+01   -2.7583080E+01   -8.3623491E+00   -7.1378956E+00   -9.5555454E+00   -1.2166897E+01   -7.2981138E+00   -9.9992352E+00   -6.0425888E+00
    3.5100000E+00    6.0834107E+00   -6.0636541E+00   -3.9999999E+00   -3.4252356E+00   -3.5824891E+00   -3.9129473E+00   -8.9983598E+00   -3.4066924E+00   -2.4611405E+00   -3.7639299E+00   -6.4488367E+00   -7.1037379E+00   -1.5070553E+01   -1.4000000E+01   -1.4000003E+01   -3.7044638E+00   -1.4000000E+01   -4.6727449E+00   -3.0000000E+01   -2.7998824E+00   -8.3849982E+00   -9.1958755E+00   -8.3684441E+00   -1.0581669E+01   -1.1271410E+01   -1.9071172E+01   -2.7588074E+01   -8.3606821E+00   -7.1161834E+00   -9.5228125E+00   -1.2150152E+01   -7.2660919E+00   -9.9545953E+00   -5.9996187E+00
    3.6900000E+00    6.0848183E+00   -6.0646633E+00   -3.9999999E+00   -3.4019191E+00   -3.5606691E+00   -3.9258295E+00   -9.0158954E+00   -3.3949799E+00   -2.4447535E+00   -3.7802739E+00   -6.4488453E+00   -7.0896524E+00   -1.5071161E+01   -1.4000000E+01   -1.4000004E+01   -3.6788638E+00   -1.4000000E+01   -4.6564083E+00   -3.0000000E+01   -2.7816219E+00   -8.4028772E+00   -9.2109394E+00   -8.3863751E+00   -1.0567458E+01   -1.1272414E+01   -1.9060673E+01   -2.7593678E+01   -8.3588114E+00   -7.0951598E+00   -9.4912638E+00   -1.2134707E+01   -7.2354846E+00   -9.9120674E+00   -5.9589644E+00
    3.8700000E+00    6.0864373E+00   -6.0658960E+00   -3.9999999E+00   -3.3799321E+00   -3.5399247E+00   -3.9391310E+00   -9.0324631E+00   -3.3845384E+00   -2.4293608E+00   -3.7963466E+00   -6.4488540E+00   -7.0761998E+00   -1.5072512E+01   -1.4000000E+01   -1.4000004E+01   -3.6547348E+00   -1.4000000E+01   -4.6403422E+00   -3.0000000E+01   -2.7641566E+00   -8.4192693E+00   -9.2240934E+00   -8.4030682E+00   -1.0553631E+01   -1.1273890E+01   -1.9050706E+01   -2.7599880E+01   -8.3567417E+00   -7.0747574E+00   -9.4608696E+00   -1.2120481E+01   -7.2062561E+00   -9.8714402E+00   -5.9204097E+00
    4.0500000E+00    6.0882644E+00   -6.0673479E+00   -3.9999999E+00   -3.3591487E+00   -3.5201601E+00   -3.9528532E+00   -9.0482238E+00   -3.3752330E+00   -2.4148976E+00   -3.8120915E+00   -6.4488626E+00   -7.0634145E+00   -1.5074588E+01   -1.4000000E+01   -1.4000004E+01   -3.6319195E+00   -1.4000000E+01   -4.6246015E+00   -3.0000000E+01   -2.7474248E+00   -8.4343485E+00   -9.2355186E+00   -8.4186917E+00   -1.0540229E+01   -1.1275829E+01   -1.9041314E+01   -2.7606669E+01   -8.3544760E+00   -7.0549157E+00   -9.4316098E+00   -1.2107403E+01   -7.1783817E+00   -9.8325302E+00   -5.8837684E+00
    4.2300000E+00    6.0902977E+00   -6.0690168E+00   -3.9999999E+00   -3.3394607E+00   -3.5012921E+00   -3.9669993E+00   -9.0633195E+00   -3.3669491E+00   -2.4013083E+00   -3.8274477E+00   -6.4488712E+00   -7.0513361E+00   -1.5077379E+01   -1.4000000E+01   -1.4000004E+01   -3.6102846E+00   -1.4000000E+01   -4.6092456E+00   -3.0000000E+01   -2.7313717E+00   -8.4482655E+00   -9.2453689E+00   -8.4333925E+00   -1.0527295E+01   -1.1278225E+01   -1.9032539E+01   -2.7614043E+01   -8.3520150E+00   -7.0355798E+00   -9.4034744E+00   -1.2095417E+01   -7.1518492E+00   -9.7951770E+00   -5.8488790E+00
    4.4100000E+00    6.0925373E+00   -6.0709020E+00   -3.9999999E+00   -3.3207742E+00   -3.4832480E+00   -3.9815744E+00   -9.0778772E+00   -3.3595890E+00   -2.3885451E+00   -3.8423498E+00   -6.4488797E+00   -7.0400102E+00   -1.5080879E+01   -1.4000000E+01   -1.4000004E+01   -3.5897169E+00   -1.4000000E+01   -4.5943382E+00   -3.0000000E+01   -2.7159490E+00   -8.4611521E+00   -9.2537763E+00   -8.4473006E+00   -1.0514877E+01   -1.1281075E+01   -1.9024434E+01   -2.7622005E+01   -8.3493584E+00   -7.0166994E+00   -9.3764638E+00   -1.2084473E+01   -7.1266582E+00   -9.7592389E+00   -5.8156004E+00
    4.5900000E+00    6.0949846E+00   -6.0730044E+00   -3.9999999E+00   -3.3030076E+00   -3.4659639E+00   -3.9965852E+00   -9.0920118E+00   -3.3530687E+00   -2.3765669E+00   -3.8567288E+00   -6.4488883E+00   -7.0294889E+00   -1.5085086E+01   -1.4000000E+01   -1.4000004E+01   -3.5701188E+00   -1.4000000E+01   -4.5799468E+00   -3.0000000E+01   -2.7011136E+00   -8.4731246E+00   -9.2608542E+00   -8.4605321E+00   -1.0503026E+01   -1.1284380E+01   -1.9017054E+01   -2.7630559E+01   -8.3465041E+00   -6.9982284E+00   -9.3505880E+00   -1.2074531E+01   -7.1028198E+00   -9.7245902E+00   -5.7838088E+00
    4.7700000E+00    6.0976425E+00   -6.0753264E+00   -3.9999999E+00   -3.2860891E+00   -3.4493833E+00   -4.0120402E+00   -9.1058286E+00   -3.3473155E+00   -2.3653383E+00   -3.8705119E+00   -6.4488968E+00   -7.0198302E+00   -1.5090007E+01   -1.4000000E+01   -1.4000004E+01   -3.5514060E+00   -1.4000000E+01   -4.5661425E+00   -3.0000000E+01   -2.6868268E+00   -8.4842865E+00   -9.2667003E+00   -8.4731919E+00   -1.0491799E+01   -1.1288143E+01   -1.9010461E+01   -2.7639715E+01   -8.3434488E+00   -6.9801238E+00   -9.3258661E+00   -1.2065559E+01   -7.0803554E+00   -9.6911182E+00   -5.7533951E+00
    4.9500000E+00    6.1005151E+00   -6.0778717E+00   -3.9999999E+00   -3.2699556E+00   -3.4334560E+00   -4.0279490E+00   -9.1194253E+00   -3.3422664E+00   -2.3548294E+00   -3.8836234E+00   -6.4489053E+00   -7.0110984E+00   -1.5095648E+01   -1.4000000E+01   -1.4000004E+01   -3.5335053E+00   -1.4000000E+01   -4.5529994E+00   -3.0000000E+01   -2.6730540E+00   -8.4947307E+00   -9.2713994E+00   -8.4853758E+00   -1.0481258E+01   -1.1292371E+01   -1.9004723E+01   -2.7649488E+01   -8.3401879E+00   -6.9623456E+00   -9.3023257E+00   -1.2057529E+01   -7.0592964E+00   -9.6587215E+00   -5.7242623E+00
    5.1300000E+00    6.1036078E+00   -6.0806452E+00   -3.9999999E+00   -3.2545513E+00   -3.4181373E+00   -4.0443230E+00   -9.1328937E+00   -3.3378665E+00   -2.3450149E+00   -3.8959856E+00   -6.4489138E+00   -7.0033634E+00   -1.5102022E+01   -1.4000000E+01   -1.4000004E+01   -3.5163523E+00   -1.4000000E+01   -4.5405939E+00   -3.0000000E+01   -2.6597642E+00   -8.5045414E+00   -9.2750247E+00   -8.4971722E+00   -1.0471469E+01   -1.1297074E+01   -1.8999913E+01   -2.7659895E+01   -8.3367156E+00   -6.9448560E+00   -9.2800023E+00   -1.2050422E+01   -7.0396831E+00   -9.6273081E+00   -5.6963242E+00
    5.3100000E+00    6.1069272E+00   -6.0836533E+00   -3.9999999E+00   -3.2398266E+00   -3.4033873E+00   -4.0611750E+00   -9.1463211E+00   -3.3340679E+00   -2.3358735E+00   -3.9075196E+00   -6.4489223E+00   -6.9967011E+00   -1.5109147E+01   -1.4000000E+01   -1.4000004E+01   -3.4998905E+00   -1.4000000E+01   -4.5290036E+00   -3.0000000E+01   -2.6469291E+00   -8.5137953E+00   -9.2776397E+00   -8.5086633E+00   -1.0462501E+01   -1.1302262E+01   -1.8996111E+01   -2.7670956E+01   -8.3330248E+00   -6.9276191E+00   -9.2589387E+00   -1.2044223E+01   -7.0215647E+00   -9.5967940E+00   -5.6695038E+00
    5.4900000E+00    6.1104814E+00   -6.0869036E+00   -3.9999999E+00   -3.2257373E+00   -3.3891701E+00   -4.0785190E+00   -9.1597913E+00   -3.3308285E+00   -2.3273880E+00   -3.9181464E+00   -6.4489307E+00   -6.9911924E+00   -1.5117042E+01   -1.4000000E+01   -1.4000004E+01   -3.4840698E+00   -1.4000000E+01   -4.5183063E+00   -3.0000000E+01   -2.6345233E+00   -8.5225633E+00   -9.2792994E+00   -8.5199269E+00   -1.0454429E+01   -1.1307951E+01   -1.8993398E+01   -2.7682697E+01   -8.3291074E+00   -6.9106007E+00   -9.2391843E+00   -1.2038921E+01   -7.0049982E+00   -9.5671020E+00   -5.6437321E+00
    5.6700000E+00    6.1142793E+00   -6.0904049E+00   -3.9999999E+00   -3.2122438E+00   -3.3754535E+00   -4.0963706E+00   -9.1733861E+00   -3.3281116E+00   -2.3195449E+00   -3.9277887E+00   -6.4489391E+00   -6.9869237E+00   -1.5125733E+01   -1.4000000E+01   -1.4000004E+01   -3.4688458E+00   -1.4000000E+01   -4.5085790E+00   -3.0000000E+01   -2.6225237E+00   -8.5309110E+00   -9.2800511E+00   -8.5310370E+00   -1.0447330E+01   -1.1314157E+01   -1.8991865E+01   -2.7695146E+01   -8.3249539E+00   -6.8937675E+00   -9.2207944E+00   -1.2034513E+01   -6.9900478E+00   -9.5381604E+00   -5.6189470E+00
    5.8500000E+00    6.1183316E+00   -6.0941674E+00   -3.9999999E+00   -3.1993107E+00   -3.3622083E+00   -4.1147470E+00   -9.1871858E+00   -3.3258851E+00   -2.3123339E+00   -3.9363718E+00   -6.4489475E+00   -6.9839859E+00   -1.5135249E+01   -1.4000000E+01   -1.4000004E+01   -3.4541790E+00   -1.4000000E+01   -4.4998958E+00   -3.0000000E+01   -2.6109093E+00   -8.5389000E+00   -9.2799355E+00   -8.5420648E+00   -1.0441287E+01   -1.1320901E+01   -1.8991604E+01   -2.7708334E+01   -8.3205535E+00   -6.8770873E+00   -9.2038299E+00   -1.2030998E+01   -6.9767846E+00   -9.5099027E+00   -5.5950926E+00
    6.0300000E+00    6.1226501E+00   -6.0982029E+00   -3.9999999E+00   -3.1869060E+00   -3.3494083E+00   -4.1336666E+00   -9.2012706E+00   -3.3241206E+00   -2.3057479E+00   -3.9438257E+00   -6.4489558E+00   -6.9824742E+00   -1.5145622E+01   -1.4000000E+01   -1.4000004E+01   -3.4400339E+00   -1.4000000E+01   -4.4923271E+00   -3.0000000E+01   -2.5996610E+00   -8.5465887E+00   -9.2789872E+00   -8.5530798E+00   -1.0436383E+01   -1.1328205E+01   -1.8992713E+01   -2.7722299E+01   -8.3158941E+00   -6.8605284E+00   -9.1883563E+00   -1.2028381E+01   -6.9652856E+00   -9.4822662E+00   -5.5721184E+00
    6.2100000E+00    6.1272482E+00   -6.1025242E+00   -3.9999999E+00   -3.1750010E+00   -3.3370294E+00   -4.1531495E+00   -9.2157210E+00   -3.3227936E+00   -2.2997832E+00   -3.9500866E+00   -6.4489641E+00   -6.9824874E+00   -1.5156892E+01   -1.4000000E+01   -1.4000004E+01   -3.4263788E+00   -1.4000000E+01   -4.4859376E+00   -3.0000000E+01   -2.5887614E+00   -8.5540328E+00   -9.2772353E+00   -8.5641506E+00   -1.0432704E+01   -1.1336094E+01   -1.8995291E+01   -2.7737081E+01   -8.3109622E+00   -6.8440592E+00   -9.1744427E+00   -1.2026670E+01   -6.9556332E+00   -9.4551915E+00   -5.5499787E+00
    6.3900000E+00    6.1321407E+00   -6.1071463E+00   -3.9999999E+00   -3.1635698E+00   -3.3250500E+00   -4.1732172E+00   -9.2306192E+00   -3.3218828E+00   -2.2944389E+00   -3.9550983E+00   -6.4489724E+00   -6.9841275E+00   -1.5169100E+01   -1.4000000E+01   -1.4000004E+01   -3.4131850E+00   -1.4000000E+01   -4.4807848E+00   -3.0000000E+01   -2.5781945E+00   -8.5612864E+00   -9.2747038E+00   -8.5753452E+00   -1.0430338E+01   -1.1344599E+01   -1.8999443E+01   -2.7752725E+01   -8.3057426E+00   -6.8276485E+00   -9.1621613E+00   -1.2025881E+01   -6.9479142E+00   -9.4286223E+00   -5.5286320E+00
    6.5700000E+00    6.1373442E+00   -6.1120854E+00   -3.9999999E+00   -3.1525890E+00   -3.3134503E+00   -4.1938930E+00   -9.2460495E+00   -3.3213697E+00   -2.2897172E+00   -3.9588140E+00   -6.4489806E+00   -6.9874986E+00   -1.5182296E+01   -1.4000000E+01   -1.4000004E+01   -3.4004268E+00   -1.4000000E+01   -4.4769171E+00   -3.0000000E+01   -2.5679459E+00   -8.5684018E+00   -9.2714123E+00   -8.5867323E+00   -1.0429374E+01   -1.1353752E+01   -1.9005275E+01   -2.7769282E+01   -8.3002186E+00   -6.8112645E+00   -9.1515861E+00   -1.2026031E+01   -6.9422191E+00   -9.4025040E+00   -5.5080406E+00
    6.7500000E+00    6.1428772E+00   -6.1173600E+00   -3.9999999E+00   -3.1420372E+00   -3.3022124E+00   -4.2152016E+00   -9.2620994E+00   -3.3212385E+00   -2.2856236E+00   -3.9611976E+00   -6.4489888E+00   -6.9927066E+00   -1.5196532E+01   -1.4000000E+01   -1.4000004E+01   -3.3880808E+00   -1.4000000E+01   -4.4743733E+00   -3.0000000E+01   -2.5580022E+00   -8.5754313E+00   -9.2673756E+00   -8.5983820E+00   -1.0429898E+01   -1.1363588E+01   -1.9012892E+01   -2.7786808E+01   -8.2943715E+00   -6.7948750E+00   -9.1427917E+00   -1.2027145E+01   -6.9386408E+00   -9.3767837E+00   -5.4881705E+00
    6.9300000E+00    6.1487604E+00   -6.1229903E+00   -3.9999999E+00   -3.1318953E+00   -3.2913199E+00   -4.2371696E+00   -9.2788608E+00   -3.3214758E+00   -2.2821665E+00   -3.9622248E+00   -6.4489969E+00   -6.9998574E+00   -1.5211871E+01   -1.4000000E+01   -1.4000004E+01   -3.3761261E+00   -1.4000000E+01   -4.4731804E+00   -3.0000000E+01   -2.5483513E+00   -8.5824265E+00   -9.2626046E+00   -8.6103662E+00   -1.0431997E+01   -1.1374149E+01   -1.9022403E+01   -2.7805364E+01   -8.2881806E+00   -6.7784468E+00   -9.1358525E+00   -1.2029252E+01   -6.9372741E+00   -9.3514099E+00   -5.4689904E+00
    7.1100000E+00    6.1550164E+00   -6.1289991E+00   -3.9999999E+00   -3.1221459E+00   -3.2807578E+00   -4.2598253E+00   -9.2964304E+00   -3.3220708E+00   -2.2793579E+00   -3.9618836E+00   -6.4490050E+00   -7.0090568E+00   -1.5228378E+01   -1.4000000E+01   -1.4000004E+01   -3.3645435E+00   -1.4000000E+01   -4.4733534E+00   -3.0000000E+01   -2.5389822E+00   -8.5894400E+00   -9.2571060E+00   -8.6227597E+00   -1.0435754E+01   -1.1385480E+01   -1.9033914E+01   -2.7825021E+01   -8.2816230E+00   -6.7619457E+00   -9.1308409E+00   -1.2032385E+01   -6.9382139E+00   -9.3263313E+00   -5.4504723E+00
    7.2900000E+00    6.1616706E+00   -6.1354116E+00   -3.9999999E+00   -3.1127732E+00   -3.2705126E+00   -4.2831987E+00   -9.3149117E+00   -3.3230144E+00   -2.2772130E+00   -3.9601751E+00   -6.4490130E+00   -7.0204090E+00   -1.5246128E+01   -1.4000000E+01   -1.4000004E+01   -3.3533157E+00   -1.4000000E+01   -4.4748948E+00   -3.0000000E+01   -2.5298846E+00   -8.5965253E+00   -9.2508829E+00   -8.6356412E+00   -1.0441248E+01   -1.1397631E+01   -1.9047531E+01   -2.7845854E+01   -8.2746733E+00   -6.7453358E+00   -9.1278260E+00   -1.2036587E+01   -6.9415548E+00   -9.3014967E+00   -5.4325904E+00
    7.4700000E+00    6.1687513E+00   -6.1422560E+00   -3.9999999E+00   -3.1037629E+00   -3.2605717E+00   -4.3073220E+00   -9.3344157E+00   -3.3242999E+00   -2.2757510E+00   -3.9571131E+00   -6.4490210E+00   -7.0340153E+00   -1.5265207E+01   -1.4000000E+01   -1.4000004E+01   -3.3424270E+00   -1.4000000E+01   -4.4777939E+00   -3.0000000E+01   -2.5210495E+00   -8.6037379E+00   -9.2439340E+00   -8.6490940E+00   -1.0448553E+01   -1.1410658E+01   -1.9063355E+01   -2.7867948E+01   -8.2673030E+00   -6.7285793E+00   -9.1268725E+00   -1.2041904E+01   -6.9473896E+00   -9.2768545E+00   -5.4153214E+00
    7.6500000E+00    6.1762900E+00   -6.1495635E+00   -3.9999999E+00   -3.0951021E+00   -3.2509239E+00   -4.3322288E+00   -9.3550625E+00   -3.3259225E+00   -2.2749951E+00   -3.9527238E+00   -6.4490290E+00   -7.0499740E+00   -1.5285707E+01   -1.4000000E+01   -1.4000003E+01   -3.3318633E+00   -1.4000000E+01   -4.4820277E+00   -3.0000000E+01   -2.5124683E+00   -8.6111358E+00   -9.2362545E+00   -8.6632073E+00   -1.0457736E+01   -1.1424625E+01   -1.9081486E+01   -2.7891400E+01   -8.2594806E+00   -6.7116362E+00   -9.1280390E+00   -1.2048391E+01   -6.9558082E+00   -9.2523521E+00   -5.3986443E+00
    7.8300000E+00    6.1843219E+00   -6.1573694E+00   -3.9999999E+00   -3.0867793E+00   -3.2415589E+00   -4.3579549E+00   -9.3769833E+00   -3.3278795E+00   -2.2749729E+00   -3.9470452E+00   -6.4490368E+00   -7.0683787E+00   -1.5307734E+01   -1.4000000E+01   -1.4000003E+01   -3.3216117E+00   -1.4000000E+01   -4.4875611E+00   -3.0000000E+01   -2.5041335E+00   -8.6187805E+00   -9.2278355E+00   -8.6780777E+00   -1.0468856E+01   -1.1439602E+01   -1.9102018E+01   -2.7916313E+01   -8.2511709E+00   -6.6944635E+00   -9.1313769E+00   -1.2056111E+01   -6.9668972E+00   -9.2279351E+00   -5.3825398E+00
    8.0100000E+00    6.1928864E+00   -6.1657131E+00   -3.9999999E+00   -3.0787828E+00   -3.2324680E+00   -4.3845005E+00   -9.4003114E+00   -3.3301824E+00   -2.2757171E+00   -3.9401257E+00   -6.4490446E+00   -7.0892995E+00   -1.5331406E+01   -1.4000000E+01   -1.4000003E+01   -3.3116618E+00   -1.4000000E+01   -4.4944385E+00   -3.0000000E+01   -2.4960381E+00   -8.6267265E+00   -9.2186524E+00   -8.6937991E+00   -1.0481942E+01   -1.1455667E+01   -1.9125020E+01   -2.7942809E+01   -8.2423342E+00   -6.6770143E+00   -9.1369097E+00   -1.2065136E+01   -6.9807196E+00   -9.2035453E+00   -5.3669896E+00
    8.1900000E+00    6.2021477E+00   -6.1747589E+00   -3.9999999E+00   -3.0705795E+00   -3.2238681E+00   -4.3939503E+00   -9.4214094E+00   -3.3391325E+00   -2.2772770E+00   -3.9319641E+00   -6.4490523E+00   -7.0965045E+00   -1.5357290E+01   -1.4000000E+01   -1.4000003E+01   -3.3025430E+00   -1.4000000E+01   -5.3963405E+00   -3.0000000E+01   -2.4880679E+00   -8.6310063E+00   -9.2044096E+00   -8.7065690E+00   -1.0480599E+01   -1.1473222E+01   -1.9134259E+01   -2.7971449E+01   -8.2328070E+00   -6.6590117E+00   -9.1281258E+00   -1.2075754E+01   -6.9809282E+00   -9.1783712E+00   -5.3513456E+00
    8.3700000E+00    6.2112626E+00   -6.1836630E+00   -3.9999999E+00   -3.0626813E+00   -3.2155041E+00   -4.4033033E+00   -9.4404842E+00   -3.3479728E+00   -2.2789109E+00   -3.9237236E+00   -6.4490600E+00   -7.1123872E+00   -1.5382683E+01   -1.4000000E+01   -1.4000003E+01   -3.2936767E+00   -1.4000000E+01   -6.0461783E+00   -3.0000000E+01   -2.4803237E+00   -8.6335177E+00   -9.1886913E+00   -8.7174402E+00   -1.0488065E+01   -1.1490412E+01   -1.9152134E+01   -2.7999539E+01   -8.2234317E+00   -6.6413976E+00   -9.1283659E+00   -1.2086209E+01   -6.9900198E+00   -9.1538693E+00   -5.3362218E+00
    8.5500000E+00    6.2201481E+00   -6.1923424E+00   -3.9999999E+00   -3.0550680E+00   -3.2073699E+00   -4.4124457E+00   -9.4589175E+00   -3.3566956E+00   -2.2805236E+00   -3.9155899E+00   -6.4490675E+00   -7.1329955E+00   -1.5407445E+01   -1.4000000E+01   -1.4000003E+01   -3.2850465E+00   -1.4000000E+01   -6.2589790E+00   -3.0000000E+01   -2.4727928E+00   -8.6358098E+00   -9.1732124E+00   -8.7278782E+00   -1.0500471E+01   -1.1507179E+01   -1.9174693E+01   -2.8026941E+01   -8.2142909E+00   -6.6242414E+00   -9.1337492E+00   -1.2096435E+01   -7.0040306E+00   -9.1300896E+00   -5.3215858E+00
    8.7300000E+00    6.2288058E+00   -6.2007984E+00   -3.9999999E+00   -3.0477210E+00   -3.1994545E+00   -4.4213456E+00   -9.4767301E+00   -3.3652941E+00   -2.2821052E+00   -3.9075733E+00   -6.4490750E+00   -7.1560343E+00   -1.5431572E+01   -1.4000000E+01   -1.4000003E+01   -3.2766401E+00   -1.4000000E+01   -6.2965831E+00   -3.0000000E+01   -2.4654635E+00   -8.6379024E+00   -9.1579895E+00   -8.7379033E+00   -1.0515521E+01   -1.1523518E+01   -1.9199644E+01   -2.8053653E+01   -8.2053829E+00   -6.6075293E+00   -9.1419686E+00   -1.2106415E+01   -7.0206547E+00   -9.1070008E+00   -5.3074078E+00
    8.9100000E+00    6.2372445E+00   -6.2090395E+00   -3.9999999E+00   -3.0406234E+00   -3.1917469E+00   -4.4299948E+00   -9.4939644E+00   -3.3737625E+00   -2.2836539E+00   -3.8996715E+00   -6.4490825E+00   -7.1801647E+00   -1.5455084E+01   -1.4000000E+01   -1.4000002E+01   -3.2684458E+00   -1.4000000E+01   -6.3078280E+00   -3.0000000E+01   -2.4583252E+00   -8.6398218E+00   -9.1430315E+00   -8.7475501E+00   -1.0531869E+01   -1.1539443E+01   -1.9225650E+01   -2.8079699E+01   -8.1966987E+00   -6.5912410E+00   -9.1516670E+00   -1.2116154E+01   -7.0385433E+00   -9.0845668E+00   -5.2936607E+00
    9.0900000E+00    6.2454729E+00   -6.2170742E+00   -3.9999999E+00   -3.0337597E+00   -3.1842378E+00   -4.4383915E+00   -9.5106599E+00   -3.3820962E+00   -2.2851689E+00   -3.8918810E+00   -6.4490899E+00   -7.2046166E+00   -1.5478004E+01   -1.4000000E+01   -1.4000002E+01   -3.2604522E+00   -1.4000000E+01   -6.3160129E+00   -3.0000000E+01   -2.4513681E+00   -8.6415916E+00   -9.1283446E+00   -8.7568504E+00   -1.0548736E+01   -1.1554967E+01   -1.9251942E+01   -2.8105103E+01   -8.1882293E+00   -6.5753576E+00   -9.1620565E+00   -1.2125655E+01   -7.0569175E+00   -9.0627536E+00   -5.2803197E+00
    9.2700000E+00    6.2534991E+00   -6.2249106E+00   -3.9999999E+00   -3.0271159E+00   -3.1769194E+00   -4.4465350E+00   -9.5268524E+00   -3.3902913E+00   -2.2866494E+00   -3.8841983E+00   -6.4490972E+00   -7.2289604E+00   -1.5500352E+01   -1.4000000E+01   -1.4000002E+01   -3.2526470E+00   -1.4000000E+01   -6.3237744E+00   -3.0000000E+01   -2.4445830E+00   -8.6432327E+00   -9.1139334E+00   -8.7658325E+00   -1.0565685E+01   -1.1570106E+01   -1.9278093E+01   -2.8129888E+01   -8.1799664E+00   -6.5598611E+00   -9.1726915E+00   -1.2134925E+01   -7.0753392E+00   -9.0415303E+00   -5.2673621E+00
    9.4500000E+00    6.2613303E+00   -6.2325556E+00   -3.9999999E+00   -3.0206791E+00   -3.1697870E+00   -4.4544236E+00   -9.5425737E+00   -3.3983447E+00   -2.2880946E+00   -3.8766202E+00   -6.4491045E+00   -7.2529678E+00   -1.5522150E+01   -1.4000000E+01   -1.4000002E+01   -3.2450164E+00   -1.4000000E+01   -6.3313966E+00   -3.0000000E+01   -2.4379617E+00   -8.6447637E+00   -9.0998019E+00   -8.7745217E+00   -1.0582480E+01   -1.1584871E+01   -1.9303874E+01   -2.8154077E+01   -8.1719027E+00   -6.5447355E+00   -9.1833288E+00   -1.2143970E+01   -7.0935725E+00   -9.0208685E+00   -5.2547667E+00
    9.6300000E+00    6.2689734E+00   -6.2400160E+00   -3.9999999E+00   -3.0144373E+00   -3.1628390E+00   -4.4620519E+00   -9.5578532E+00   -3.4062544E+00   -2.2895034E+00   -3.8691436E+00   -6.4491117E+00   -7.2765268E+00   -1.5543414E+01   -1.4000000E+01   -1.4000002E+01   -3.2375440E+00   -1.4000000E+01   -6.3389119E+00   -3.0000000E+01   -2.4314962E+00   -8.6462017E+00   -9.0859537E+00   -8.7829415E+00   -1.0599005E+01   -1.1599275E+01   -1.9329177E+01   -2.8177690E+01   -8.1640311E+00   -6.5299657E+00   -9.1938427E+00   -1.2152794E+01   -7.1114982E+00   -9.0007418E+00   -5.2425144E+00
    9.8100000E+00    6.2764343E+00   -6.2472975E+00   -3.9999999E+00   -3.0083795E+00   -3.1560778E+00   -4.4694067E+00   -9.5727185E+00   -3.4140184E+00   -2.2908750E+00   -3.8617654E+00   -6.4491189E+00   -7.2995898E+00   -1.5564162E+01   -1.4000000E+01   -1.4000002E+01   -3.2302105E+00   -1.4000000E+01   -6.3463266E+00   -3.0000000E+01   -2.4251794E+00   -8.6475632E+00   -9.0723934E+00   -8.7911139E+00   -1.0615205E+01   -1.1613331E+01   -1.9353953E+01   -2.8200744E+01   -8.1563455E+00   -6.5155379E+00   -9.2041730E+00   -1.2161402E+01   -7.1290621E+00   -8.9811263E+00   -5.2305871E+00
    9.9900000E+00    6.2837187E+00   -6.2544057E+00   -3.9999999E+00   -3.0024957E+00   -3.1495097E+00   -4.4764591E+00   -9.5871971E+00   -3.4216359E+00   -2.2922081E+00   -3.8544828E+00   -6.4491260E+00   -7.3221437E+00   -1.5584409E+01   -1.4000000E+01   -1.4000002E+01   -3.2229932E+00   -1.4000000E+01   -6.3536437E+00   -3.0000000E+01   -2.4190045E+00   -8.6488657E+00   -9.0591271E+00   -8.7990616E+00   -1.0631062E+01   -1.1627047E+01   -1.9378192E+01   -2.8223258E+01   -8.1488401E+00   -6.5014395E+00   -9.2142951E+00   -1.2169799E+01   -7.1462449E+00   -8.9619994E+00   -5.2189684E+00
    1.0170000E+01    6.2908315E+00   -6.2613455E+00   -3.9999999E+00   -2.9967765E+00   -3.1431446E+00   -4.4831524E+00   -9.6013185E+00   -3.4291064E+00   -2.2935018E+00   -3.8472931E+00   -6.4491331E+00   -7.3441927E+00   -1.5604170E+01   -1.4000000E+01   -1.4000002E+01   -3.2158673E+00   -1.4000000E+01   -6.3608663E+00   -3.0000000E+01   -2.4129652E+00   -8.6501295E+00   -9.0461652E+00   -8.8068095E+00   -1.0646575E+01   -1.1640434E+01   -1.9401898E+01   -2.8245246E+01   -8.1415098E+00   -6.4876586E+00   -9.2242024E+00   -1.2177988E+01   -7.1630449E+00   -8.9433408E+00   -5.2076427E+00
    1.0350000E+01    6.2977774E+00   -6.2681213E+00   -3.9999999E+00   -2.9912130E+00   -3.1369953E+00   -4.4893824E+00   -9.6151174E+00   -3.4364298E+00   -2.2947547E+00   -3.8401936E+00   -6.4491402E+00   -7.3657488E+00   -1.5623457E+01   -1.4000000E+01   -1.4000001E+01   -3.2088066E+00   -1.4000000E+01   -6.3679969E+00   -3.0000000E+01   -2.4070556E+00   -8.6513811E+00   -9.0335250E+00   -8.8143883E+00   -1.0661754E+01   -1.1653501E+01   -1.9425085E+01   -2.8266723E+01   -8.1343500E+00   -6.4741844E+00   -9.2338970E+00   -1.2185973E+01   -7.1794687E+00   -8.9251311E+00   -5.1965956E+00
    1.0530000E+01    6.3045604E+00   -6.2747371E+00   -3.9999999E+00   -2.9857971E+00   -3.1310760E+00   -4.4949692E+00   -9.6286379E+00   -3.4436069E+00   -2.2959657E+00   -3.8331817E+00   -6.4491472E+00   -7.3868267E+00   -1.5642280E+01   -1.4000000E+01   -1.4000001E+01   -3.2017864E+00   -1.4000000E+01   -6.3750382E+00   -3.0000000E+01   -2.4012702E+00   -8.6526571E+00   -9.0212350E+00   -8.8218385E+00   -1.0676607E+01   -1.1666254E+01   -1.9447767E+01   -2.8287701E+01   -8.1273563E+00   -6.4610071E+00   -9.2433846E+00   -1.2193756E+01   -7.1955260E+00   -8.9073529E+00   -5.1858137E+00
    1.0710000E+01    6.3111843E+00   -6.2811966E+00   -3.9999999E+00   -2.9805213E+00   -3.1254007E+00   -4.4996198E+00   -9.6419398E+00   -3.4506393E+00   -2.2971333E+00   -3.8262552E+00   -6.4491541E+00   -7.4074418E+00   -1.5660652E+01   -1.4000000E+01   -1.4000001E+01   -3.1947856E+00   -1.4000000E+01   -6.3819926E+00   -3.0000000E+01   -2.3956039E+00   -8.6540105E+00   -9.0093407E+00   -8.8292163E+00   -1.0691148E+01   -1.1678702E+01   -1.9469962E+01   -2.8308192E+01   -8.1205251E+00   -6.4481177E+00   -9.2526720E+00   -1.2201340E+01   -7.2112273E+00   -8.8899897E+00   -5.1752844E+00
    1.0890000E+01    6.3176522E+00   -6.2875030E+00   -3.9999999E+00   -2.9753781E+00   -3.1199818E+00   -4.5028822E+00   -9.6551051E+00   -3.4575293E+00   -2.2982561E+00   -3.8194116E+00   -6.4491610E+00   -7.4276088E+00   -1.5678581E+01   -1.4000000E+01   -1.4000001E+01   -3.1877900E+00   -1.4000000E+01   -6.3888626E+00   -3.0000000E+01   -2.3900520E+00   -8.6555171E+00   -8.9979114E+00   -8.8366010E+00   -1.0705388E+01   -1.1690850E+01   -1.9491683E+01   -2.8328205E+01   -8.1138529E+00   -6.4355079E+00   -9.2617663E+00   -1.2208726E+01   -7.2265827E+00   -8.8730264E+00   -5.1649958E+00
    1.1070000E+01    6.3239671E+00   -6.2936590E+00   -3.9999999E+00   -2.9703608E+00   -3.1148290E+00   -4.5040974E+00   -9.6682457E+00   -3.4642805E+00   -2.2993328E+00   -3.8126488E+00   -6.4491679E+00   -7.4473410E+00   -1.5696076E+01   -1.4000000E+01   -1.4000001E+01   -3.1807941E+00   -1.4000000E+01   -6.3956505E+00   -3.0000000E+01   -2.3846102E+00   -8.6572835E+00   -8.9870480E+00   -8.8441017E+00   -1.0719337E+01   -1.1702705E+01   -1.9512945E+01   -2.8347749E+01   -8.1073371E+00   -6.4231706E+00   -9.2706739E+00   -1.2215916E+01   -7.2416015E+00   -8.8564488E+00   -5.1549367E+00
    1.1250000E+01    6.3301314E+00   -6.2996672E+00   -3.9999999E+00   -2.9654627E+00   -3.1099482E+00   -4.5023605E+00   -9.6815101E+00   -3.4708979E+00   -2.3003616E+00   -3.8059646E+00   -6.4491747E+00   -7.4666507E+00   -1.5713143E+01   -1.4000000E+01   -1.4000001E+01   -3.1738036E+00   -1.4000000E+01   -6.4023584E+00   -3.0000000E+01   -2.3792743E+00   -8.6594531E+00   -8.9768890E+00   -8.8518644E+00   -1.0733006E+01   -1.1714271E+01   -1.9533760E+01   -2.8366832E+01   -8.1009750E+00   -6.4110993E+00   -9.2794002E+00   -1.2222910E+01   -7.2562918E+00   -8.8402440E+00   -5.1450965E+00
    1.1430000E+01    6.3361471E+00   -6.3055296E+00   -3.9999999E+00   -2.9606775E+00   -3.1053419E+00   -4.4965127E+00   -9.6950857E+00   -3.4773886E+00   -2.3013410E+00   -3.7993569E+00   -6.4491815E+00   -7.4855487E+00   -1.5729790E+01   -1.4000000E+01   -1.4000001E+01   -3.1668362E+00   -1.4000000E+01   -6.4089886E+00   -3.0000000E+01   -2.3740410E+00   -8.6622090E+00   -8.9676136E+00   -8.8600744E+00   -1.0746402E+01   -1.1725552E+01   -1.9554138E+01   -2.8385460E+01   -8.0947648E+00   -6.3992885E+00   -9.2879504E+00   -1.2229710E+01   -7.2706606E+00   -8.8243998E+00   -5.1354652E+00
    1.1610000E+01    6.3420159E+00   -6.3112479E+00   -3.9999999E+00   -2.9559989E+00   -3.1010095E+00   -4.4851897E+00   -9.7091942E+00   -3.4837613E+00   -2.3022693E+00   -3.7928239E+00   -6.4491882E+00   -7.5040446E+00   -1.5746022E+01   -1.4000000E+01   -1.4000001E+01   -3.1599217E+00   -1.4000000E+01   -6.4155430E+00   -3.0000000E+01   -2.3689068E+00   -8.6657690E+00   -8.9594360E+00   -8.8689514E+00   -1.0759534E+01   -1.1736553E+01   -1.9574087E+01   -2.8403636E+01   -8.0887049E+00   -6.3877338E+00   -9.2963286E+00   -1.2236315E+01   -7.2847138E+00   -8.8089051E+00   -5.1260330E+00
    1.1790000E+01    6.3477390E+00   -6.3168235E+00   -3.9999999E+00   -2.9514210E+00   -3.0969482E+00   -4.4669554E+00   -9.7240751E+00   -3.4900267E+00   -2.3031449E+00   -3.7863636E+00   -6.4491948E+00   -7.5221467E+00   -1.5761844E+01   -1.4000000E+01   -1.3999867E+01   -3.1531007E+00   -1.4000000E+01   -6.4220238E+00   -3.0000000E+01   -2.3638691E+00   -8.6703692E+00   -8.9525899E+00   -8.8787332E+00   -1.0772408E+01   -1.1747276E+01   -1.9593482E+01   -2.8421231E+01   -8.0827942E+00   -6.3764315E+00   -9.3045383E+00   -1.2242725E+01   -7.2984566E+00   -8.7937497E+00   -5.1167908E+00
    1.1970000E+01    6.3533176E+00   -6.3222577E+00   -3.9999999E+00   -2.9469379E+00   -3.0931544E+00   -4.4405235E+00   -9.7399564E+00   -3.4961969E+00   -2.3039658E+00   -3.7799741E+00   -6.4492013E+00   -7.5398626E+00   -1.5777261E+01   -1.4000000E+01   -1.3942390E+01   -3.1464231E+00   -1.4000000E+01   -6.4284330E+00   -3.0000000E+01   -2.3589252E+00   -8.6762342E+00   -8.9472979E+00   -8.8896463E+00   -1.0785030E+01   -1.1757724E+01   -1.9555118E+01   -2.8381037E+01   -8.0770319E+00   -6.3653786E+00   -9.3125825E+00   -1.2248939E+01   -7.3118929E+00   -8.7789237E+00   -5.1077296E+00
    1.2150000E+01    6.3587523E+00   -6.3275514E+00   -3.9999999E+00   -2.9425439E+00   -3.0896249E+00   -4.4050341E+00   -9.7570148E+00   -3.5022842E+00   -2.3047303E+00   -3.7736538E+00   -6.4492078E+00   -7.5571987E+00   -1.5792276E+01   -1.4000000E+01   -1.2177681E+01   -3.1399457E+00   -1.4000000E+01   -6.4347723E+00   -3.0000000E+01   -2.3540727E+00   -8.6835377E+00   -8.9437319E+00   -8.9018656E+00   -1.0797405E+01   -1.1767900E+01   -1.7809113E+01   -2.6633169E+01   -8.0714174E+00   -6.3545725E+00   -9.3204633E+00   -1.2254958E+01   -7.3250262E+00   -8.7644182E+00   -5.0988411E+00
    1.2330000E+01    6.3640400E+00   -6.3327017E+00   -3.9999999E+00   -2.9382413E+00   -3.0863592E+00   -4.3603477E+00   -9.7753196E+00   -3.5082951E+00   -2.3054365E+00   -3.7674009E+00   -6.4492141E+00   -7.5740347E+00   -1.5806883E+01   -1.4000000E+01   -9.5203754E+00   -3.1337319E+00   -1.4000000E+01   -6.4410432E+00   -3.0000000E+01   -2.3493133E+00   -8.6923529E+00   -8.9419718E+00   -8.9154625E+00   -1.0809416E+01   -1.1777799E+01   -1.5169976E+01   -2.3992249E+01   -8.0659542E+00   -6.3440194E+00   -9.3280636E+00   -1.2260775E+01   -7.3377363E+00   -8.7502399E+00   -5.0901284E+00
    1.2510000E+01    6.3673805E+00   -6.3359566E+00   -3.9999999E+00   -2.9374836E+00   -3.0841208E+00   -4.3216835E+00   -1.0044689E+01   -3.5118755E+00   -2.3060838E+00   -3.7611778E+00   -6.4492180E+00   -7.4384733E+00   -1.5815306E+01   -1.4000000E+01   -6.8547390E+00   -3.1294114E+00   -1.4000000E+01   -6.4440049E+00   -3.0000000E+01   -2.3465092E+00   -8.9557179E+00   -9.1986557E+00   -9.1818525E+00   -1.0670802E+01   -1.1783242E+01   -1.2369609E+01   -2.1336144E+01   -8.0625043E+00   -6.3375593E+00   -9.1868633E+00   -1.2263836E+01   -7.1997656E+00   -8.7434444E+00   -5.0867844E+00
    1.2690000E+01    6.3706826E+00   -6.3391746E+00   -3.9999999E+00   -2.9367312E+00   -3.0819945E+00   -4.2809772E+00   -1.0060058E+01   -3.5154486E+00   -2.3067224E+00   -3.7552444E+00   -6.4492219E+00   -7.4106159E+00   -1.5824242E+01   -1.4000000E+01   -6.5512017E+00   -3.1252323E+00   -1.4000000E+01   -6.4497101E+00   -3.0000000E+01   -2.3437366E+00   -8.9651470E+00   -9.2014805E+00   -9.1942735E+00   -1.0639925E+01   -1.1789231E+01   -1.2039031E+01   -2.1042632E+01   -8.0590947E+00   -6.3311743E+00   -9.1534282E+00   -1.2267467E+01   -7.1695236E+00   -8.7367222E+00   -5.0834733E+00
    1.2870000E+01    6.3739449E+00   -6.3423544E+00   -3.9999999E+00   -2.9359837E+00   -3.0799803E+00   -4.2385331E+00   -1.0075575E+01   -3.5190181E+00   -2.3073485E+00   -3.7496226E+00   -6.4492257E+00   -7.4095114E+00   -1.5833204E+01   -1.4000000E+01   -6.3723878E+00   -3.1212085E+00   -1.4000000E+01   -6.4553443E+00   -3.0000000E+01   -2.3409932E+00   -8.9747919E+00   -9.2046008E+00   -9.2068760E+00   -1.0635836E+01   -1.1795278E+01   -1.1859916E+01   -2.0873850E+01   -8.0557267E+00   -6.3248639E+00   -9.1468064E+00   -1.2271179E+01   -7.1660570E+00   -8.7300722E+00   -5.0801929E+00
    1.3050000E+01    6.3771684E+00   -6.3454968E+00   -3.9999999E+00   -2.9352411E+00   -3.0780783E+00   -4.1946864E+00   -1.0091338E+01   -3.5225837E+00   -2.3079621E+00   -3.7443006E+00   -6.4492295E+00   -7.4161816E+00   -1.5842106E+01   -1.4000000E+01   -6.2447444E+00   -3.1173530E+00   -1.4000000E+01   -6.4606957E+00   -3.0000000E+01   -2.3382780E+00   -8.9847485E+00   -9.2081105E+00   -9.2197568E+00   -1.0639556E+01   -1.1801297E+01   -1.1739731E+01   -2.0756159E+01   -8.0523994E+00   -6.3186260E+00   -9.1480175E+00   -1.2274884E+01   -7.1703863E+00   -8.7234923E+00   -5.0769417E+00
    1.3230000E+01    6.3803534E+00   -6.3486023E+00   -3.9999999E+00   -2.9345032E+00   -3.0762883E+00   -4.1497904E+00   -1.0107278E+01   -3.5261448E+00   -2.3085625E+00   -3.7392676E+00   -6.4492332E+00   -7.4250485E+00   -1.5850920E+01   -1.4000000E+01   -6.1451929E+00   -3.1136780E+00   -1.4000000E+01   -6.4657577E+00   -3.0000000E+01   -2.3355902E+00   -8.9949467E+00   -9.2119387E+00   -9.2328465E+00   -1.0645506E+01   -1.1807262E+01   -1.1649819E+01   -2.0666453E+01   -8.0491126E+00   -6.3124595E+00   -9.1514819E+00   -1.2278553E+01   -7.1769324E+00   -8.7169810E+00   -5.0737187E+00
    1.3410000E+01    6.3835003E+00   -6.3516713E+00   -3.9999999E+00   -2.9337700E+00   -3.0746104E+00   -4.1042005E+00   -1.0123323E+01   -3.5297009E+00   -2.3091495E+00   -3.7345133E+00   -6.4492369E+00   -7.4343927E+00   -1.5859640E+01   -1.4000000E+01   -6.0634471E+00   -3.1101944E+00   -1.4000000E+01   -6.4705395E+00   -3.0000000E+01   -2.3329290E+00   -9.0053128E+00   -9.2160110E+00   -9.2460716E+00   -1.0651965E+01   -1.1813162E+01   -1.1578176E+01   -2.0594436E+01   -8.0458659E+00   -6.3063637E+00   -9.1554792E+00   -1.2282177E+01   -7.1839753E+00   -8.7105373E+00   -5.0705231E+00
    1.3590000E+01    6.3866092E+00   -6.3547040E+00   -3.9999999E+00   -2.9330413E+00   -3.0730442E+00   -4.0582610E+00   -1.0139398E+01   -3.5332513E+00   -2.3097226E+00   -3.7300280E+00   -6.4492405E+00   -7.4436874E+00   -1.5868262E+01   -1.4000000E+01   -5.9940176E+00   -3.1069116E+00   -1.4000000E+01   -6.4750508E+00   -3.0000000E+01   -2.3302941E+00   -9.0157722E+00   -9.2202526E+00   -9.2593580E+00   -1.0658408E+01   -1.1818995E+01   -1.1518783E+01   -2.0534617E+01   -8.0426592E+00   -6.3003379E+00   -9.1594816E+00   -1.2285753E+01   -7.1909874E+00   -8.7041602E+00   -5.0673541E+00
    1.3770000E+01    6.3896803E+00   -6.3577006E+00   -3.9999999E+00   -2.9323170E+00   -3.0715889E+00   -4.0122952E+00   -1.0155431E+01   -3.5367951E+00   -2.3102814E+00   -3.7258023E+00   -6.4492441E+00   -7.4527772E+00   -1.5876787E+01   -1.4000000E+01   -5.9336263E+00   -3.1038374E+00   -1.4000000E+01   -6.4793010E+00   -3.0000000E+01   -2.3276846E+00   -9.0262524E+00   -9.2245906E+00   -9.2726333E+00   -1.0664678E+01   -1.1824762E+01   -1.1468208E+01   -2.0483717E+01   -8.0394924E+00   -6.2943815E+00   -9.1633329E+00   -1.2289280E+01   -7.1978127E+00   -8.6978488E+00   -5.0642110E+00
    1.3950000E+01    6.3927136E+00   -6.3606610E+00   -3.9999999E+00   -2.9315971E+00   -3.0702436E+00   -3.9665982E+00   -1.0171355E+01   -3.5403316E+00   -2.3108254E+00   -3.7218274E+00   -6.4492476E+00   -7.4616214E+00   -1.5885213E+01   -1.4000000E+01   -5.8801580E+00   -3.1009776E+00   -1.4000000E+01   -6.4832991E+00   -3.0000000E+01   -2.3251003E+00   -9.0366848E+00   -9.2289564E+00   -9.2858292E+00   -1.0670735E+01   -1.1830461E+01   -1.1424295E+01   -2.0439622E+01   -8.0363654E+00   -6.2884939E+00   -9.1669917E+00   -1.2292756E+01   -7.2044097E+00   -8.6916026E+00   -5.0610931E+00
    1.4130000E+01    6.3957093E+00   -6.3635854E+00   -3.9999999E+00   -2.9308814E+00   -3.0690062E+00   -3.9214332E+00   -1.0187104E+01   -3.5438599E+00   -2.3113540E+00   -3.7180948E+00   -6.4492510E+00   -7.4702135E+00   -1.5893543E+01   -1.4000000E+01   -5.8321674E+00   -3.0983356E+00   -1.4000000E+01   -6.4870537E+00   -3.0000000E+01   -2.3225403E+00   -9.0470063E+00   -9.2332865E+00   -9.2988823E+00   -1.0676572E+01   -1.1836094E+01   -1.1385592E+01   -2.0400885E+01   -8.0332782E+00   -6.2826744E+00   -9.1704508E+00   -1.2296182E+01   -7.2107716E+00   -8.6854207E+00   -5.0579998E+00
    1.4310000E+01    6.3986672E+00   -6.3664737E+00   -3.9999999E+00   -2.9301700E+00   -3.0678743E+00   -3.8770298E+00   -1.0202624E+01   -3.5473792E+00   -2.3118668E+00   -3.7145962E+00   -6.4492543E+00   -7.4785569E+00   -1.5901774E+01   -1.4000000E+01   -5.7886234E+00   -3.0959129E+00   -1.4000000E+01   -6.4905732E+00   -3.0000000E+01   -2.3200044E+00   -9.0571597E+00   -9.2375241E+00   -9.3117357E+00   -1.0682192E+01   -1.1841659E+01   -1.1351070E+01   -2.0366476E+01   -8.0302308E+00   -6.2769225E+00   -9.1737134E+00   -1.2299557E+01   -7.2169013E+00   -8.6793028E+00   -5.0549306E+00
    1.4490000E+01    6.4015873E+00   -6.3693259E+00   -3.9999999E+00   -2.9294627E+00   -3.0668443E+00   -3.8335841E+00   -1.0217862E+01   -3.5508886E+00   -2.3123633E+00   -3.7113236E+00   -6.4492577E+00   -7.4866576E+00   -1.5909907E+01   -1.4000000E+01   -5.7487639E+00   -3.0937083E+00   -1.4000000E+01   -6.4938656E+00   -3.0000000E+01   -2.3174918E+00   -9.0670946E+00   -9.2416188E+00   -9.3243386E+00   -1.0687602E+01   -1.1847157E+01   -1.1319976E+01   -2.0335632E+01   -8.0272231E+00   -6.2712377E+00   -9.1767853E+00   -1.2302880E+01   -7.2228045E+00   -8.6732483E+00   -5.0518851E+00
    1.4670000E+01    6.4044695E+00   -6.3721416E+00   -3.9999999E+00   -2.9287596E+00   -3.0659118E+00   -3.7912605E+00   -1.0232774E+01   -3.5543871E+00   -2.3128427E+00   -3.7082693E+00   -6.4492609E+00   -7.4945221E+00   -1.5917940E+01   -1.4000000E+01   -5.7120100E+00   -3.0917185E+00   -1.4000000E+01   -6.4969387E+00   -3.0000000E+01   -2.3150022E+00   -9.0767675E+00   -9.2455273E+00   -9.3366472E+00   -1.0692809E+01   -1.1852586E+01   -1.1291735E+01   -2.0307775E+01   -8.0242554E+00   -6.2656194E+00   -9.1796727E+00   -1.2306150E+01   -7.2284872E+00   -8.6672569E+00   -5.0488627E+00
    1.4850000E+01    6.4073136E+00   -6.3749207E+00   -3.9999999E+00   -2.9280606E+00   -3.0650712E+00   -3.7501932E+00   -1.0247323E+01   -3.5578741E+00   -2.3133045E+00   -3.7054258E+00   -6.4492641E+00   -7.5021565E+00   -1.5925873E+01   -1.4000000E+01   -5.6779110E+00   -3.0899375E+00   -1.4000000E+01   -6.4998001E+00   -3.0000000E+01   -2.3125351E+00   -9.0861413E+00   -9.2492130E+00   -9.3486239E+00   -1.0697818E+01   -1.1857947E+01   -1.1265906E+01   -2.0282452E+01   -8.0213276E+00   -6.2600671E+00   -9.1823818E+00   -1.2309367E+01   -7.2339555E+00   -8.6613284E+00   -5.0458632E+00
    1.5030000E+01    6.4101192E+00   -6.3776629E+00   -3.9999999E+00   -2.9273658E+00   -3.0643158E+00   -3.7104894E+00   -1.0261476E+01   -3.5613486E+00   -2.3137482E+00   -3.7027858E+00   -6.4492672E+00   -7.5095666E+00   -1.5933705E+01   -1.4000000E+01   -5.6461095E+00   -3.0883573E+00   -1.4000000E+01   -6.5024571E+00   -3.0000000E+01   -2.3100899E+00   -9.0951852E+00   -9.2526455E+00   -9.3602375E+00   -1.0702638E+01   -1.1863239E+01   -1.1242135E+01   -2.0259307E+01   -8.0184400E+00   -6.2545803E+00   -9.1849188E+00   -1.2312529E+01   -7.2392150E+00   -8.6554627E+00   -5.0428863E+00
    1.5210000E+01    6.4128862E+00   -6.3803677E+00   -3.9999999E+00   -2.9266751E+00   -3.0636374E+00   -3.6722320E+00   -1.0275208E+01   -3.5648099E+00   -2.3141729E+00   -3.7003423E+00   -6.4492703E+00   -7.5167577E+00   -1.5941432E+01   -1.4000000E+01   -5.6163169E+00   -3.0869676E+00   -1.4000000E+01   -6.5049168E+00   -3.0000000E+01   -2.3076663E+00   -9.1038742E+00   -9.2558006E+00   -9.3714624E+00   -1.0707272E+01   -1.1868460E+01   -1.1220142E+01   -2.0238051E+01   -8.0155928E+00   -6.2491585E+00   -9.1872892E+00   -1.2315635E+01   -7.2442709E+00   -8.6496596E+00   -5.0399316E+00
    1.5390000E+01    6.4156141E+00   -6.3830346E+00   -3.9999999E+00   -2.9259886E+00   -3.0630270E+00   -3.6354818E+00   -1.0288497E+01   -3.5682572E+00   -2.3145781E+00   -3.6980885E+00   -6.4492733E+00   -7.5237348E+00   -1.5949054E+01   -1.4000000E+01   -5.5882969E+00   -3.0857562E+00   -1.4000000E+01   -6.5071861E+00   -3.0000000E+01   -2.3052637E+00   -9.1121889E+00   -9.2586595E+00   -9.3822783E+00   -1.0711727E+01   -1.1873609E+01   -1.1199696E+01   -2.0218445E+01   -8.0127862E+00   -6.2438014E+00   -9.1894986E+00   -1.2318685E+01   -7.2491283E+00   -8.6439194E+00   -5.0369992E+00
    1.5570000E+01    6.4183025E+00   -6.3856631E+00   -3.9999999E+00   -2.9253063E+00   -3.0624739E+00   -3.6002807E+00   -1.0301326E+01   -3.5716897E+00   -2.3149630E+00   -3.6960177E+00   -6.4492763E+00   -7.5305024E+00   -1.5956568E+01   -1.4000000E+01   -5.5618534E+00   -3.0847094E+00   -1.4000000E+01   -6.5092716E+00   -3.0000000E+01   -2.3028817E+00   -9.1201146E+00   -9.2612083E+00   -9.3926698E+00   -1.0716009E+01   -1.1878684E+01   -1.1180607E+01   -2.0200293E+01   -8.0100206E+00   -6.2385084E+00   -9.1915520E+00   -1.2321677E+01   -7.2537917E+00   -8.6382421E+00   -5.0340887E+00
    1.5750000E+01    6.4209509E+00   -6.3882527E+00   -3.9999999E+00   -2.9246281E+00   -3.0619662E+00   -3.5666539E+00   -1.0313684E+01   -3.5751068E+00   -2.3153268E+00   -3.6941237E+00   -6.4492792E+00   -7.5370646E+00   -1.5963971E+01   -1.4000000E+01   -5.5368221E+00   -3.0838125E+00   -1.4000000E+01   -6.5111797E+00   -3.0000000E+01   -2.3005199E+00   -9.1276408E+00   -9.2634377E+00   -9.4026254E+00   -1.0720122E+01   -1.1883685E+01   -1.1162714E+01   -2.0183430E+01   -8.0072961E+00   -6.2332792E+00   -9.1934544E+00   -1.2324609E+01   -7.2582653E+00   -8.6326280E+00   -5.0312002E+00
    1.5930000E+01    6.4235588E+00   -6.3908026E+00   -3.9999999E+00   -2.9239543E+00   -3.0614909E+00   -3.5346121E+00   -1.0325562E+01   -3.5785077E+00   -2.3156688E+00   -3.6924005E+00   -6.4492822E+00   -7.5434251E+00   -1.5971261E+01   -1.4000000E+01   -5.5130636E+00   -3.0830498E+00   -1.4000000E+01   -6.5129164E+00   -3.0000000E+01   -2.2981779E+00   -9.1347610E+00   -9.2653422E+00   -9.4121377E+00   -1.0724070E+01   -1.1888609E+01   -1.1145884E+01   -2.0167716E+01   -8.0046133E+00   -6.2281135E+00   -9.1952103E+00   -1.2327480E+01   -7.2625530E+00   -8.6270773E+00   -5.0283335E+00
    1.6110000E+01    6.4261256E+00   -6.3933121E+00   -3.9999999E+00   -2.9232847E+00   -3.0610333E+00   -3.5041534E+00   -1.0336955E+01   -3.5818918E+00   -2.3159880E+00   -3.6908424E+00   -6.4492851E+00   -7.5495870E+00   -1.5978435E+01   -1.4000000E+01   -5.4904586E+00   -3.0824057E+00   -1.4000000E+01   -6.5144875E+00   -3.0000000E+01   -2.2958552E+00   -9.1414720E+00   -9.2669197E+00   -9.4212024E+00   -1.0727859E+01   -1.1893455E+01   -1.1130002E+01   -2.0153029E+01   -8.0019725E+00   -6.2230110E+00   -9.1968238E+00   -1.2330289E+01   -7.2666581E+00   -8.6215905E+00   -5.0254887E+00
    1.6290000E+01    6.4286506E+00   -6.3957805E+00   -3.9999999E+00   -2.9226195E+00   -3.0605776E+00   -3.4752652E+00   -1.0347859E+01   -3.5852585E+00   -2.3162837E+00   -3.6894440E+00   -6.4492879E+00   -7.5555533E+00   -1.5985489E+01   -1.4000000E+01   -5.4689045E+00   -3.0818649E+00   -1.4000000E+01   -6.5158983E+00   -3.0000000E+01   -2.2935515E+00   -9.1477736E+00   -9.2681712E+00   -9.4298180E+00   -1.0731492E+01   -1.1898221E+01   -1.1114969E+01   -2.0139265E+01   -7.9993743E+00   -6.2179714E+00   -9.1982988E+00   -1.2333033E+01   -7.2705837E+00   -8.6161681E+00   -5.0226656E+00
    1.6470000E+01    6.4311331E+00   -6.3982070E+00   -3.9999999E+00   -2.9219586E+00   -3.0601064E+00   -3.4479259E+00   -1.0358275E+01   -3.5886073E+00   -2.3165549E+00   -3.6882005E+00   -6.4492908E+00   -7.5613263E+00   -1.5992420E+01   -1.4000000E+01   -5.4483122E+00   -3.0814132E+00   -1.4000000E+01   -6.5171539E+00   -3.0000000E+01   -2.2912664E+00   -9.1536676E+00   -9.2691002E+00   -9.4379855E+00   -1.0734972E+01   -1.1902904E+01   -1.1100701E+01   -2.0126335E+01   -7.9968191E+00   -6.2129946E+00   -9.1996387E+00   -1.2335711E+01   -7.2743324E+00   -8.6108104E+00   -5.0198642E+00
    1.6650000E+01    6.4335725E+00   -6.4005906E+00   -3.9999999E+00   -2.9213021E+00   -3.0596011E+00   -3.4221061E+00   -1.0368204E+01   -3.5919374E+00   -2.3168007E+00   -3.6871072E+00   -6.4492937E+00   -7.5669080E+00   -1.5999226E+01   -1.4000000E+01   -5.4286036E+00   -3.0810378E+00   -1.4000000E+01   -6.5182589E+00   -3.0000000E+01   -2.2889996E+00   -9.1591583E+00   -9.2697122E+00   -9.4457076E+00   -1.0738303E+01   -1.1907503E+01   -1.1087121E+01   -2.0114158E+01   -7.9943075E+00   -6.2080804E+00   -9.2008467E+00   -1.2338321E+01   -7.2779065E+00   -8.6055181E+00   -5.0170847E+00
    1.6830000E+01    6.4359679E+00   -6.4029305E+00   -3.9999999E+00   -2.9206501E+00   -3.0590416E+00   -3.3977701E+00   -1.0377649E+01   -3.5952483E+00   -2.3170201E+00   -3.6861600E+00   -6.4492965E+00   -7.5722999E+00   -1.6005902E+01   -1.4000000E+01   -5.4097104E+00   -3.0807282E+00   -1.4000000E+01   -6.5192174E+00   -3.0000000E+01   -2.2867505E+00   -9.1642514E+00   -9.2700144E+00   -9.4529890E+00   -1.0741488E+01   -1.1912015E+01   -1.1074165E+01   -2.0102663E+01   -7.9918402E+00   -6.2032289E+00   -9.2019255E+00   -1.2340862E+01   -7.2813076E+00   -8.6002918E+00   -5.0143268E+00
    1.7010000E+01    6.4383185E+00   -6.4052257E+00   -3.9999999E+00   -2.9200025E+00   -3.0584067E+00   -3.3748772E+00   -1.0386615E+01   -3.5985395E+00   -2.3172121E+00   -3.6853553E+00   -6.4492994E+00   -7.5775033E+00   -1.6012445E+01   -1.4000000E+01   -5.3915719E+00   -3.0804762E+00   -1.4000000E+01   -6.5200331E+00   -3.0000000E+01   -2.2845189E+00   -9.1689538E+00   -9.2700156E+00   -9.4598353E+00   -1.0744528E+01   -1.1916438E+01   -1.1061774E+01   -2.0091789E+01   -7.9894177E+00   -6.1984400E+00   -9.2028772E+00   -1.2343330E+01   -7.2845369E+00   -8.5951321E+00   -5.0115906E+00
    1.7190000E+01    6.4406235E+00   -6.4074753E+00   -3.9999999E+00   -2.9193595E+00   -3.0576738E+00   -3.3533824E+00   -1.0395107E+01   -3.6018105E+00   -2.3173755E+00   -3.6846900E+00   -6.4493023E+00   -7.5825186E+00   -1.6018852E+01   -1.4000000E+01   -5.3741345E+00   -3.0802767E+00   -1.4000000E+01   -6.5207092E+00   -3.0000000E+01   -2.2823044E+00   -9.1732734E+00   -9.2697253E+00   -9.4662532E+00   -1.0747426E+01   -1.1920771E+01   -1.1049896E+01   -2.0081479E+01   -7.9870410E+00   -6.1937138E+00   -9.2037036E+00   -1.2345725E+01   -7.2875954E+00   -8.5900396E+00   -5.0088760E+00
    1.7370000E+01    6.4428819E+00   -6.4096783E+00   -3.9999999E+00   -2.9187209E+00   -3.0568197E+00   -3.3332379E+00   -1.0403132E+01   -3.6050607E+00   -2.3175093E+00   -3.6841614E+00   -6.4493052E+00   -7.5873461E+00   -1.6025118E+01   -1.4000000E+01   -5.3573501E+00   -3.0801274E+00   -1.4000000E+01   -6.5212484E+00   -3.0000000E+01   -2.2801067E+00   -9.1772190E+00   -9.2691540E+00   -9.4722501E+00   -1.0750183E+01   -1.1925010E+01   -1.1038484E+01   -2.0071683E+01   -7.9847106E+00   -6.1890506E+00   -9.2044062E+00   -1.2348043E+01   -7.2904833E+00   -8.5850150E+00   -5.0061829E+00
    1.7550000E+01    6.4450928E+00   -6.4118336E+00   -3.9999999E+00   -2.9180868E+00   -3.0558204E+00   -3.3143936E+00   -1.0410695E+01   -3.6082897E+00   -2.3176123E+00   -3.6837675E+00   -6.4493081E+00   -7.5919856E+00   -1.6031241E+01   -1.4000000E+01   -5.3411759E+00   -3.0800290E+00   -1.4000000E+01   -6.5216528E+00   -3.0000000E+01   -2.2779254E+00   -9.1807994E+00   -9.2683126E+00   -9.4778338E+00   -1.0752800E+01   -1.1929153E+01   -1.1027496E+01   -2.0062356E+01   -7.9824275E+00   -6.1844506E+00   -9.2049856E+00   -1.2350284E+01   -7.2932004E+00   -8.5800591E+00   -5.0035113E+00
    1.7730000E+01    6.4472553E+00   -6.4139402E+00   -3.9999999E+00   -2.9174572E+00   -3.0546516E+00   -3.2967983E+00   -1.0417803E+01   -3.6114969E+00   -2.3176832E+00   -3.6835067E+00   -6.4493110E+00   -7.5964362E+00   -1.6037217E+01   -1.4000000E+01   -5.3255732E+00   -3.0799853E+00   -1.4000000E+01   -6.5219240E+00   -3.0000000E+01   -2.2757602E+00   -9.1840241E+00   -9.2672124E+00   -9.4830122E+00   -1.0755278E+01   -1.1933198E+01   -1.1016894E+01   -2.0053457E+01   -7.9801925E+00   -6.1799142E+00   -9.2054424E+00   -1.2352443E+01   -7.2957459E+00   -8.5751726E+00   -5.0008610E+00
    1.7910000E+01    6.4493638E+00   -6.4159927E+00   -3.9999999E+00   -2.9168335E+00   -3.0532936E+00   -3.2804320E+00   -1.0424451E+01   -3.6146752E+00   -2.3177208E+00   -3.6833779E+00   -6.4493140E+00   -7.6006882E+00   -1.6043028E+01   -1.4000000E+01   -5.3105390E+00   -3.0800021E+00   -1.4000000E+01   -6.5220631E+00   -3.0000000E+01   -2.2736153E+00   -9.1868968E+00   -9.2658681E+00   -9.4877838E+00   -1.0757611E+01   -1.1937135E+01   -1.1006663E+01   -2.0044964E+01   -7.9780111E+00   -6.1754513E+00   -9.2057760E+00   -1.2354515E+01   -7.2981140E+00   -8.5703665E+00   -4.9982373E+00
