# Time          5.0000E+01
# Units: Log10 mol/kgw
    Distance      pH               H+               Li+              Na+              Ca++             K+               Al+++            SiO2(aq)         CO2(aq)          O2(aq)           Methane(aq)      Fe++             Fe+++            HS-              SO4--            Mg++             Cl-              CH2O             Tracer           HCO3-            Al(OH)2+         AlO2-            AlOH++           FeOH+            FeOH++           FeSO4(aq)        FeSO4+           OH-              CO3--            FeCO3(aq)        FeCO3+           FeHCO3+          NaCO3-           NaHCO3(aq)   
    9.0000000E-02    5.8612857E+00   -5.8536366E+00   -3.9999999E+00   -4.6538249E+00   -4.8649239E+00   -4.9291263E+00   -7.1995277E+00   -4.4316669E+00   -2.9696498E+00   -3.4741748E+00   -6.4486773E+00   -7.2060322E+00   -1.4396156E+01   -1.4000000E+01   -1.4000004E+01   -5.0482119E+00   -1.4000000E+01   -4.7048136E+00   -3.0000000E+01   -3.5439769E+00   -6.9341805E+00   -8.1893078E+00   -6.7350595E+00   -1.0867994E+01   -1.0762461E+01   -1.9068567E+01   -2.6764096E+01   -8.5962193E+00   -8.1219608E+00   -1.0526488E+01   -1.2332455E+01   -8.0611024E+00   -1.2136119E+01   -7.9455577E+00
    2.7000000E-01    5.9307652E+00   -5.9220665E+00   -3.9999999E+00   -4.4210997E+00   -4.6098920E+00   -4.6473875E+00   -7.6922601E+00   -4.1754531E+00   -2.9550958E+00   -3.4927958E+00   -6.4486836E+00   -7.2031688E+00   -1.4712248E+01   -1.4000000E+01   -1.4000003E+01   -4.7940046E+00   -1.4000000E+01   -6.0590213E+00   -3.0000000E+01   -3.4588272E+00   -7.2963172E+00   -8.4124855E+00   -7.1633659E+00   -1.0798889E+01   -1.1014127E+01   -1.9074500E+01   -2.7092994E+01   -8.5256255E+00   -7.9640219E+00   -1.0374458E+01   -1.2503389E+01   -7.9774356E+00   -1.1749873E+01   -7.6299073E+00
    4.5000000E-01    5.9809393E+00   -5.9713854E+00   -3.9999999E+00   -4.2840762E+00   -4.4666090E+00   -4.4506909E+00   -8.0067339E+00   -4.0376846E+00   -2.9390001E+00   -3.5122195E+00   -6.4486894E+00   -7.2518966E+00   -1.4854935E+01   -1.4000000E+01   -1.4000003E+01   -4.6535852E+00   -1.4000000E+01   -6.7930859E+00   -3.0000000E+01   -3.3916412E+00   -7.5172542E+00   -8.5330744E+00   -7.4317641E+00   -1.0800090E+01   -1.1110739E+01   -1.9130435E+01   -2.7246136E+01   -8.4745370E+00   -7.8439490E+00   -1.0310297E+01   -1.2536437E+01   -7.9625332E+00   -1.1496398E+01   -7.4275227E+00
    6.3000000E-01    6.0174685E+00   -6.0071812E+00   -3.9999999E+00   -4.1874287E+00   -4.3658246E+00   -4.3108511E+00   -8.2285292E+00   -3.9470986E+00   -2.9207760E+00   -3.5326130E+00   -6.4486948E+00   -7.3031223E+00   -1.4957901E+01   -1.4000000E+01   -1.4000003E+01   -4.5553922E+00   -1.4000000E+01   -6.8573906E+00   -3.0000000E+01   -3.3360973E+00   -7.6718304E+00   -8.6145921E+00   -7.6205313E+00   -1.0817063E+01   -1.1180676E+01   -1.9187870E+01   -2.7358083E+01   -8.4372189E+00   -7.7495377E+00   -1.0273301E+01   -1.2553952E+01   -7.9612750E+00   -1.1308462E+01   -7.2769056E+00
    8.1000000E-01    6.0439898E+00   -6.0330504E+00   -3.9999999E+00   -4.1126805E+00   -4.2863564E+00   -4.2079181E+00   -8.3924726E+00   -3.8814091E+00   -2.9004917E+00   -3.5540765E+00   -6.4487000E+00   -7.3408886E+00   -1.5031605E+01   -1.4000000E+01   -1.4000002E+01   -4.4780760E+00   -1.4000000E+01   -6.8395853E+00   -3.0000000E+01   -3.2885849E+00   -7.7879211E+00   -8.6776402E+00   -7.7610554E+00   -1.0830337E+01   -1.1230961E+01   -1.9231180E+01   -2.7439785E+01   -8.4099925E+00   -7.6734161E+00   -1.0240469E+01   -1.2559512E+01   -7.9542578E+00   -1.1160380E+01   -7.1560518E+00
    9.9000000E-01    6.0628087E+00   -6.0512747E+00   -3.9999999E+00   -4.0514643E+00   -4.2195718E+00   -4.1291402E+00   -8.5149244E+00   -3.8305604E+00   -2.8782389E+00   -3.5767228E+00   -6.4487050E+00   -7.3623545E+00   -1.5082719E+01   -1.4000000E+01   -1.4000002E+01   -4.4130359E+00   -1.4000000E+01   -6.8170643E+00   -3.0000000E+01   -3.2468657E+00   -7.8774660E+00   -8.7295474E+00   -7.8675079E+00   -1.0834838E+01   -1.1266076E+01   -1.9257719E+01   -2.7498202E+01   -8.3905276E+00   -7.6109667E+00   -1.0204539E+01   -1.2555460E+01   -7.9364995E+00   -1.1039266E+01   -7.0544050E+00
    1.1700000E+00    6.0754327E+00   -6.0633471E+00   -3.9999999E+00   -3.9993071E+00   -4.1613467E+00   -4.0667764E+00   -8.6063219E+00   -3.7894767E+00   -2.8541116E+00   -3.6006843E+00   -6.4487100E+00   -7.3690237E+00   -1.5115631E+01   -1.4000000E+01   -1.4000002E+01   -4.3562003E+00   -1.4000000E+01   -6.7931194E+00   -3.0000000E+01   -3.2095108E+00   -7.9480032E+00   -8.7748367E+00   -7.9488895E+00   -1.0830607E+01   -1.1288972E+01   -1.9269111E+01   -2.7537897E+01   -8.3773018E+00   -7.5592083E+00   -1.0164154E+01   -1.2543378E+01   -7.9081344E+00   -1.0937727E+01   -6.9660936E+00
    1.3500000E+00    6.0829295E+00   -6.0703256E+00   -3.9999999E+00   -3.9535525E+00   -4.1094157E+00   -4.0158919E+00   -8.6729414E+00   -3.7551636E+00   -2.8282073E+00   -3.6261174E+00   -6.4487149E+00   -7.3631544E+00   -1.5133458E+01   -1.4000000E+01   -1.4000002E+01   -4.3053574E+00   -1.4000000E+01   -6.7677364E+00   -3.0000000E+01   -3.1755401E+00   -8.0037511E+00   -8.8155909E+00   -8.0104563E+00   -1.0818863E+01   -1.1301746E+01   -1.9267694E+01   -2.7562106E+01   -8.3692371E+00   -7.5160628E+00   -1.0119572E+01   -1.2524422E+01   -7.8704800E+00   -1.0851068E+01   -6.8875008E+00
    1.5300000E+00    6.0860928E+00   -6.0729970E+00   -3.9999999E+00   -3.9125014E+00   -4.0623710E+00   -3.9732898E+00   -8.7191890E+00   -3.7257120E+00   -2.8006271E+00   -3.6532086E+00   -6.4487199E+00   -7.3466861E+00   -1.5138520E+01   -1.4000000E+01   -1.4000002E+01   -4.2591472E+00   -1.4000000E+01   -6.7407373E+00   -3.0000000E+01   -3.1442540E+00   -8.0475832E+00   -8.8530964E+00   -8.0558541E+00   -1.0800774E+01   -1.1305958E+01   -1.9255463E+01   -2.7573231E+01   -8.3655327E+00   -7.4800158E+00   -1.0071276E+01   -1.2499482E+01   -7.8248045E+00   -1.0776104E+01   -6.8162426E+00
    1.7100000E+00    6.0855369E+00   -6.0719705E+00   -3.9999999E+00   -3.8750056E+00   -4.0192519E+00   -3.9368527E+00   -8.7483463E+00   -3.6998318E+00   -2.7714755E+00   -3.6821828E+00   -6.4487248E+00   -7.3211067E+00   -1.5132616E+01   -1.4000000E+01   -1.4000002E+01   -4.2166481E+00   -1.4000000E+01   -6.7118978E+00   -3.0000000E+01   -3.1151371E+00   -8.0815932E+00   -8.8882182E+00   -8.0877751E+00   -1.0777229E+01   -1.1302818E+01   -1.9233950E+01   -2.7573136E+01   -8.3655692E+00   -7.4499217E+00   -1.0019650E+01   -1.2469273E+01   -7.7721013E+00   -1.0710562E+01   -6.7506658E+00
    1.8900000E+00    6.0817650E+00   -6.0677450E+00   -3.9999999E+00   -3.8401581E+00   -3.9793324E+00   -3.9053757E+00   -8.7631208E+00   -3.6765014E+00   -2.7408588E+00   -3.7133142E+00   -6.4487298E+00   -7.2876682E+00   -1.5117220E+01   -1.4000000E+01   -1.4000003E+01   -4.1770475E+00   -1.4000000E+01   -6.6705697E+00   -3.0000000E+01   -3.0877880E+00   -8.1075166E+00   -8.9216854E+00   -8.1084444E+00   -1.0748990E+01   -1.1293317E+01   -1.9204442E+01   -2.7563343E+01   -8.3688385E+00   -7.4248624E+00   -9.9650637E+00   -1.2434403E+01   -7.7132389E+00   -1.0652635E+01   -6.6894713E+00
    2.0700000E+00    6.0769568E+00   -6.0624481E+00   -3.9999999E+00   -3.7939123E+00   -3.9391205E+00   -3.9120975E+00   -8.6898498E+00   -3.6383878E+00   -2.7090848E+00   -3.7467178E+00   -6.4487357E+00   -7.2866524E+00   -1.5098695E+01   -1.4000000E+01   -1.4000002E+01   -4.1198106E+00   -1.4000000E+01   -4.9007428E+00   -3.0000000E+01   -3.0602768E+00   -8.0477455E+00   -8.8715307E+00   -8.0422634E+00   -1.0754323E+01   -1.1281882E+01   -1.9207673E+01   -2.7550863E+01   -8.3731033E+00   -7.4005575E+00   -9.9439688E+00   -1.2397597E+01   -7.6867904E+00   -1.0584224E+01   -6.6167977E+00
    2.2500000E+00    6.0730718E+00   -6.0580943E+00   -3.9999999E+00   -3.7518309E+00   -3.9021860E+00   -3.9193527E+00   -8.7154407E+00   -3.6049169E+00   -2.6798271E+00   -3.7813005E+00   -6.4487416E+00   -7.2612482E+00   -1.5082848E+01   -1.4000000E+01   -1.4000003E+01   -4.0692940E+00   -1.4000000E+01   -4.8411690E+00   -3.0000000E+01   -3.0343788E+00   -8.0848312E+00   -8.9163864E+00   -8.0739226E+00   -1.0734284E+01   -1.1272103E+01   -1.9186355E+01   -2.7540821E+01   -8.3764650E+00   -7.3770031E+00   -9.8990752E+00   -1.2363979E+01   -7.6374865E+00   -1.0520648E+01   -6.5498615E+00
    2.4300000E+00    6.0699980E+00   -6.0545696E+00   -3.9999999E+00   -3.7132727E+00   -3.8680494E+00   -3.9271079E+00   -8.7394467E+00   -3.5752756E+00   -2.6528079E+00   -3.8172976E+00   -6.4487475E+00   -7.2272149E+00   -1.5069571E+01   -1.4000000E+01   -1.4000003E+01   -4.0240948E+00   -1.4000000E+01   -4.8038179E+00   -3.0000000E+01   -3.0099267E+00   -8.1185653E+00   -8.9562681E+00   -8.1030965E+00   -1.0704750E+01   -1.1263994E+01   -1.9156261E+01   -2.7533132E+01   -8.3790340E+00   -7.3541384E+00   -9.8460956E+00   -1.2333404E+01   -7.5809263E+00   -1.0461211E+01   -6.4878575E+00
    2.6100000E+00    6.0676361E+00   -6.0517736E+00   -3.9999999E+00   -3.6777367E+00   -3.8363309E+00   -3.9353361E+00   -8.7621253E+00   -3.5488564E+00   -2.6277895E+00   -3.8548150E+00   -6.4487535E+00   -7.1901563E+00   -1.5058572E+01   -1.4000000E+01   -1.4000003E+01   -3.9832099E+00   -1.4000000E+01   -4.7664910E+00   -3.0000000E+01   -2.9867801E+00   -8.1494154E+00   -8.9918420E+00   -8.1301490E+00   -1.0671428E+01   -1.1257368E+01   -1.9123007E+01   -2.7527519E+01   -8.3809080E+00   -7.3319180E+00   -9.7906002E+00   -1.2305550E+01   -7.5225790E+00   -1.0405373E+01   -6.4301476E+00
    2.7900000E+00    6.0659034E+00   -6.0496221E+00   -3.9999999E+00   -3.6448229E+00   -3.8067232E+00   -3.9440144E+00   -8.7837102E+00   -3.5251868E+00   -2.6045690E+00   -3.8939769E+00   -6.4487595E+00   -7.1519822E+00   -1.5049595E+01   -1.4000000E+01   -1.4000003E+01   -3.9458959E+00   -1.4000000E+01   -4.7276974E+00   -3.0000000E+01   -2.9648180E+00   -8.1777911E+00   -9.0236830E+00   -8.1554032E+00   -1.0636316E+01   -1.1252061E+01   -1.9088513E+01   -2.7523745E+01   -8.3821684E+00   -7.3102997E+00   -9.7344667E+00   -1.2280137E+01   -7.4642385E+00   -1.0352697E+01   -6.3762130E+00
    2.9700000E+00    6.0647383E+00   -6.0480524E+00   -3.9999999E+00   -3.6142071E+00   -3.7789747E+00   -3.9531235E+00   -8.8044070E+00   -3.5038922E+00   -2.5829808E+00   -3.9349226E+00   -6.4487654E+00   -7.1133145E+00   -1.5042450E+01   -1.4000000E+01   -1.4000004E+01   -3.9115870E+00   -1.4000000E+01   -4.6872170E+00   -3.0000000E+01   -2.9439351E+00   -8.2040300E+00   -9.0522521E+00   -8.1791317E+00   -1.0600099E+01   -1.1247948E+01   -1.9053409E+01   -2.7521630E+01   -8.3828758E+00   -7.2892366E+00   -9.6782789E+00   -1.2256938E+01   -7.4064260E+00   -1.0302816E+01   -6.3256265E+00
    3.1500000E+00    6.0640959E+00   -6.0470186E+00   -3.9999999E+00   -3.5856231E+00   -3.7528767E+00   -3.9626467E+00   -8.8244023E+00   -3.4846712E+00   -2.5628893E+00   -3.9778092E+00   -6.4487714E+00   -7.0743238E+00   -1.5036993E+01   -1.4000000E+01   -1.4000004E+01   -3.8798424E+00   -1.4000000E+01   -4.6449050E+00   -3.0000000E+01   -2.9240399E+00   -8.2284167E+00   -9.0779236E+00   -8.2015711E+00   -1.0562996E+01   -1.1244935E+01   -1.9017875E+01   -2.7521044E+01   -8.3830742E+00   -7.2686791E+00   -9.6221658E+00   -1.2235773E+01   -7.3492242E+00   -1.0255418E+01   -6.2780322E+00
    3.3300000E+00    6.0639442E+00   -6.0464880E+00   -3.9999999E+00   -3.5588495E+00   -3.7282544E+00   -3.9725700E+00   -8.8438694E+00   -3.4672782E+00   -2.5441834E+00   -4.0228139E+00   -6.4487774E+00   -7.0350238E+00   -1.5033121E+01   -1.4000000E+01   -1.4000004E+01   -3.8503123E+00   -1.4000000E+01   -4.6006083E+00   -3.0000000E+01   -2.9050522E+00   -8.2511949E+00   -9.1010051E+00   -8.2229310E+00   -1.0525055E+01   -1.1242956E+01   -1.8981929E+01   -2.7521894E+01   -8.3827945E+00   -7.2485763E+00   -9.5660971E+00   -1.2216500E+01   -7.2925704E+00   -1.0210234E+01   -6.2331307E+00
    3.5100000E+00    6.0642620E+00   -6.0464383E+00   -3.9999999E+00   -3.5337012E+00   -3.7049598E+00   -3.9828809E+00   -8.8629715E+00   -3.4515110E+00   -2.5267723E+00   -4.0701377E+00   -6.4487835E+00   -6.9953778E+00   -1.5030764E+01   -1.4000000E+01   -1.4000005E+01   -3.8227149E+00   -1.4000000E+01   -4.5541587E+00   -3.0000000E+01   -2.8869019E+00   -8.2725768E+00   -9.1217515E+00   -8.2433997E+00   -1.0486264E+01   -1.1241966E+01   -1.8945543E+01   -2.7524118E+01   -8.3820573E+00   -7.2288772E+00   -9.5099910E+00   -1.2199004E+01   -7.2363605E+00   -1.0167032E+01   -6.1906677E+00
    3.6900000E+00    6.0650364E+00   -6.0468563E+00   -3.9999999E+00   -3.5100211E+00   -3.6828671E+00   -3.9935690E+00   -8.8818651E+00   -3.4372014E+00   -2.5105819E+00   -4.1200090E+00   -6.4487895E+00   -6.9553392E+00   -1.5029878E+01   -1.4000000E+01   -1.4000005E+01   -3.7968196E+00   -1.4000000E+01   -4.5053708E+00   -3.0000000E+01   -2.8695269E+00   -8.2927497E+00   -9.1403756E+00   -8.2631498E+00   -1.0446590E+01   -1.1241936E+01   -1.8908674E+01   -2.7527681E+01   -8.3808748E+00   -7.2095306E+00   -9.4537549E+00   -1.2183200E+01   -7.1804887E+00   -1.0125605E+01   -6.1504258E+00
    3.8700000E+00    6.0662620E+00   -6.0477357E+00   -3.9999999E+00   -3.4876758E+00   -3.6618681E+00   -4.0046247E+00   -8.9007021E+00   -3.4242084E+00   -2.4955527E+00   -4.1726887E+00   -6.4487955E+00   -6.9148665E+00   -1.5030442E+01   -1.4000000E+01   -1.4000006E+01   -3.7724359E+00   -1.4000000E+01   -4.4540412E+00   -3.0000000E+01   -2.8528725E+00   -8.3118814E+00   -9.1570561E+00   -8.2823419E+00   -1.0405999E+01   -1.1242855E+01   -1.8871286E+01   -2.7532569E+01   -8.3792519E+00   -7.1904854E+00   -9.3973015E+00   -1.2169022E+01   -7.1248614E+00   -1.0085772E+01   -6.1122178E+00
    4.0500000E+00    6.0679394E+00   -6.0490768E+00   -3.9999999E+00   -3.4665504E+00   -3.6418693E+00   -4.0160397E+00   -8.9196316E+00   -3.4124132E+00   -2.4816372E+00   -4.2284752E+00   -6.4488015E+00   -6.8739313E+00   -1.5032453E+01   -1.4000000E+01   -1.4000006E+01   -3.7494042E+00   -1.4000000E+01   -4.3999478E+00   -3.0000000E+01   -2.8368904E+00   -8.3301239E+00   -9.1719439E+00   -8.3011270E+00   -1.0364463E+01   -1.1244721E+01   -1.8833355E+01   -2.7538785E+01   -8.3771874E+00   -7.1716911E+00   -9.3405554E+00   -1.2156423E+01   -7.0694034E+00   -1.0047369E+01   -6.0758816E+00
    4.2300000E+00    6.0700746E+00   -6.0508849E+00   -3.9999999E+00   -3.4465461E+00   -3.6227895E+00   -4.0278061E+00   -8.9388013E+00   -3.4017151E+00   -2.4687987E+00   -4.2877116E+00   -6.4488075E+00   -6.8325211E+00   -1.5035925E+01   -1.4000000E+01   -1.4000007E+01   -3.7275901E+00   -1.4000000E+01   -4.3428510E+00   -3.0000000E+01   -2.8215372E+00   -8.3476167E+00   -9.1851663E+00   -8.3196492E+00   -1.0321967E+01   -1.1247546E+01   -1.8794872E+01   -2.7546348E+01   -8.3746748E+00   -7.1530970E+00   -9.2834575E+00   -1.2145372E+01   -7.0140612E+00   -1.0010249E+01   -6.0412760E+00
    4.4100000E+00    6.0726781E+00   -6.0531704E+00   -3.9999999E+00   -3.4275769E+00   -3.6045578E+00   -4.0399167E+00   -8.9583582E+00   -3.3920284E+00   -2.4570099E+00   -4.3507930E+00   -6.4488135E+00   -6.7906424E+00   -1.5040886E+01   -1.4000000E+01   -1.4000007E+01   -3.7068791E+00   -1.4000000E+01   -4.2824965E+00   -3.0000000E+01   -2.8067746E+00   -8.3644890E+00   -9.1968315E+00   -8.3380471E+00   -1.0278506E+01   -1.1251348E+01   -1.8755846E+01   -2.7555294E+01   -8.3717032E+00   -7.1346529E+00   -9.2259673E+00   -1.2135853E+01   -6.9588043E+00   -9.9742769E+00   -6.0082775E+00
    4.5900000E+00    6.0757647E+00   -6.0559474E+00   -3.9999999E+00   -3.4095681E+00   -3.5871121E+00   -4.0523641E+00   -8.9784494E+00   -3.3832798E+00   -2.4462513E+00   -4.4181753E+00   -6.4488195E+00   -6.7483230E+00   -1.5047378E+01   -1.4000000E+01   -1.4000008E+01   -3.6871732E+00   -1.4000000E+01   -4.2186211E+00   -3.0000000E+01   -2.7925682E+00   -8.3808616E+00   -9.2070309E+00   -8.3564549E+00   -1.0234095E+01   -1.1256157E+01   -1.8716308E+01   -2.7565665E+01   -8.3682575E+00   -7.1163087E+00   -9.1680655E+00   -1.2127861E+01   -6.9036278E+00   -9.9393293E+00   -5.9767776E+00
    4.7700000E+00    6.0793521E+00   -6.0592334E+00   -3.9999999E+00   -3.3924541E+00   -3.5703974E+00   -4.0651414E+00   -8.9992211E+00   -3.3754069E+00   -2.4365103E+00   -4.4903854E+00   -6.4488255E+00   -6.7056150E+00   -1.5055451E+01   -1.4000000E+01   -1.4000009E+01   -3.6683879E+00   -1.4000000E+01   -4.1509636E+00   -3.0000000E+01   -2.7788873E+00   -8.3968476E+00   -9.2158422E+00   -8.3750029E+00   -1.0188770E+01   -1.1262006E+01   -1.8676314E+01   -2.7577519E+01   -8.3643198E+00   -7.0980149E+00   -9.1097571E+00   -1.2121400E+01   -6.8485543E+00   -9.9052924E+00   -5.9466807E+00
    4.9500000E+00    6.0834605E+00   -6.0630483E+00   -3.9999999E+00   -3.3761771E+00   -3.5543653E+00   -4.0782410E+00   -9.0208175E+00   -3.3683558E+00   -2.4277799E+00   -4.5680321E+00   -6.4488315E+00   -6.6625972E+00   -1.5065164E+01   -1.4000000E+01   -1.4000010E+01   -3.6504498E+00   -1.4000000E+01   -4.0792836E+00   -3.0000000E+01   -2.7657043E+00   -8.4125535E+00   -9.2233312E+00   -8.3938166E+00   -1.0142589E+01   -1.1268936E+01   -1.8635944E+01   -2.7590915E+01   -8.3598693E+00   -7.0797229E+00   -9.0510746E+00   -1.2116485E+01   -6.7936360E+00   -9.8720610E+00   -5.9179020E+00
    5.1300000E+00    6.0881113E+00   -6.0674133E+00   -3.9999999E+00   -3.3606861E+00   -3.5389728E+00   -4.0916552E+00   -9.0433780E+00   -3.3620806E+00   -2.4200566E+00   -4.6518169E+00   -6.4488374E+00   -6.6193780E+00   -1.5076577E+01   -1.4000000E+01   -1.4000011E+01   -3.6332949E+00   -1.4000000E+01   -4.0033900E+00   -3.0000000E+01   -2.7529942E+00   -8.4280779E+00   -9.2295540E+00   -8.4130154E+00   -1.0095641E+01   -1.1276988E+01   -1.8595308E+01   -2.7605920E+01   -8.3548847E+00   -7.0613856E+00   -8.9920815E+00   -1.2113132E+01   -6.7389577E+00   -9.8395382E+00   -5.8903660E+00
    5.3100000E+00    6.0933254E+00   -6.0723490E+00   -3.9999999E+00   -3.3459358E+00   -3.5241814E+00   -4.1053759E+00   -9.0670328E+00   -3.3565413E+00   -2.4133393E+00   -4.7425438E+00   -6.4488433E+00   -6.5760979E+00   -1.5089753E+01   -1.4000000E+01   -1.4000012E+01   -3.6168671E+00   -1.4000000E+01   -3.9231838E+00   -3.0000000E+01   -2.7407346E+00   -8.4435109E+00   -9.2345588E+00   -8.4327096E+00   -1.0048045E+01   -1.1286203E+01   -1.8554548E+01   -2.7622596E+01   -8.3493446E+00   -7.0429590E+00   -8.9328759E+00   -1.2111362E+01   -6.6846380E+00   -9.8076354E+00   -5.8640054E+00
    5.4900000E+00    6.0991211E+00   -6.0778735E+00   -3.9999999E+00   -3.3318854E+00   -3.5099566E+00   -4.1193941E+00   -9.0918954E+00   -3.3517033E+00   -2.4076260E+00   -4.8411260E+00   -6.4488492E+00   -6.5329302E+00   -1.5104743E+01   -1.4000000E+01   -1.4000013E+01   -3.6011170E+00   -1.4000000E+01   -3.8387172E+00   -3.0000000E+01   -2.7289053E+00   -8.4589312E+00   -9.2383877E+00   -8.4529957E+00   -9.9999586E+00   -1.1296616E+01   -1.8513841E+01   -2.7640998E+01   -8.3432306E+00   -7.0244040E+00   -8.8735934E+00   -1.2111189E+01   -6.6308309E+00   -9.7762734E+00   -5.8387595E+00
    5.6700000E+00    6.1055110E+00   -6.0839992E+00   -3.9999999E+00   -3.3184982E+00   -3.4962675E+00   -4.1337008E+00   -9.1180529E+00   -3.3475362E+00   -2.4029109E+00   -4.9485858E+00   -6.4488551E+00   -6.4900810E+00   -1.5121583E+01   -1.4000000E+01   -1.4000014E+01   -3.5860007E+00   -1.4000000E+01   -3.7502667E+00   -3.0000000E+01   -2.7174874E+00   -8.4744023E+00   -9.2410790E+00   -8.4739491E+00   -9.9515742E+00   -1.1308252E+01   -1.8473393E+01   -2.7661165E+01   -8.3365301E+00   -7.0056886E+00   -8.8144100E+00   -1.2112620E+01   -6.5777246E+00   -9.7453844E+00   -5.8145732E+00
    5.8500000E+00    6.1124983E+00   -6.0907291E+00   -3.9999999E+00   -3.3057404E+00   -3.4830859E+00   -4.1482861E+00   -9.1455531E+00   -3.3440125E+00   -2.3991799E+00   -5.0660417E+00   -6.4488609E+00   -6.4477857E+00   -1.5140278E+01   -1.4000000E+01   -1.4000016E+01   -3.5714790E+00   -1.4000000E+01   -3.6584120E+00   -3.0000000E+01   -2.7064638E+00   -8.4899671E+00   -9.2426693E+00   -8.4956155E+00   -9.9031253E+00   -1.1321114E+01   -1.8433440E+01   -2.7683103E+01   -8.3292395E+00   -6.9867921E+00   -8.7555415E+00   -1.2115643E+01   -6.5255379E+00   -9.7149144E+00   -5.7913959E+00
    6.0300000E+00    6.1200719E+00   -6.0980520E+00   -3.9999999E+00   -3.2935806E+00   -3.4703859E+00   -4.1631406E+00   -9.1743884E+00   -3.3411066E+00   -2.3964063E+00   -5.1946805E+00   -6.4488667E+00   -6.4063022E+00   -1.5160793E+01   -1.4000000E+01   -1.4000017E+01   -3.5575163E+00   -1.4000000E+01   -3.5640986E+00   -3.0000000E+01   -2.6958184E+00   -8.5056413E+00   -9.2431962E+00   -8.5179991E+00   -9.8548808E+00   -1.1335177E+01   -1.8394243E+01   -2.7706780E+01   -8.3213698E+00   -6.9677087E+00   -8.6972412E+00   -1.2120216E+01   -6.4745130E+00   -9.6848269E+00   -5.7691802E+00
    6.2100000E+00    6.1282025E+00   -6.1059384E+00   -3.9999999E+00   -3.2819889E+00   -3.4581433E+00   -4.1782549E+00   -9.2044807E+00   -3.3387937E+00   -2.3945453E+00   -5.3357061E+00   -6.4488724E+00   -6.3658986E+00   -1.5183037E+01   -1.4000000E+01   -1.4000019E+01   -3.5440806E+00   -1.4000000E+01   -3.4686517E+00   -3.0000000E+01   -2.6855357E+00   -8.5214069E+00   -9.2427006E+00   -8.5410520E+00   -9.8071389E+00   -1.1350381E+01   -1.8356070E+01   -2.7732105E+01   -8.3129503E+00   -6.9484522E+00   -8.6397921E+00   -1.2126265E+01   -6.4249035E+00   -9.6551062E+00   -5.7478812E+00
    6.3900000E+00    6.1368384E+00   -6.1143364E+00   -3.9999999E+00   -3.2709363E+00   -3.4463357E+00   -4.1936208E+00   -9.2356684E+00   -3.3370485E+00   -2.3935304E+00   -5.4902686E+00   -6.4488781E+00   -6.3268372E+00   -1.5206849E+01   -1.4000000E+01   -1.4000021E+01   -3.5311419E+00   -1.4000000E+01   -3.3737068E+00   -3.0000000E+01   -2.6756007E+00   -8.5372072E+00   -9.2412292E+00   -8.5646654E+00   -9.7602142E+00   -1.1366619E+01   -1.8319184E+01   -2.7758921E+01   -8.3040324E+00   -6.9290586E+00   -8.5834941E+00   -1.2133668E+01   -6.3769573E+00   -9.6257603E+00   -5.7274553E+00
    6.5700000E+00    6.1459047E+00   -6.1231709E+00   -3.9999999E+00   -3.2603942E+00   -3.4349412E+00   -4.2092318E+00   -9.2677043E+00   -3.3358446E+00   -2.3932719E+00   -5.6593791E+00   -6.4488837E+00   -6.2893549E+00   -1.5232001E+01   -1.4000000E+01   -1.4000022E+01   -3.5186725E+00   -1.4000000E+01   -3.2810444E+00   -3.0000000E+01   -2.6659987E+00   -8.5529462E+00   -9.2388357E+00   -8.5886678E+00   -9.7144189E+00   -1.1383737E+01   -1.8283825E+01   -2.7787001E+01   -8.2946909E+00   -6.9095874E+00   -8.5286449E+00   -1.2142259E+01   -6.3308970E+00   -9.5968209E+00   -5.7078594E+00
    6.7500000E+00    6.1553061E+00   -6.1323465E+00   -3.9999999E+00   -3.2503343E+00   -3.4239389E+00   -4.2250839E+00   -9.3002673E+00   -3.3351534E+00   -2.3936601E+00   -5.8438273E+00   -6.4488893E+00   -6.2536434E+00   -1.5258205E+01   -1.4000000E+01   -1.4000024E+01   -3.5066459E+00   -1.4000000E+01   -3.1923563E+00   -3.0000000E+01   -2.6567146E+00   -8.5684945E+00   -9.2355812E+00   -8.6128341E+00   -9.6700406E+00   -1.1401544E+01   -1.8250186E+01   -2.7816060E+01   -8.2850208E+00   -6.8901185E+00   -8.4755176E+00   -1.2151829E+01   -6.2869003E+00   -9.5683398E+00   -5.6890505E+00
    6.9300000E+00    6.1649344E+00   -6.1417548E+00   -3.9999999E+00   -3.2407280E+00   -3.4133085E+00   -4.2411759E+00   -9.3329894E+00   -3.3349442E+00   -2.3945716E+00   -6.0441212E+00   -6.4488948E+00   -6.2198337E+00   -1.5285131E+01   -1.4000000E+01   -1.4000026E+01   -3.4950371E+00   -1.4000000E+01   -3.1090136E+00   -3.0000000E+01   -2.6477335E+00   -8.5837026E+00   -9.2315326E+00   -8.6369058E+00   -9.6273190E+00   -1.1419821E+01   -1.8218399E+01   -2.7845771E+01   -8.2751302E+00   -6.8707444E+00   -8.4243373E+00   -1.2162148E+01   -6.2450839E+00   -9.5403820E+00   -5.6709855E+00
    7.1100000E+00    6.1746785E+00   -6.1512844E+00   -3.9999999E+00   -3.2315470E+00   -3.4030300E+00   -4.2575103E+00   -9.3654944E+00   -3.3351842E+00   -2.3958806E+00   -6.2604635E+00   -6.4489003E+00   -6.1879882E+00   -1.5312446E+01   -1.4000000E+01   -1.4000028E+01   -3.4838220E+00   -1.4000000E+01   -3.0319108E+00   -3.0000000E+01   -2.6390401E+00   -8.5984183E+00   -9.2267601E+00   -8.6606189E+00   -9.5864286E+00   -1.1438344E+01   -1.8188528E+01   -2.7875802E+01   -8.2651299E+00   -6.8515602E+00   -8.3752636E+00   -1.2172976E+01   -6.2054961E+00   -9.5130154E+00   -5.6536213E+00
    7.2900000E+00    6.1844351E+00   -6.1608316E+00   -3.9999999E+00   -3.2227635E+00   -3.3930841E+00   -4.2740926E+00   -9.3974371E+00   -3.3358397E+00   -2.3974687E+00   -6.4927637E+00   -6.4489057E+00   -6.1581028E+00   -1.5339838E+01   -1.4000000E+01   -1.4000030E+01   -3.4729776E+00   -1.4000000E+01   -2.9614260E+00   -3.0000000E+01   -2.6306192E+00   -8.6125048E+00   -9.2213334E+00   -8.6837327E+00   -9.5474691E+00   -1.1456906E+01   -1.8160571E+01   -2.7905844E+01   -8.2551230E+00   -6.8326535E+00   -8.3283818E+00   -1.2184093E+01   -6.1681185E+00   -9.4863006E+00   -5.6369154E+00
    7.4700000E+00    6.1941166E+00   -6.1703089E+00   -3.9999999E+00   -3.2143505E+00   -3.3834523E+00   -4.2909319E+00   -9.4285323E+00   -3.3368762E+00   -2.3992338E+00   -6.7406604E+00   -6.4489111E+00   -6.1301165E+00   -1.5367042E+01   -1.4000000E+01   -1.4000032E+01   -3.4624821E+00   -1.4000000E+01   -2.8974875E+00   -3.0000000E+01   -2.6224561E+00   -8.6258538E+00   -9.2153194E+00   -8.7060504E+00   -9.5104678E+00   -1.1475334E+01   -1.8134469E+01   -2.7935636E+01   -8.2451968E+00   -6.8140960E+00   -8.2837046E+00   -1.2195310E+01   -6.1328761E+00   -9.4602835E+00   -5.6208265E+00
    7.6500000E+00    6.2036554E+00   -6.1796483E+00   -3.9999999E+00   -3.2062822E+00   -3.3741167E+00   -4.3080401E+00   -9.4585689E+00   -3.3382599E+00   -2.4010940E+00   -7.0034765E+00   -6.4489165E+00   -6.1039266E+00   -1.5393857E+01   -1.4000000E+01   -1.4000034E+01   -3.4523148E+00   -1.4000000E+01   -2.8397005E+00   -3.0000000E+01   -2.6145362E+00   -8.6383916E+00   -9.2087795E+00   -8.7274300E+00   -9.4753905E+00   -1.1493491E+01   -1.8110122E+01   -2.7964979E+01   -8.2354186E+00   -6.7959403E+00   -8.2411840E+00   -1.2206480E+01   -6.0996529E+00   -9.4349918E+00   -5.6053150E+00
    7.8300000E+00    6.2130037E+00   -6.1888017E+00   -3.9999999E+00   -3.1985346E+00   -3.3650606E+00   -4.3254312E+00   -9.4874086E+00   -3.3399585E+00   -2.4029881E+00   -7.2798518E+00   -6.4489217E+00   -6.0794058E+00   -1.5420136E+01   -1.4000000E+01   -1.4000035E+01   -3.4424565E+00   -1.4000000E+01   -2.7874875E+00   -3.0000000E+01   -2.6068457E+00   -8.6500773E+00   -9.2017687E+00   -8.7477821E+00   -9.4421583E+00   -1.1511283E+01   -1.8087404E+01   -2.7993731E+01   -8.2258361E+00   -6.7782196E+00   -8.2007278E+00   -1.2217493E+01   -6.0683087E+00   -9.4104356E+00   -5.5903433E+00
    8.0100000E+00    6.2221307E+00   -6.1977383E+00   -3.9999999E+00   -3.1910823E+00   -3.3562702E+00   -4.3430363E+00   -9.5149490E+00   -3.3419707E+00   -2.4048720E+00   -7.5660706E+00   -6.4489270E+00   -6.0564039E+00   -1.5445788E+01   -1.4000000E+01   -1.4000037E+01   -3.4328931E+00   -1.4000000E+01   -2.7404930E+00   -3.0000000E+01   -2.5993711E+00   -8.6608717E+00   -9.1943090E+00   -8.7670359E+00   -9.4106527E+00   -1.1528648E+01   -1.8066167E+01   -2.8021802E+01   -8.2164796E+00   -6.7609503E+00   -8.1622043E+00   -1.2228277E+01   -6.0386810E+00   -9.3866071E+00   -5.5758732E+00
    8.1900000E+00    6.2311299E+00   -6.2065516E+00   -3.9999999E+00   -3.1834499E+00   -3.3479912E+00   -4.3475937E+00   -9.5387874E+00   -3.3490642E+00   -2.4067289E+00   -7.8524247E+00   -6.4489322E+00   -6.0329737E+00   -1.5471098E+01   -1.4000000E+01   -1.4000039E+01   -3.4241480E+00   -1.4000000E+01   -2.7402080E+00   -3.0000000E+01   -2.5920030E+00   -8.6681823E+00   -9.1836214E+00   -8.7826937E+00   -9.3788315E+00   -1.1545777E+01   -1.8044460E+01   -2.8049471E+01   -8.2072565E+00   -6.7439311E+00   -8.1234611E+00   -1.2238910E+01   -6.0087109E+00   -9.3628275E+00   -5.5613188E+00
    8.3700000E+00    6.2398795E+00   -6.2151194E+00   -3.9999999E+00   -3.1760778E+00   -3.3399358E+00   -4.3520614E+00   -9.5600301E+00   -3.3561634E+00   -2.4085296E+00   -8.1404622E+00   -6.4489373E+00   -6.0110080E+00   -1.5495693E+01   -1.4000000E+01   -1.4000041E+01   -3.4156430E+00   -1.4000000E+01   -2.7396921E+00   -3.0000000E+01   -2.5848324E+00   -8.6733652E+00   -9.1713050E+00   -8.7959873E+00   -9.3487119E+00   -1.1562423E+01   -1.8024184E+01   -2.8076378E+01   -8.1982872E+00   -6.7273719E+00   -8.0866084E+00   -1.2249240E+01   -5.9803862E+00   -9.3397509E+00   -5.5472135E+00
    8.5500000E+00    6.2483616E+00   -6.2234234E+00   -3.9999999E+00   -3.1689522E+00   -3.3320986E+00   -4.3563732E+00   -9.5803117E+00   -3.3632551E+00   -2.4102456E+00   -8.4286783E+00   -6.4489424E+00   -5.9903542E+00   -1.5519519E+01   -1.4000000E+01   -1.4000043E+01   -3.4073588E+00   -1.4000000E+01   -2.7390577E+00   -3.0000000E+01   -2.5778488E+00   -8.6780926E+00   -9.1590681E+00   -8.8085700E+00   -9.3201600E+00   -1.1578550E+01   -1.8005187E+01   -2.8102468E+01   -8.1895896E+00   -6.7112795E+00   -8.0515019E+00   -1.2259222E+01   -5.9535444E+00   -9.3173712E+00   -5.5335333E+00
    8.7300000E+00    6.2565733E+00   -6.2314605E+00   -3.9999999E+00   -3.1620591E+00   -3.3244675E+00   -4.3605221E+00   -9.5996405E+00   -3.3703271E+00   -2.4118639E+00   -8.7170503E+00   -6.4489475E+00   -5.9708780E+00   -1.5542565E+01   -1.4000000E+01   -1.4000045E+01   -3.3992828E+00   -1.4000000E+01   -2.7383630E+00   -3.0000000E+01   -2.5710421E+00   -8.6823798E+00   -9.1469320E+00   -8.8204539E+00   -9.2930449E+00   -1.1594151E+01   -1.7987336E+01   -2.8127735E+01   -8.1811665E+00   -6.6956461E+00   -8.0180010E+00   -1.2268839E+01   -5.9280418E+00   -9.2956674E+00   -5.5202545E+00
    8.9100000E+00    6.2645122E+00   -6.2392282E+00   -3.9999999E+00   -3.1553849E+00   -3.3170313E+00   -4.3645103E+00   -9.6180240E+00   -3.3773678E+00   -2.4133730E+00   -9.0054768E+00   -6.4489525E+00   -5.9524626E+00   -1.5564823E+01   -1.4000000E+01   -1.4000046E+01   -3.3914036E+00   -1.4000000E+01   -2.7376378E+00   -3.0000000E+01   -2.5644026E+00   -8.6862404E+00   -9.1349147E+00   -8.8316497E+00   -9.2672526E+00   -1.1609222E+01   -1.7970516E+01   -2.8152173E+01   -8.1730198E+00   -6.6804640E+00   -7.9859829E+00   -1.2278077E+01   -5.9037529E+00   -9.2746187E+00   -5.5073544E+00
    9.0900000E+00    6.2721757E+00   -6.2467237E+00   -3.9999999E+00   -3.1489163E+00   -3.3097800E+00   -4.3683421E+00   -9.6354671E+00   -3.3843663E+00   -2.4147615E+00   -9.2936206E+00   -6.4489575E+00   -5.9350067E+00   -1.5586284E+01   -1.4000000E+01   -1.4000048E+01   -3.3837098E+00   -1.4000000E+01   -2.7368976E+00   -3.0000000E+01   -2.5579217E+00   -8.6896859E+00   -9.1230333E+00   -8.8421656E+00   -9.2426850E+00   -1.1623755E+01   -1.7954628E+01   -2.8175773E+01   -8.1651523E+00   -6.6657264E+00   -7.9553406E+00   -1.2286924E+01   -5.8805682E+00   -9.2542060E+00   -5.4948112E+00
    9.2700000E+00    6.2795599E+00   -6.2539430E+00   -3.9999999E+00   -3.1426410E+00   -3.3027060E+00   -4.3720221E+00   -9.6519698E+00   -3.3913121E+00   -2.4160175E+00   -9.5803372E+00   -6.4489625E+00   -5.9184218E+00   -1.5606934E+01   -1.4000000E+01   -1.4000050E+01   -3.3761895E+00   -1.4000000E+01   -2.7361503E+00   -3.0000000E+01   -2.5515909E+00   -8.6927253E+00   -9.1113042E+00   -8.8520062E+00   -9.2192580E+00   -1.1637744E+01   -1.7939584E+01   -2.8198525E+01   -8.1575674E+00   -6.6514284E+00   -7.9259823E+00   -1.2295361E+01   -5.8583916E+00   -9.2344126E+00   -5.4826045E+00
    9.4500000E+00    6.2866598E+00   -6.2608808E+00   -3.9999999E+00   -3.1365470E+00   -3.2958039E+00   -4.3755556E+00   -9.6675267E+00   -3.3981950E+00   -2.4171282E+00   -9.8616258E+00   -6.4489674E+00   -5.9026310E+00   -1.5626758E+01   -1.4000000E+01   -1.4000051E+01   -3.3688294E+00   -1.4000000E+01   -2.7354001E+00   -3.0000000E+01   -2.5454025E+00   -8.6953645E+00   -9.0997436E+00   -8.8611719E+00   -9.1969002E+00   -1.1651177E+01   -1.7925308E+01   -2.8220414E+01   -8.1502702E+00   -6.6375667E+00   -7.8978290E+00   -1.2303373E+01   -5.8371390E+00   -9.2152240E+00   -5.4707151E+00
    9.6300000E+00    6.2934687E+00   -6.2675305E+00   -3.9999999E+00   -3.1306232E+00   -3.2890711E+00   -4.3789477E+00   -9.6821265E+00   -3.4050054E+00   -2.4180798E+00   -1.0123735E+01   -6.4489723E+00   -5.8875667E+00   -1.5645735E+01   -1.4000000E+01   -1.4000053E+01   -3.3616142E+00   -1.4000000E+01   -2.7346490E+00   -3.0000000E+01   -2.5393491E+00   -8.6976064E+00   -9.0883677E+00   -8.8696586E+00   -9.1755511E+00   -1.1664040E+01   -1.7911734E+01   -2.8241420E+01   -8.1432671E+00   -6.6241403E+00   -7.8708132E+00   -1.2310937E+01   -5.8167360E+00   -9.1966285E+00   -5.4591245E+00
    9.8100000E+00    6.2999783E+00   -6.2738835E+00   -3.9999999E+00   -3.1248589E+00   -3.2825086E+00   -4.3822035E+00   -9.6957515E+00   -3.4117335E+00   -2.4188571E+00   -1.0325585E+01   -6.4489773E+00   -5.8731695E+00   -1.5663837E+01   -1.4000000E+01   -1.4000055E+01   -3.3545256E+00   -1.4000000E+01   -2.7338984E+00   -3.0000000E+01   -2.5334237E+00   -8.6994511E+00   -9.0771933E+00   -8.8774575E+00   -9.1551600E+00   -1.1676316E+01   -1.7898805E+01   -2.8261520E+01   -8.1365662E+00   -6.6111499E+00   -7.8448775E+00   -1.2318031E+01   -5.7971167E+00   -9.1786169E+00   -5.4478156E+00
    9.9900000E+00    6.3061785E+00   -6.2799296E+00   -3.9999999E+00   -3.1192441E+00   -3.2761207E+00   -4.3853275E+00   -9.7083774E+00   -3.4183700E+00   -2.4194437E+00   -1.0389162E+01   -6.4489821E+00   -5.8593870E+00   -1.5681034E+01   -1.4000000E+01   -1.4000056E+01   -3.3475423E+00   -1.4000000E+01   -2.7331487E+00   -3.0000000E+01   -2.5276198E+00   -8.7008957E+00   -9.0662373E+00   -8.8845551E+00   -9.1356850E+00   -1.1687984E+01   -1.7886467E+01   -2.8280683E+01   -8.1301776E+00   -6.5985987E+00   -7.8199736E+00   -1.2324628E+01   -5.7782228E+00   -9.1611827E+00   -5.4367719E+00
    1.0170000E+01    6.3120575E+00   -6.2856569E+00   -3.9999999E+00   -3.1137692E+00   -3.2699149E+00   -4.3883228E+00   -9.7199739E+00   -3.4249052E+00   -2.4198214E+00   -1.0275632E+01   -6.4489870E+00   -5.8461726E+00   -1.5697288E+01   -1.4000000E+01   -1.4000058E+01   -3.3406404E+00   -1.4000000E+01   -2.7324009E+00   -3.0000000E+01   -2.5219309E+00   -8.7019342E+00   -9.0555180E+00   -8.8909335E+00   -9.1170917E+00   -1.1699021E+01   -1.7874677E+01   -2.8298875E+01   -8.1241129E+00   -6.5864917E+00   -7.7960613E+00   -1.2330697E+01   -5.7600019E+00   -9.1443222E+00   -5.4259780E+00
    1.0350000E+01    6.3176014E+00   -6.2910514E+00   -3.9999999E+00   -3.1084251E+00   -3.2639008E+00   -4.3911890E+00   -9.7305041E+00   -3.4313297E+00   -2.4199705E+00   -1.0047605E+01   -6.4489919E+00   -5.8334850E+00   -1.5712558E+01   -1.4000000E+01   -1.4000059E+01   -3.3337946E+00   -1.4000000E+01   -2.7316555E+00   -3.0000000E+01   -2.5163511E+00   -8.7025585E+00   -9.0450545E+00   -8.8965701E+00   -9.0993531E+00   -1.1709397E+01   -1.7863394E+01   -2.8316053E+01   -8.1183859E+00   -6.5748363E+00   -7.7731075E+00   -1.2336205E+01   -5.7424070E+00   -9.1280340E+00   -5.4154188E+00
    1.0530000E+01    6.3227946E+00   -6.2960973E+00   -3.9999999E+00   -3.1032033E+00   -3.2580888E+00   -4.3939198E+00   -9.7399249E+00   -3.4376338E+00   -2.4198696E+00   -9.7750251E+00   -6.4489967E+00   -5.8212874E+00   -1.5726795E+01   -1.4000000E+01   -1.4000061E+01   -3.3269796E+00   -1.4000000E+01   -2.7309142E+00   -3.0000000E+01   -2.5108745E+00   -8.7027581E+00   -9.0348677E+00   -8.9014383E+00   -9.0824484E+00   -1.1719082E+01   -1.7852582E+01   -2.8332172E+01   -8.1130120E+00   -6.5636421E+00   -7.7510861E+00   -1.2341114E+01   -5.7253961E+00   -9.1123197E+00   -5.4050802E+00
    1.0710000E+01    6.3276192E+00   -6.3007766E+00   -3.9999999E+00   -3.0980952E+00   -3.2524883E+00   -4.3964985E+00   -9.7481881E+00   -3.4438074E+00   -2.4194956E+00   -9.4886251E+00   -6.4490015E+00   -5.8095470E+00   -1.5739946E+01   -1.4000000E+01   -1.4000062E+01   -3.3201725E+00   -1.4000000E+01   -2.7301795E+00   -3.0000000E+01   -2.5054956E+00   -8.7025207E+00   -9.0249812E+00   -8.9055078E+00   -9.0663630E+00   -1.1728038E+01   -1.7842209E+01   -2.8347178E+01   -8.1080089E+00   -6.5529208E+00   -7.7299771E+00   -1.2345384E+01   -5.7089314E+00   -9.0971831E+00   -5.3949485E+00
    1.0890000E+01    6.3320555E+00   -6.3050697E+00   -3.9999999E+00   -3.0930930E+00   -3.2471063E+00   -4.3988911E+00   -9.7552409E+00   -3.4498403E+00   -2.4188234E+00   -9.1980633E+00   -6.4490063E+00   -5.7982349E+00   -1.5751948E+01   -1.4000000E+01   -1.4000064E+01   -3.3133548E+00   -1.4000000E+01   -2.7294566E+00   -3.0000000E+01   -2.5002089E+00   -8.7018340E+00   -9.0154217E+00   -8.9087461E+00   -9.0510880E+00   -1.1736227E+01   -1.7832248E+01   -2.8361013E+01   -8.1033963E+00   -6.5426865E+00   -7.7097663E+00   -1.2348970E+01   -5.6929789E+00   -9.0826307E+00   -5.3850105E+00
    1.1070000E+01    6.3360820E+00   -6.3089548E+00   -3.9999999E+00   -3.0881887E+00   -3.2419460E+00   -4.4010370E+00   -9.7610280E+00   -3.4557220E+00   -2.4178263E+00   -8.9061072E+00   -6.4490112E+00   -5.7873262E+00   -1.5762738E+01   -1.4000000E+01   -1.4000065E+01   -3.3065144E+00   -1.4000000E+01   -2.7287559E+00   -3.0000000E+01   -2.4950093E+00   -8.7006866E+00   -9.0062213E+00   -8.9111199E+00   -9.0366204E+00   -1.1743603E+01   -1.7822673E+01   -2.8373613E+01   -8.0991956E+00   -6.5329550E+00   -7.6904459E+00   -1.2351823E+01   -5.6775089E+00   -9.0686710E+00   -5.3752534E+00
    1.1250000E+01    6.3396755E+00   -6.3124086E+00   -3.9999999E+00   -3.0833749E+00   -3.2370052E+00   -4.4028368E+00   -9.7654943E+00   -3.4614413E+00   -2.4164761E+00   -8.6135562E+00   -6.4490160E+00   -5.7768003E+00   -1.5772244E+01   -1.4000000E+01   -1.4000067E+01   -3.2996470E+00   -1.4000000E+01   -2.7280974E+00   -3.0000000E+01   -2.4898915E+00   -8.6990710E+00   -8.9974188E+00   -8.9125981E+00   -9.0229633E+00   -1.1750121E+01   -1.7813467E+01   -2.8384906E+01   -8.0954299E+00   -6.5237442E+00   -7.6720140E+00   -1.2353892E+01   -5.6624963E+00   -9.0553149E+00   -5.3656648E+00
    1.1430000E+01    6.3428113E+00   -6.3154063E+00   -3.9999999E+00   -3.0786441E+00   -3.2322768E+00   -4.4041366E+00   -9.7685894E+00   -3.4669870E+00   -2.4147434E+00   -8.3206607E+00   -6.4490208E+00   -5.7666429E+00   -1.5780391E+01   -1.4000000E+01   -1.4000068E+01   -3.2927570E+00   -1.4000000E+01   -2.7275206E+00   -3.0000000E+01   -2.4848507E+00   -8.6969862E+00   -8.9890625E+00   -8.9131551E+00   -9.0101270E+00   -1.1755730E+01   -1.7804614E+01   -2.8394821E+01   -8.0921236E+00   -6.5150735E+00   -7.6544762E+00   -1.2355121E+01   -5.6479221E+00   -9.0425746E+00   -5.3562326E+00
    1.1610000E+01    6.3454648E+00   -6.3179234E+00   -3.9999999E+00   -3.0739891E+00   -3.2277483E+00   -4.4047102E+00   -9.7702744E+00   -3.4723472E+00   -2.4125988E+00   -8.0275214E+00   -6.4490256E+00   -5.7568491E+00   -1.5787104E+01   -1.4000000E+01   -1.4000069E+01   -3.2858577E+00   -1.4000000E+01   -2.7271029E+00   -3.0000000E+01   -2.4798821E+00   -8.6944434E+00   -8.9812125E+00   -8.9127767E+00   -8.9981315E+00   -1.1760379E+01   -1.7796112E+01   -2.8403281E+01   -8.0893014E+00   -6.5069624E+00   -7.6378479E+00   -1.2355456E+01   -5.6337768E+00   -9.0304627E+00   -5.3469447E+00
    1.1790000E+01    6.3476132E+00   -6.3199369E+00   -3.9999999E+00   -3.0694026E+00   -3.2234035E+00   -4.4042408E+00   -9.7705317E+00   -3.4775103E+00   -2.4100149E+00   -7.7342109E+00   -6.4490304E+00   -5.7474303E+00   -1.5792311E+01   -1.4000000E+01   -1.4000057E+01   -3.2789702E+00   -1.4000000E+01   -2.7269967E+00   -3.0000000E+01   -2.4749810E+00   -8.6914710E+00   -8.9739433E+00   -8.9114687E+00   -8.9870115E+00   -1.1764022E+01   -1.7787957E+01   -2.8410205E+01   -8.0869860E+00   -6.4994288E+00   -7.6221593E+00   -1.2354845E+01   -5.6200678E+00   -9.0189903E+00   -5.3377896E+00
    1.1970000E+01    6.3492391E+00   -6.3214293E+00   -3.9999999E+00   -3.0648777E+00   -3.2192232E+00   -4.4023048E+00   -9.7693815E+00   -3.4824646E+00   -2.4069700E+00   -7.4408269E+00   -6.4490352E+00   -5.7384283E+00   -1.5795958E+01   -1.4000000E+01   -1.3998038E+01   -3.2721225E+00   -1.4000000E+01   -2.7275007E+00   -3.0000000E+01   -2.4701429E+00   -8.6881245E+00   -8.9673450E+00   -8.9092690E+00   -8.9768261E+00   -1.1766619E+01   -1.7778200E+01   -2.8413542E+01   -8.0851947E+00   -6.4924857E+00   -7.6074651E+00   -1.2353245E+01   -5.6068323E+00   -9.0081635E+00   -5.3287559E+00
    1.2150000E+01    6.3503381E+00   -6.3223963E+00   -3.9999999E+00   -3.0604078E+00   -3.2151878E+00   -4.3983637E+00   -9.7669105E+00   -3.4871996E+00   -2.4034557E+00   -7.1475436E+00   -6.4490400E+00   -5.7299414E+00   -1.5798024E+01   -1.4000000E+01   -1.3765678E+01   -3.2653479E+00   -1.4000000E+01   -2.7291996E+00   -3.0000000E+01   -2.4653640E+00   -8.6844996E+00   -8.9615220E+00   -8.9062686E+00   -8.9676782E+00   -1.1768155E+01   -1.7538605E+01   -2.8184940E+01   -8.0839320E+00   -6.4861333E+00   -7.5938642E+00   -1.2350637E+01   -5.5941649E+00   -8.9979761E+00   -5.3198330E+00
    1.2330000E+01    6.3509209E+00   -6.3228488E+00   -3.9999999E+00   -3.0560097E+00   -3.2112857E+00   -4.3917694E+00   -9.7632933E+00   -3.4916967E+00   -2.3994909E+00   -6.8546936E+00   -6.4490448E+00   -5.7221597E+00   -1.5798529E+01   -1.4000000E+01   -1.1958508E+01   -3.2586952E+00   -1.4000000E+01   -2.7332291E+00   -3.0000000E+01   -2.4606530E+00   -8.6807470E+00   -8.9566040E+00   -8.9026302E+00   -8.9597461E+00   -1.1768640E+01   -1.5724889E+01   -2.6379946E+01   -8.0831875E+00   -6.4803710E+00   -7.5815431E+00   -1.2347038E+01   -5.5822629E+00   -8.9884427E+00   -5.3110459E+00
    1.2510000E+01    6.3492685E+00   -6.3211146E+00   -3.9999999E+00   -3.0552268E+00   -3.2085645E+00   -4.3799480E+00   -1.0009646E+01   -3.4943731E+00   -2.3951228E+00   -6.5617702E+00   -6.4490478E+00   -5.7130147E+00   -1.5792675E+01   -1.4000000E+01   -9.7777250E+00   -3.2540091E+00   -1.4000000E+01   -2.7416846E+00   -3.0000000E+01   -2.4578344E+00   -8.9310510E+00   -9.2102128E+00   -9.1509875E+00   -8.9525250E+00   -1.1764789E+01   -1.3535737E+01   -2.4194356E+01   -8.0847382E+00   -6.4789103E+00   -7.5717058E+00   -1.2340763E+01   -5.5706705E+00   -8.9865931E+00   -5.3076468E+00
    1.2690000E+01    6.3474766E+00   -6.3192414E+00   -3.9999999E+00   -3.0544411E+00   -3.2058840E+00   -4.3669682E+00   -1.0001605E+01   -3.4970050E+00   -2.3906282E+00   -6.4565568E+00   -6.4490507E+00   -5.7046246E+00   -1.5786485E+01   -1.4000000E+01   -9.4227393E+00   -3.2493889E+00   -1.4000000E+01   -2.7526045E+00   -3.0000000E+01   -2.4550293E+00   -8.9272370E+00   -9.2099825E+00   -9.1450886E+00   -8.9461970E+00   -1.1760742E+01   -1.3173134E+01   -2.3834225E+01   -8.0864289E+00   -6.4776041E+00   -7.5627741E+00   -1.2334303E+01   -5.5598446E+00   -8.9848933E+00   -5.3042575E+00
    1.2870000E+01    6.3456567E+00   -6.3173406E+00   -3.9999999E+00   -3.0536528E+00   -3.2032424E+00   -4.3526941E+00   -9.9935711E+00   -3.4995966E+00   -2.3861183E+00   -6.4035442E+00   -6.4490536E+00   -5.6967606E+00   -1.5780242E+01   -1.4000000E+01   -9.2103651E+00   -3.2448445E+00   -1.4000000E+01   -2.7649947E+00   -3.0000000E+01   -2.4522376E+00   -8.9234828E+00   -9.2098681E+00   -9.1392229E+00   -8.9404217E+00   -1.1756667E+01   -1.2953664E+01   -2.3616645E+01   -8.0881482E+00   -6.4763407E+00   -7.5544074E+00   -1.2327826E+01   -5.5495561E+00   -8.9832317E+00   -5.3008777E+00
    1.3050000E+01    6.3438540E+00   -6.3154575E+00   -3.9999999E+00   -3.0528617E+00   -3.2006383E+00   -4.3369933E+00   -9.9859490E+00   -3.5021484E+00   -2.3816381E+00   -6.3709598E+00   -6.4490566E+00   -5.6893047E+00   -1.5774069E+01   -1.4000000E+01   -9.0590435E+00   -3.2403857E+00   -1.4000000E+01   -2.7783701E+00   -3.0000000E+01   -2.4494589E+00   -8.9201016E+00   -9.2100924E+00   -9.1337492E+00   -8.9350356E+00   -1.1752642E+01   -1.2795651E+01   -2.3460182E+01   -8.0898508E+00   -6.4750749E+00   -7.5464419E+00   -1.2321410E+01   -5.5396867E+00   -8.9815627E+00   -5.2975073E+00
    1.3230000E+01    6.3420916E+00   -6.3136152E+00   -3.9999999E+00   -3.0520680E+00   -3.1980717E+00   -4.3197492E+00   -9.9788494E+00   -3.5046612E+00   -2.3772107E+00   -6.3472687E+00   -6.4490596E+00   -5.6821946E+00   -1.5768027E+01   -1.4000000E+01   -8.9415462E+00   -3.2360219E+00   -1.4000000E+01   -2.7925008E+00   -3.0000000E+01   -2.4466932E+00   -8.9171583E+00   -9.2106738E+00   -9.1287553E+00   -8.9299534E+00   -1.1748706E+01   -1.2671804E+01   -2.3337668E+01   -8.0915137E+00   -6.4737835E+00   -7.5387921E+00   -1.2315094E+01   -5.5301738E+00   -8.9798631E+00   -5.2941460E+00
    1.3410000E+01    6.3403818E+00   -6.3118261E+00   -3.9999999E+00   -3.0512718E+00   -3.1955432E+00   -4.3008671E+00   -9.9723391E+00   -3.5071361E+00   -2.3728482E+00   -6.3275051E+00   -6.4490625E+00   -5.6753967E+00   -1.5762151E+01   -1.4000000E+01   -8.8453077E+00   -3.2317624E+00   -1.4000000E+01   -2.8072878E+00   -3.0000000E+01   -2.4439405E+00   -8.9146944E+00   -9.2116296E+00   -9.1242954E+00   -8.9251289E+00   -1.1744881E+01   -1.2569522E+01   -2.3236571E+01   -8.0931247E+00   -6.4724545E+00   -7.5314118E+00   -1.2308899E+01   -5.5209836E+00   -8.9781208E+00   -5.2907938E+00
    1.3590000E+01    6.3387317E+00   -6.3100974E+00   -3.9999999E+00   -3.0504730E+00   -3.1930546E+00   -4.2802808E+00   -9.9664602E+00   -3.5095741E+00   -2.3685578E+00   -6.3093390E+00   -6.4490655E+00   -5.6688922E+00   -1.5756461E+01   -1.4000000E+01   -8.7635100E+00   -3.2276159E+00   -1.4000000E+01   -2.8227008E+00   -3.0000000E+01   -2.4412009E+00   -8.9127375E+00   -9.2129730E+00   -9.1204044E+00   -8.9205362E+00   -1.1741178E+01   -1.2481969E+01   -2.3150093E+01   -8.0946766E+00   -6.4710809E+00   -7.5242749E+00   -1.2302837E+01   -5.5120973E+00   -8.9763286E+00   -5.2874508E+00
    1.3770000E+01    6.3371460E+00   -6.3084337E+00   -3.9999999E+00   -3.0496718E+00   -3.1906082E+00   -4.2579577E+00   -9.9612395E+00   -3.5119764E+00   -2.3643442E+00   -6.2916101E+00   -6.4490684E+00   -5.6626710E+00   -1.5750969E+01   -1.4000000E+01   -8.6920602E+00   -3.2235908E+00   -1.4000000E+01   -2.8387477E+00   -3.0000000E+01   -2.4384745E+00   -8.9113048E+00   -9.2147115E+00   -9.1171041E+00   -8.9161602E+00   -1.1737607E+01   -1.2405041E+01   -2.3074153E+01   -8.0961649E+00   -6.4696583E+00   -7.5173663E+00   -1.2296917E+01   -5.5035045E+00   -8.9744820E+00   -5.2841170E+00
    1.3950000E+01    6.3356286E+00   -6.3068390E+00   -3.9999999E+00   -3.0488682E+00   -3.1882074E+00   -4.2339027E+00   -9.9566932E+00   -3.5143441E+00   -2.3602113E+00   -6.2737034E+00   -6.4490714E+00   -5.6567280E+00   -1.5745687E+01   -1.4000000E+01   -8.6283194E+00   -3.2196951E+00   -1.4000000E+01   -2.8554600E+00   -3.0000000E+01   -2.4357613E+00   -8.9104043E+00   -9.2168459E+00   -9.1144067E+00   -8.9119918E+00   -1.1734174E+01   -1.2336094E+01   -2.3006123E+01   -8.0975858E+00   -6.4681832E+00   -7.5106769E+00   -1.2291145E+01   -5.4952000E+00   -8.9725772E+00   -5.2807925E+00
    1.4130000E+01    6.3341829E+00   -6.3053169E+00   -3.9999999E+00   -3.0480623E+00   -3.1858560E+00   -4.2081599E+00   -9.9528290E+00   -3.5166784E+00   -2.3561627E+00   -6.2552611E+00   -6.4490743E+00   -5.6510616E+00   -1.5740627E+01   -1.4000000E+01   -8.5704898E+00   -3.2159359E+00   -1.4000000E+01   -2.8728852E+00   -3.0000000E+01   -2.4330616E+00   -8.9100362E+00   -9.2193691E+00   -9.1123162E+00   -8.9080257E+00   -1.1730887E+01   -1.2273327E+01   -2.2944216E+01   -8.0989358E+00   -6.4666523E+00   -7.5042014E+00   -1.2285528E+01   -5.4871822E+00   -8.9706108E+00   -5.2774772E+00
    1.4310000E+01    6.3328129E+00   -6.3038711E+00   -3.9999999E+00   -3.0472541E+00   -3.1835585E+00   -4.1808117E+00   -9.9496476E+00   -3.5189804E+00   -2.3522022E+00   -6.2360443E+00   -6.4490772E+00   -5.6456732E+00   -1.5735798E+01   -1.4000000E+01   -8.5172900E+00   -3.2123201E+00   -1.4000000E+01   -2.8910850E+00   -3.0000000E+01   -2.4303753E+00   -8.9101932E+00   -9.2222662E+00   -9.1108292E+00   -8.9042594E+00   -1.1727753E+01   -1.2215461E+01   -2.2887160E+01   -8.1002112E+00   -6.4650621E+00   -7.4979374E+00   -1.2280074E+01   -5.4794523E+00   -8.9685791E+00   -5.2741713E+00
    1.4490000E+01    6.3315226E+00   -6.3025061E+00   -3.9999999E+00   -3.0464439E+00   -3.1813198E+00   -4.1519764E+00   -9.9471437E+00   -3.5212515E+00   -2.3483341E+00   -6.2158634E+00   -6.4490802E+00   -5.6405670E+00   -1.5731214E+01   -1.4000000E+01   -8.4677704E+00   -3.2088535E+00   -1.4000000E+01   -2.9101346E+00   -3.0000000E+01   -2.4277027E+00   -8.9108612E+00   -9.2255147E+00   -9.1099361E+00   -8.9006928E+00   -1.1724779E+01   -1.2161550E+01   -2.2834018E+01   -8.1014078E+00   -6.4634087E+00   -7.4918846E+00   -1.2274791E+01   -5.4720145E+00   -8.9664782E+00   -5.2708750E+00
    1.4670000E+01    6.3303171E+00   -6.3012267E+00   -3.9999999E+00   -3.0456317E+00   -3.1791448E+00   -4.1218037E+00   -9.9453078E+00   -3.5234927E+00   -2.3445635E+00   -6.1945432E+00   -6.4490831E+00   -5.6357503E+00   -1.5726889E+01   -1.4000000E+01   -8.4212020E+00   -3.2055416E+00   -1.4000000E+01   -2.9301246E+00   -3.0000000E+01   -2.4250439E+00   -8.9120206E+00   -9.2290852E+00   -9.1096221E+00   -8.8973279E+00   -1.1721976E+01   -1.2110871E+01   -2.2784075E+01   -8.1025207E+00   -6.4616876E+00   -7.4860452E+00   -1.2269688E+01   -5.4648759E+00   -8.9643033E+00   -5.2675882E+00
    1.4850000E+01    6.3292021E+00   -6.3000387E+00   -3.9999999E+00   -3.0448176E+00   -3.1770385E+00   -4.0904683E+00   -9.9441276E+00   -3.5257053E+00   -2.3408961E+00   -6.1719056E+00   -6.4490860E+00   -5.6312336E+00   -1.5722841E+01   -1.4000000E+01   -8.3770063E+00   -3.2023888E+00   -1.4000000E+01   -2.9511633E+00   -3.0000000E+01   -2.4223991E+00   -8.9136472E+00   -9.2329418E+00   -9.1098692E+00   -8.8941694E+00   -1.1719355E+01   -1.2062856E+01   -2.2736770E+01   -8.1035443E+00   -6.4598933E+00   -7.4804239E+00   -1.2264776E+01   -5.4580469E+00   -8.9620489E+00   -5.2643113E+00
    1.5030000E+01    6.3281842E+00   -6.2989489E+00   -3.9999999E+00   -3.0440018E+00   -3.1750058E+00   -4.0581635E+00   -9.9435898E+00   -3.5278904E+00   -2.3373389E+00   -6.1477619E+00   -6.4490888E+00   -5.6270312E+00   -1.5719089E+01   -1.4000000E+01   -8.3347096E+00   -3.1993991E+00   -1.4000000E+01   -2.9733801E+00   -3.0000000E+01   -2.4197684E+00   -8.9157139E+00   -9.2370442E+00   -9.1106570E+00   -8.8912248E+00   -1.1716929E+01   -1.2017045E+01   -2.2691646E+01   -8.1044719E+00   -6.4580195E+00   -7.4750283E+00   -1.2260068E+01   -5.4515421E+00   -8.9597085E+00   -5.2610444E+00
    1.5210000E+01    6.3272715E+00   -6.2979652E+00   -3.9999999E+00   -3.0431844E+00   -3.1730510E+00   -4.0250935E+00   -9.9436822E+00   -3.5300492E+00   -2.3339000E+00   -6.1219153E+00   -6.4490917E+00   -5.6231624E+00   -1.5715656E+01   -1.4000000E+01   -8.2939120E+00   -3.1965756E+00   -1.4000000E+01   -2.9969300E+00   -3.0000000E+01   -2.4171520E+00   -8.9181924E+00   -9.2413482E+00   -9.1119653E+00   -8.8885052E+00   -1.1714712E+01   -1.1973057E+01   -2.2648329E+01   -8.1052957E+00   -6.4560585E+00   -7.4698695E+00   -1.2255579E+01   -5.4453806E+00   -8.9572746E+00   -5.2577879E+00
    1.5390000E+01    6.3264731E+00   -6.2970970E+00   -3.9999999E+00   -3.0423656E+00   -3.1711776E+00   -3.9914673E+00   -9.9443955E+00   -3.5321831E+00   -2.3305886E+00   -6.0941695E+00   -6.4490945E+00   -5.6196515E+00   -1.5712570E+01   -1.4000000E+01   -8.2542673E+00   -3.1939204E+00   -1.4000000E+01   -3.0219983E+00   -3.0000000E+01   -2.4145503E+00   -8.9210547E+00   -9.2458072E+00   -9.1137756E+00   -8.8860258E+00   -1.1712723E+01   -1.1930570E+01   -2.2606497E+01   -8.1060064E+00   -6.4540015E+00   -7.4649630E+00   -1.2251328E+01   -5.4395869E+00   -8.9547383E+00   -5.2545420E+00
    1.5570000E+01    6.3257998E+00   -6.2963549E+00   -3.9999999E+00   -3.0415457E+00   -3.1693883E+00   -3.9574921E+00   -9.9457253E+00   -3.5342931E+00   -2.3274160E+00   -6.0643470E+00   -6.4490973E+00   -5.6165295E+00   -1.5709861E+01   -1.4000000E+01   -8.2154692E+00   -3.1914353E+00   -1.4000000E+01   -3.0488050E+00   -3.0000000E+01   -2.4119634E+00   -8.9242747E+00   -9.2503738E+00   -9.1160724E+00   -8.8838066E+00   -1.1710981E+01   -1.1889308E+01   -2.2565875E+01   -8.1065933E+00   -6.4518381E+00   -7.4603289E+00   -1.2247334E+01   -5.4341920E+00   -8.9520894E+00   -5.2513072E+00
    1.5750000E+01    6.3252639E+00   -6.2957513E+00   -3.9999999E+00   -3.0407249E+00   -3.1676844E+00   -3.9233686E+00   -9.9476734E+00   -3.5363808E+00   -2.3243945E+00   -6.0323162E+00   -6.4491001E+00   -5.6138341E+00   -1.5707565E+01   -1.4000000E+01   -8.1772437E+00   -3.1891212E+00   -1.4000000E+01   -3.0776084E+00   -3.0000000E+01   -2.4093918E+00   -8.9278295E+00   -9.2550004E+00   -9.1188453E+00   -8.8818730E+00   -1.1709510E+01   -1.1849036E+01   -2.2526225E+01   -8.1070441E+00   -6.4495564E+00   -7.4559930E+00   -1.2243620E+01   -5.4292341E+00   -8.9493160E+00   -5.2480841E+00
    1.5930000E+01    6.3248793E+00   -6.2953002E+00   -3.9999999E+00   -3.0399035E+00   -3.1660656E+00   -3.8892863E+00   -9.9502490E+00   -3.5384475E+00   -2.3215385E+00   -5.9980277E+00   -6.4491028E+00   -5.6116110E+00   -1.5705724E+01   -1.4000000E+01   -8.1393470E+00   -3.1869786E+00   -1.4000000E+01   -3.1087075E+00   -3.0000000E+01   -2.4068357E+00   -8.9317002E+00   -9.2596404E+00   -9.1220895E+00   -8.8802567E+00   -1.1708337E+01   -1.1809554E+01   -2.2487344E+01   -8.1073450E+00   -6.4471428E+00   -7.4519872E+00   -1.2240215E+01   -5.4247589E+00   -8.9464050E+00   -5.2448732E+00
    1.6110000E+01    6.3246614E+00   -6.2950169E+00   -3.9999999E+00   -3.0390818E+00   -3.1645299E+00   -3.8554214E+00   -9.9534685E+00   -3.5404947E+00   -2.3188639E+00   -5.9615554E+00   -6.4491056E+00   -5.6099131E+00   -1.5704380E+01   -1.4000000E+01   -8.1015677E+00   -3.1850076E+00   -1.4000000E+01   -3.1424386E+00   -3.0000000E+01   -2.4042955E+00   -8.9358727E+00   -9.2642487E+00   -9.1258060E+00   -8.8789952E+00   -1.1707491E+01   -1.1770704E+01   -2.2449063E+01   -8.1074806E+00   -6.4445825E+00   -7.4483495E+00   -1.2237147E+01   -5.4208200E+00   -8.9433417E+00   -5.2416753E+00
    1.6290000E+01    6.3246267E+00   -6.2949178E+00   -3.9999999E+00   -3.0382603E+00   -3.1630730E+00   -3.8219341E+00   -9.9573554E+00   -3.5425241E+00   -2.3163874E+00   -5.9231396E+00   -6.4491082E+00   -5.6088002E+00   -1.5703583E+01   -1.4000000E+01   -8.0637341E+00   -3.1832081E+00   -1.4000000E+01   -3.1791676E+00   -3.0000000E+01   -2.4017718E+00   -8.9403374E+00   -9.2687828E+00   -9.1300019E+00   -8.8781319E+00   -1.1707003E+01   -1.1732375E+01   -2.2411261E+01   -8.1074343E+00   -6.4418594E+00   -7.4451237E+00   -1.2234449E+01   -5.4174774E+00   -8.9401104E+00   -5.2384913E+00
    1.6470000E+01    6.3247922E+00   -6.2950202E+00   -3.9999999E+00   -3.0374394E+00   -3.1616881E+00   -3.7889680E+00   -9.9619379E+00   -3.5445376E+00   -2.3141268E+00   -5.8832219E+00   -6.4491109E+00   -5.6083362E+00   -1.5703383E+01   -1.4000000E+01   -8.0257254E+00   -3.1815803E+00   -1.4000000E+01   -3.2192713E+00   -3.0000000E+01   -2.3992650E+00   -8.9450884E+00   -9.2732028E+00   -9.1346883E+00   -8.8777136E+00   -1.1706907E+01   -1.1694509E+01   -2.2373867E+01   -8.1071891E+00   -6.4389569E+00   -7.4423571E+00   -1.2232154E+01   -5.4147957E+00   -8.9366950E+00   -5.2353221E+00
    1.6650000E+01    6.3251746E+00   -6.2953404E+00   -3.9999999E+00   -3.0366195E+00   -3.1603659E+00   -3.7566493E+00   -9.9672457E+00   -3.5465369E+00   -2.3120991E+00   -5.8424672E+00   -6.4491135E+00   -5.6085850E+00   -1.5703830E+01   -1.4000000E+01   -7.9874856E+00   -3.1801243E+00   -1.4000000E+01   -3.2631088E+00   -3.0000000E+01   -2.3967756E+00   -8.9501225E+00   -9.2774721E+00   -9.1398784E+00   -8.8777877E+00   -1.1707236E+01   -1.1657114E+01   -2.2336875E+01   -8.1067284E+00   -6.4358587E+00   -7.4400978E+00   -1.2230297E+01   -5.4128395E+00   -8.9330799E+00   -5.2321687E+00
    1.6830000E+01    6.3257890E+00   -6.2958937E+00   -3.9999999E+00   -3.0358010E+00   -3.1590944E+00   -3.7250874E+00   -9.9733056E+00   -3.5485241E+00   -2.3103201E+00   -5.8017659E+00   -6.4491162E+00   -5.6096041E+00   -1.5704971E+01   -1.4000000E+01   -7.9490382E+00   -3.1788408E+00   -1.4000000E+01   -3.3109786E+00   -3.0000000E+01   -2.3943042E+00   -8.9554366E+00   -9.2815575E+00   -9.1455841E+00   -8.8783966E+00   -1.1708022E+01   -1.1620273E+01   -2.2300356E+01   -8.1060370E+00   -6.4325502E+00   -7.4383887E+00   -1.2228910E+01   -5.4116667E+00   -8.9292511E+00   -5.2290323E+00
    1.7010000E+01    6.3266473E+00   -6.2966919E+00   -3.9999999E+00   -3.0349847E+00   -3.1578585E+00   -3.6943754E+00   -9.9801362E+00   -3.5505014E+00   -2.3088023E+00   -5.7622172E+00   -6.4491187E+00   -5.6114349E+00   -1.5706844E+01   -1.4000000E+01   -7.9104984E+00   -3.1777313E+00   -1.4000000E+01   -3.3630627E+00   -3.0000000E+01   -2.3918513E+00   -8.9610256E+00   -9.2854298E+00   -9.1518123E+00   -8.8795702E+00   -1.1709293E+01   -1.1584142E+01   -2.2264464E+01   -8.1051028E+00   -6.4290199E+00   -7.4372602E+00   -1.2228021E+01   -5.4113198E+00   -8.9251976E+00   -5.2259140E+00
    1.7190000E+01    6.3277572E+00   -6.2977427E+00   -3.9999999E+00   -3.0341710E+00   -3.1566406E+00   -3.6645905E+00   -9.9877424E+00   -3.5524709E+00   -2.3075538E+00   -5.7250998E+00   -6.4491213E+00   -5.6140919E+00   -1.5709479E+01   -1.4000000E+01   -7.8720811E+00   -3.1767976E+00   -1.4000000E+01   -3.4193599E+00   -3.0000000E+01   -2.3894172E+00   -8.9668794E+00   -9.2890638E+00   -9.1585602E+00   -8.8813150E+00   -1.1711069E+01   -1.1548950E+01   -2.2229444E+01   -8.1039183E+00   -6.4252602E+00   -7.4367197E+00   -1.2227652E+01   -5.4118135E+00   -8.9209130E+00   -5.2228149E+00
    1.7370000E+01    6.3291206E+00   -6.2990478E+00   -3.9999999E+00   -3.0333604E+00   -3.1554204E+00   -3.6357958E+00   -9.9961104E+00   -3.5544347E+00   -2.3065769E+00   -5.6918411E+00   -6.4491238E+00   -5.6175479E+00   -1.5712888E+01   -1.4000000E+01   -7.8341010E+00   -3.1760424E+00   -1.4000000E+01   -3.4796125E+00   -3.0000000E+01   -2.3870025E+00   -8.9729809E+00   -9.2924386E+00   -9.1658126E+00   -8.8836026E+00   -1.1713363E+01   -1.1514986E+01   -2.2195624E+01   -8.1024813E+00   -6.4212695E+00   -7.4367389E+00   -1.2227815E+01   -5.4131216E+00   -8.9163962E+00   -5.2197360E+00
    1.7550000E+01    6.3307328E+00   -6.3006027E+00   -3.9999999E+00   -3.0325536E+00   -3.1541753E+00   -3.6080406E+00   -1.0005205E+01   -3.5563951E+00   -2.3058673E+00   -5.6640037E+00   -6.4491264E+00   -5.6217207E+00   -1.5717069E+01   -1.4000000E+01   -7.7969648E+00   -3.1754692E+00   -1.4000000E+01   -3.5432346E+00   -3.0000000E+01   -2.3846071E+00   -8.9793045E+00   -9.2955376E+00   -9.1735388E+00   -8.8863552E+00   -1.1716176E+01   -1.1482575E+01   -2.2163410E+01   -8.1007965E+00   -6.4170521E+00   -7.4372407E+00   -1.2228513E+01   -5.4151622E+00   -8.9116527E+00   -5.2166783E+00
    1.7730000E+01    6.3325828E+00   -6.3023959E+00   -3.9999999E+00   -3.0317511E+00   -3.1528812E+00   -3.5813634E+00   -1.0014967E+01   -3.5583538E+00   -2.3054140E+00   -5.6433110E+00   -6.4491289E+00   -5.6264578E+00   -1.5722000E+01   -1.4000000E+01   -7.7611590E+00   -3.1750818E+00   -1.4000000E+01   -3.6092450E+00   -3.0000000E+01   -2.3822313E+00   -8.9858150E+00   -9.2983482E+00   -9.1816922E+00   -8.8894321E+00   -1.1719498E+01   -1.1452052E+01   -2.2133266E+01   -8.0988749E+00   -6.4126193E+00   -7.4380844E+00   -1.2229737E+01   -5.4177832E+00   -8.9066945E+00   -5.2136426E+00
    1.7910000E+01    6.3346386E+00   -6.3043961E+00   -3.9999999E+00   -3.0309584E+00   -3.1515228E+00   -3.5559532E+00   -1.0025249E+01   -3.5603001E+00   -2.3051996E+00   -5.6317443E+00   -6.4491313E+00   -5.6314923E+00   -1.5727602E+01   -1.4000000E+01   -7.7274395E+00   -3.1748831E+00   -1.4000000E+01   -3.6758849E+00   -3.0000000E+01   -2.3798897E+00   -8.9924251E+00   -9.3008467E+00   -9.1901547E+00   -8.8925972E+00   -1.1723281E+01   -1.1423903E+01   -2.2105867E+01   -8.0967487E+00   -6.4080186E+00   -7.4390481E+00   -1.2231450E+01   -5.4207314E+00   -8.9015734E+00   -5.2106486E+00
