# Time          5.0000E+01
# Units: Bars
    Distance        CO2(g)           O2(g)            CH4(g)          
    9.0000000E-02    4.1571599E-02    2.0487753E-01    1.9000025E-04
    2.7000000E-01    4.1933998E-02    1.9792001E-01    1.9000078E-04
    4.5000000E-01    4.1900787E-02    1.9149066E-01    1.9000130E-04
    6.3000000E-01    4.1805882E-02    1.8509610E-01    1.9000181E-04
    8.1000000E-01    4.1715820E-02    1.7864716E-01    1.9000232E-04
    9.9000000E-01    4.1649289E-02    1.7212600E-01    1.9000283E-04
    1.1700000E+00    4.1618169E-02    1.6552833E-01    1.9000333E-04
    1.3500000E+00    4.1636202E-02    1.5885250E-01    1.9000383E-04
    1.5300000E+00    4.1721983E-02    1.5209739E-01    1.9000433E-04
    1.7100000E+00    4.1901339E-02    1.4526200E-01    1.9000482E-04
    1.8900000E+00    4.2210310E-02    1.3834536E-01    1.9000531E-04
    2.0700000E+00    4.2695672E-02    1.3139669E-01    1.9000579E-04
    2.2500000E+00    4.3223313E-02    1.2462724E-01    1.9000626E-04
    2.4300000E+00    4.3762007E-02    1.1803880E-01    1.9000673E-04
    2.6100000E+00    4.4303420E-02    1.1164589E-01    1.9000719E-04
    2.7900000E+00    4.4845297E-02    1.0545378E-01    1.9000765E-04
    2.9700000E+00    4.5386903E-02    9.9465413E-02    1.9000810E-04
    3.1500000E+00    4.5927894E-02    9.3683133E-02    1.9000855E-04
    3.3300000E+00    4.6468028E-02    8.8109075E-02    1.9000899E-04
    3.5100000E+00    4.7007088E-02    8.2745300E-02    1.9000943E-04
    3.6900000E+00    4.7544862E-02    7.7593819E-02    1.9000986E-04
    3.8700000E+00    4.8081141E-02    7.2656594E-02    1.9001029E-04
    4.0500000E+00    4.8615723E-02    6.7935539E-02    1.9001071E-04
    4.2300000E+00    4.9148411E-02    6.3432516E-02    1.9001112E-04
    4.4100000E+00    4.9679025E-02    5.9149329E-02    1.9001153E-04
    4.5900000E+00    5.0207410E-02    5.5087726E-02    1.9001194E-04
    4.7700000E+00    5.0733451E-02    5.1249394E-02    1.9001234E-04
    4.9500000E+00    5.1257075E-02    4.7635966E-02    1.9001273E-04
    5.1300000E+00    5.1778262E-02    4.4249022E-02    1.9001312E-04
    5.3100000E+00    5.2297044E-02    4.1090109E-02    1.9001350E-04
    5.4900000E+00    5.2813512E-02    3.8160752E-02    1.9001388E-04
    5.6700000E+00    5.3327810E-02    3.5462488E-02    1.9001425E-04
    5.8500000E+00    5.3840111E-02    3.2996905E-02    1.9001462E-04
    6.0300000E+00    5.4350574E-02    3.0765696E-02    1.9001498E-04
    6.2100000E+00    5.4859274E-02    2.8770730E-02    1.9001533E-04
    6.3900000E+00    5.5366082E-02    2.7014140E-02    1.9001568E-04
    6.5700000E+00    5.5870477E-02    2.5498429E-02    1.9001602E-04
    6.7500000E+00    5.6371282E-02    2.4226594E-02    1.9001636E-04
    6.9300000E+00    5.6866276E-02    2.3202255E-02    1.9001669E-04
    7.1100000E+00    5.7351656E-02    2.2429802E-02    1.9001701E-04
    7.2900000E+00    5.7821305E-02    2.1914514E-02    1.9001733E-04
    7.4700000E+00    5.8265794E-02    2.1662666E-02    1.9001765E-04
    7.6500000E+00    5.8671047E-02    2.1681581E-02    1.9001795E-04
    7.8300000E+00    5.9016562E-02    2.1979610E-02    1.9001825E-04
    8.0100000E+00    5.9273013E-02    2.2566030E-02    1.9001855E-04
    8.1900000E+00    5.9399982E-02    2.3457130E-02    1.9001884E-04
    8.3700000E+00    5.9439614E-02    2.4567561E-02    1.9001912E-04
    8.5500000E+00    5.9418979E-02    2.5830765E-02    1.9001940E-04
    8.7300000E+00    5.9357728E-02    2.7204630E-02    1.9001967E-04
    8.9100000E+00    5.9269737E-02    2.8660021E-02    1.9001994E-04
    9.0900000E+00    5.9164672E-02    3.0177115E-02    1.9002020E-04
    9.2700000E+00    5.9049137E-02    3.1742716E-02    1.9002045E-04
    9.4500000E+00    5.8927547E-02    3.3348265E-02    1.9002069E-04
    9.6300000E+00    5.8802783E-02    3.4988381E-02    1.9002093E-04
    9.8100000E+00    5.8676688E-02    3.6659808E-02    1.9002117E-04
    9.9900000E+00    5.8550422E-02    3.8360672E-02    1.9002139E-04
    1.0170000E+01    5.8424715E-02    4.0089979E-02    1.9002161E-04
    1.0350000E+01    5.8300040E-02    4.1847283E-02    1.9002183E-04
    1.0530000E+01    5.8176736E-02    4.3632468E-02    1.9002203E-04
    1.0710000E+01    5.8055094E-02    4.5445617E-02    1.9002223E-04
    1.0890000E+01    5.7935419E-02    4.7286925E-02    1.9002243E-04
    1.1070000E+01    5.7818088E-02    4.9156657E-02    1.9002261E-04
    1.1250000E+01    5.7703606E-02    5.1055116E-02    1.9002279E-04
    1.1430000E+01    5.7592671E-02    5.2982629E-02    1.9002297E-04
    1.1610000E+01    5.7486262E-02    5.4939536E-02    1.9002313E-04
    1.1790000E+01    5.7385754E-02    5.6926189E-02    1.9002329E-04
    1.1970000E+01    5.7293074E-02    5.8942948E-02    1.9002344E-04
    1.2150000E+01    5.7210928E-02    6.0990176E-02    1.9002359E-04
    1.2330000E+01    5.7143105E-02    6.3068245E-02    1.9002373E-04
    1.2510000E+01    5.7094637E-02    6.5189330E-02    1.9002386E-04
    1.2690000E+01    5.7046115E-02    6.7265432E-02    1.9002399E-04
    1.2870000E+01    5.6997772E-02    6.9284152E-02    1.9002411E-04
    1.3050000E+01    5.6949603E-02    7.1244776E-02    1.9002424E-04
    1.3230000E+01    5.6901602E-02    7.3146568E-02    1.9002435E-04
    1.3410000E+01    5.6853767E-02    7.4988780E-02    1.9002447E-04
    1.3590000E+01    5.6806096E-02    7.6770656E-02    1.9002458E-04
    1.3770000E+01    5.6758586E-02    7.8491431E-02    1.9002468E-04
    1.3950000E+01    5.6711237E-02    8.0150329E-02    1.9002479E-04
    1.4130000E+01    5.6664049E-02    8.1746566E-02    1.9002489E-04
    1.4310000E+01    5.6617023E-02    8.3279349E-02    1.9002498E-04
    1.4490000E+01    5.6570162E-02    8.4747876E-02    1.9002507E-04
    1.4670000E+01    5.6523469E-02    8.6151334E-02    1.9002516E-04
    1.4850000E+01    5.6476951E-02    8.7488903E-02    1.9002524E-04
    1.5030000E+01    5.6430620E-02    8.8759752E-02    1.9002532E-04
    1.5210000E+01    5.6384489E-02    8.9963041E-02    1.9002539E-04
    1.5390000E+01    5.6338582E-02    9.1097922E-02    1.9002546E-04
    1.5570000E+01    5.6292928E-02    9.2163537E-02    1.9002553E-04
    1.5750000E+01    5.6247573E-02    9.3159018E-02    1.9002559E-04
    1.5930000E+01    5.6202579E-02    9.4083489E-02    1.9002565E-04
    1.6110000E+01    5.6158033E-02    9.4936063E-02    1.9002570E-04
    1.6290000E+01    5.6114060E-02    9.5715844E-02    1.9002575E-04
    1.6470000E+01    5.6070833E-02    9.6421926E-02    1.9002579E-04
    1.6650000E+01    5.6028594E-02    9.7053392E-02    1.9002583E-04
    1.6830000E+01    5.5987687E-02    9.7609314E-02    1.9002587E-04
    1.7010000E+01    5.5948588E-02    9.8088750E-02    1.9002590E-04
    1.7190000E+01    5.5911967E-02    9.8490748E-02    1.9002592E-04
    1.7370000E+01    5.5878763E-02    9.8814340E-02    1.9002594E-04
    1.7550000E+01    5.5850290E-02    9.9058545E-02    1.9002596E-04
    1.7730000E+01    5.5828388E-02    9.9222367E-02    1.9002597E-04
    1.7910000E+01    5.5815633E-02    9.9304792E-02    1.9002597E-04
