# Time          5.0000E+01
# Units: Log10 mol/kgw
    Distance      pH               H+               Li+              Na+              Ca++             K+               Al+++            SiO2(aq)         CO2(aq)          O2(aq)           Methane(aq)      Fe++             Fe+++            HS-              SO4--            Mg++             Cl-              CH2O             Tracer           HCO3-            Al(OH)2+         AlO2-            AlOH++           FeOH+            FeOH++           FeSO4(aq)        FeSO4+           OH-              CO3--            FeCO3(aq)        FeCO3+           FeHCO3+          NaCO3-           NaHCO3(aq)   
    9.0000000E-02    5.8565288E+00   -5.8499711E+00   -3.9999999E+00   -4.7582863E+00   -4.9794408E+00   -5.0404446E+00   -7.0708382E+00   -4.5540382E+00   -3.1829054E+00   -3.4707829E+00   -6.4486706E+00   -7.1401601E+00   -1.4356403E+01   -1.4000000E+01   -1.4000004E+01   -5.1635793E+00   -1.4000000E+01   -4.4093171E+00   -3.0000000E+01   -3.7631405E+00   -6.8063040E+00   -8.0709453E+00   -6.6058448E+00   -1.0803525E+01   -1.0722183E+01   -1.8993606E+01   -2.6711059E+01   -8.6021259E+00   -8.3493002E+00   -1.0678887E+01   -1.2506778E+01   -8.2098955E+00   -1.2463357E+01   -8.2668876E+00
    2.7000000E-01    5.9302106E+00   -5.9227416E+00   -3.9999999E+00   -4.5388665E+00   -4.7284705E+00   -4.7925153E+00   -7.5723682E+00   -4.2992241E+00   -3.1571719E+00   -3.4828206E+00   -6.4486753E+00   -7.0870781E+00   -1.4721869E+01   -1.4000000E+01   -1.4000005E+01   -4.9123919E+00   -1.4000000E+01   -5.5116109E+00   -3.0000000E+01   -3.6627647E+00   -7.1677357E+00   -8.2850133E+00   -7.0381053E+00   -1.0679561E+01   -1.1018379E+01   -1.8948110E+01   -2.7087616E+01   -8.5274848E+00   -8.1723896E+00   -1.0456462E+01   -1.2706406E+01   -8.0601923E+00   -1.2070835E+01   -7.9490071E+00
    4.5000000E-01    5.9811062E+00   -5.9728925E+00   -3.9999999E+00   -4.4071446E+00   -4.5885702E+00   -4.5978835E+00   -7.8912116E+00   -4.1589042E+00   -3.1315074E+00   -3.4951029E+00   -6.4486797E+00   -7.1032341E+00   -1.4867585E+01   -1.4000000E+01   -1.4000004E+01   -4.7749967E+00   -1.4000000E+01   -6.3836146E+00   -3.0000000E+01   -3.5854147E+00   -7.3907230E+00   -8.4062094E+00   -7.3096446E+00   -1.0647116E+01   -1.1116791E+01   -1.8970495E+01   -2.7242411E+01   -8.4758006E+00   -8.0418005E+00   -1.0348242E+01   -1.2730596E+01   -8.0020777E+00   -1.1811652E+01   -7.7415098E+00
    6.3000000E-01    6.0163802E+00   -6.0075274E+00   -3.9999999E+00   -4.3130730E+00   -4.4915860E+00   -4.4513371E+00   -8.1094685E+00   -4.0645388E+00   -3.1044960E+00   -3.5077633E+00   -6.4486838E+00   -7.1401626E+00   -1.4967563E+01   -1.4000000E+01   -1.4000004E+01   -4.6802839E+00   -1.4000000E+01   -6.6674249E+00   -3.0000000E+01   -3.5224478E+00   -7.5435233E+00   -8.4884617E+00   -7.4956992E+00   -1.0650745E+01   -1.1184567E+01   -1.9012791E+01   -2.7350192E+01   -8.4398462E+00   -7.9415397E+00   -1.0290262E+01   -1.2738101E+01   -7.9786897E+00   -1.1620016E+01   -7.5858291E+00
    8.1000000E-01    6.0407986E+00   -6.0313764E+00   -3.9999999E+00   -4.2396070E+00   -4.4156866E+00   -4.3405157E+00   -8.2668693E+00   -3.9944858E+00   -3.0762100E+00   -3.5208331E+00   -6.4486878E+00   -7.1765537E+00   -1.5035686E+01   -1.4000000E+01   -1.4000004E+01   -4.6062417E+00   -1.4000000E+01   -6.6880011E+00   -3.0000000E+01   -3.4691333E+00   -7.6566222E+00   -8.5527237E+00   -7.6314101E+00   -1.0664480E+01   -1.1231000E+01   -1.9053980E+01   -2.7425276E+01   -8.4148189E+00   -7.8620005E+00   -1.0251897E+01   -1.2733631E+01   -7.9641339E+00   -1.1469422E+01   -7.4602638E+00
    9.9000000E-01    6.0572660E+00   -6.0473231E+00   -3.9999999E+00   -4.1789698E+00   -4.3518356E+00   -4.2550029E+00   -8.3827841E+00   -3.9392524E+00   -3.0468033E+00   -3.5343383E+00   -6.4486916E+00   -7.2036129E+00   -1.5080421E+01   -1.4000000E+01   -1.4000003E+01   -4.5438764E+00   -1.4000000E+01   -6.6772139E+00   -3.0000000E+01   -3.4226990E+00   -7.7437482E+00   -8.6069151E+00   -7.7333461E+00   -1.0676686E+01   -1.1261756E+01   -1.9085442E+01   -2.7476384E+01   -8.3977925E+00   -7.7974414E+00   -1.0218785E+01   -1.2720166E+01   -7.9469290E+00   -1.1346438E+01   -7.3543080E+00
    1.1700000E+00    6.0676627E+00   -6.0572351E+00   -3.9999999E+00   -4.1269895E+00   -4.2958473E+00   -4.1872342E+00   -8.4682904E+00   -3.8938513E+00   -3.0164176E+00   -3.5483074E+00   -6.4486954E+00   -7.2190789E+00   -1.5107271E+01   -1.4000000E+01   -1.4000003E+01   -4.4890635E+00   -1.4000000E+01   -6.6634548E+00   -3.0000000E+01   -3.3813930E+00   -7.8123197E+00   -8.6546932E+00   -7.8107664E+00   -1.0683262E+01   -1.1280520E+01   -1.9105018E+01   -2.7509173E+01   -8.3868733E+00   -7.7441909E+00   -1.0185097E+01   -1.2699690E+01   -7.9231138E+00   -1.1243274E+01   -7.2620642E+00
    1.3500000E+00    6.0732953E+00   -6.0624106E+00   -3.9999999E+00   -4.0811845E+00   -4.2455434E+00   -4.1319838E+00   -8.5301442E+00   -3.8552410E+00   -2.9851794E+00   -3.5627717E+00   -6.4486992E+00   -7.2236603E+00   -1.5120073E+01   -1.4000000E+01   -1.4000003E+01   -4.4396790E+00   -1.4000000E+01   -6.6490172E+00   -3.0000000E+01   -3.3440266E+00   -7.8665461E+00   -8.6976542E+00   -7.8691615E+00   -1.0683633E+01   -1.1289864E+01   -1.9113486E+01   -2.7527582E+01   -8.3807463E+00   -7.6997279E+00   -1.0149088E+01   -1.2673622E+01   -7.8922419E+00   -1.1154961E+01   -7.1798791E+00
    1.5300000E+00    6.0750852E+00   -6.0637655E+00   -3.9999999E+00   -4.0399660E+00   -4.1996565E+00   -4.0858395E+00   -8.5736733E+00   -3.8216015E+00   -2.9532003E+00   -3.5777660E+00   -6.4487030E+00   -7.2189846E+00   -1.5121541E+01   -1.4000000E+01   -1.4000003E+01   -4.3944987E+00   -1.4000000E+01   -6.6340523E+00   -3.0000000E+01   -3.3097842E+00   -7.9099572E+00   -8.7374856E+00   -7.9129652E+00   -1.0678523E+01   -1.1291606E+01   -1.9112520E+01   -2.7534391E+01   -8.3784842E+00   -7.6622983E+00   -1.0110678E+01   -1.2642988E+01   -7.8551483E+00   -1.1078179E+01   -7.1053602E+00
    1.7100000E+00    6.0737200E+00   -6.0619832E+00   -3.9999999E+00   -4.0022604E+00   -4.1573597E+00   -4.0464811E+00   -8.6023534E+00   -3.7917077E+00   -2.9205798E+00   -3.5933290E+00   -6.4487069E+00   -7.2067117E+00   -1.5113702E+01   -1.4000000E+01   -1.4000003E+01   -4.3527313E+00   -1.4000000E+01   -6.6185360E+00   -3.0000000E+01   -3.2780736E+00   -7.9446857E+00   -8.7749445E+00   -7.9449854E+00   -1.0668917E+01   -1.1287107E+01   -1.9103812E+01   -2.7531678E+01   -8.3793953E+00   -7.6306097E+00   -1.0070267E+01   -1.2608572E+01   -7.8129172E+00   -1.1010578E+01   -7.0368499E+00
    1.8900000E+00    6.0697308E+00   -6.0575918E+00   -3.9999999E+00   -3.9672938E+00   -4.1180559E+00   -4.0123532E+00   -8.6188221E+00   -3.7646791E+00   -2.8874066E+00   -3.6095039E+00   -6.4487108E+00   -7.1882711E+00   -1.5098122E+01   -1.4000000E+01   -1.4000003E+01   -4.3137856E+00   -1.4000000E+01   -6.5996636E+00   -3.0000000E+01   -3.2484491E+00   -7.9723323E+00   -8.8105696E+00   -7.9673440E+00   -1.0655723E+01   -1.1277417E+01   -1.9088818E+01   -2.7521047E+01   -8.3829452E+00   -7.6036757E+00   -1.0028325E+01   -1.2570993E+01   -7.7665452E+00   -1.0950412E+01   -6.9731351E+00
    2.0700000E+00    6.0656279E+00   -6.0530502E+00   -3.9999999E+00   -3.9209484E+00   -4.0773624E+00   -4.0172189E+00   -8.5420935E+00   -3.7241803E+00   -2.8539729E+00   -3.6262271E+00   -6.4487153E+00   -7.1975241E+00   -1.5082148E+01   -1.4000000E+01   -1.4000003E+01   -4.2550539E+00   -1.4000000E+01   -4.8551283E+00   -3.0000000E+01   -3.2186362E+00   -7.9072981E+00   -8.7537411E+00   -7.8967866E+00   -1.0670452E+01   -1.1267614E+01   -1.9101839E+01   -2.7510474E+01   -8.3865674E+00   -7.5765454E+00   -1.0014200E+01   -1.2533273E+01   -7.7478352E+00   -1.0878833E+01   -6.8979355E+00
    2.2500000E+00    6.0621499E+00   -6.0491517E+00   -3.9999999E+00   -3.8787975E+00   -4.0400373E+00   -4.0225484E+00   -8.5704179E+00   -3.6883812E+00   -2.8230492E+00   -3.6429584E+00   -6.4487199E+00   -7.1904080E+00   -1.5067961E+01   -1.4000000E+01   -1.4000003E+01   -4.2034016E+00   -1.4000000E+01   -4.7992931E+00   -3.0000000E+01   -3.1907267E+00   -7.9459225E+00   -8.7993215E+00   -7.9305677E+00   -1.0668133E+01   -1.1258884E+01   -1.9098345E+01   -2.7501471E+01   -8.3895830E+00   -7.5507485E+00   -9.9848933E+00   -1.2498458E+01   -7.7145866E+00   -1.0812709E+01   -6.8287971E+00
    2.4300000E+00    6.0592479E+00   -6.0458454E+00   -3.9999999E+00   -3.8401726E+00   -4.0055745E+00   -4.0283150E+00   -8.5966392E+00   -3.6564389E+00   -2.7943643E+00   -3.6597352E+00   -6.4487245E+00   -7.1759100E+00   -1.5055624E+01   -1.4000000E+01   -1.4000003E+01   -4.1573144E+00   -1.4000000E+01   -4.7788148E+00   -3.0000000E+01   -3.1644965E+00   -7.9811618E+00   -8.8403648E+00   -7.9615890E+00   -1.0657806E+01   -1.1251347E+01   -1.9087338E+01   -2.7494122E+01   -8.3920392E+00   -7.5261044E+00   -9.9492256E+00   -1.2466448E+01   -7.6755696E+00   -1.0751198E+01   -6.7648311E+00
    2.6100000E+00    6.0568498E+00   -6.0430579E+00   -3.9999999E+00   -3.8045553E+00   -3.9735746E+00   -4.0344980E+00   -8.6210210E+00   -3.6277311E+00   -2.7676660E+00   -3.6765284E+00   -6.4487291E+00   -7.1583456E+00   -1.5044922E+01   -1.4000000E+01   -1.4000003E+01   -4.1157182E+00   -1.4000000E+01   -4.7616466E+00   -3.0000000E+01   -3.1397641E+00   -8.0134347E+00   -8.8774339E+00   -7.9901931E+00   -1.0643864E+01   -1.1244867E+01   -1.9073143E+01   -2.7488228E+01   -8.3940066E+00   -7.5024994E+00   -9.9114102E+00   -1.2436933E+01   -7.6349240E+00   -1.0693673E+01   -6.7053404E+00
    2.7900000E+00    6.0548845E+00   -6.0407169E+00   -3.9999999E+00   -3.7715339E+00   -3.9437163E+00   -4.0410794E+00   -8.6438110E+00   -3.6017734E+00   -2.7427300E+00   -3.6933105E+00   -6.4487338E+00   -7.1397100E+00   -1.5035635E+01   -1.4000000E+01   -1.4000004E+01   -4.0778216E+00   -1.4000000E+01   -4.7448335E+00   -3.0000000E+01   -3.1163751E+00   -8.0431413E+00   -8.9110710E+00   -8.0167052E+00   -1.0628377E+01   -1.1239302E+01   -1.9057767E+01   -2.7483585E+01   -8.3955550E+00   -7.4798465E+00   -9.8733652E+00   -1.2409621E+01   -7.5944953E+00   -1.0639641E+01   -6.6497611E+00
    2.9700000E+00    6.0532966E+00   -6.0387658E+00   -3.9999999E+00   -3.7407761E+00   -3.9157372E+00   -4.0480437E+00   -8.6652141E+00   -3.5781823E+00   -2.7193697E+00   -3.7100514E+00   -6.4487384E+00   -7.1209177E+00   -1.5027591E+01   -1.4000000E+01   -1.4000004E+01   -4.0430251E+00   -1.4000000E+01   -4.7281021E+00   -3.0000000E+01   -3.0941971E+00   -8.0706057E+00   -8.9417113E+00   -8.0413908E+00   -1.0612318E+01   -1.1234541E+01   -1.9042132E+01   -2.7480033E+01   -8.3967389E+00   -7.4580655E+00   -9.8359335E+00   -1.2384273E+01   -7.5550701E+00   -1.0588693E+01   -6.5976310E+00
    3.1500000E+00    6.0520437E+00   -6.0371613E+00   -3.9999999E+00   -3.7120102E+00   -3.8894207E+00   -4.0553773E+00   -8.6854069E+00   -3.5566487E+00   -2.6974296E+00   -3.7267173E+00   -6.4487430E+00   -7.1023885E+00   -1.5020655E+01   -1.4000000E+01   -1.4000004E+01   -4.0108636E+00   -1.4000000E+01   -4.7114526E+00   -3.0000000E+01   -3.0731163E+00   -8.0960972E+00   -8.9697086E+00   -8.0644739E+00   -1.0596151E+01   -1.1230495E+01   -1.9026666E+01   -2.7477449E+01   -8.3975996E+00   -7.4370822E+00   -9.7994681E+00   -1.2360690E+01   -7.5169581E+00   -1.0540488E+01   -6.5485661E+00
    3.3300000E+00    6.0510933E+00   -6.0358703E+00   -3.9999999E+00   -3.6850108E+00   -3.8645855E+00   -4.0630689E+00   -8.7045449E+00   -3.5369202E+00   -2.6767797E+00   -3.7432709E+00   -6.4487477E+00   -7.0843165E+00   -1.5014723E+01   -1.4000000E+01   -1.4000004E+01   -3.9809693E+00   -1.4000000E+01   -4.6949175E+00   -3.0000000E+01   -3.0530341E+00   -8.1198425E+00   -8.9953546E+00   -8.0861464E+00   -1.0580107E+01   -1.1227098E+01   -1.9011569E+01   -2.7475740E+01   -8.3981687E+00   -7.4168277E+00   -9.7641012E+00   -1.2338710E+01   -7.4802582E+00   -1.0494733E+01   -6.5022444E+00
    3.5100000E+00    6.0504210E+00   -6.0348672E+00   -3.9999999E+00   -3.6595896E+00   -3.8410786E+00   -4.0711087E+00   -8.7227667E+00   -3.5187884E+00   -2.6573101E+00   -3.7596708E+00   -6.4487523E+00   -7.0667940E+00   -1.5009715E+01   -1.4000000E+01   -1.4000004E+01   -3.9530463E+00   -1.4000000E+01   -4.6785361E+00   -3.0000000E+01   -3.0338644E+00   -8.1420355E+00   -9.0188924E+00   -8.1065753E+00   -1.0564303E+01   -1.1224297E+01   -1.8996940E+01   -2.7474832E+01   -8.3984702E+00   -7.3972387E+00   -9.7298673E+00   -1.2318198E+01   -7.4449796E+00   -1.0451182E+01   -6.4583929E+00
    3.6900000E+00    6.0500080E+00   -6.0341329E+00   -3.9999999E+00   -3.6355873E+00   -3.8187699E+00   -4.0794888E+00   -8.7401973E+00   -3.5020794E+00   -2.6389278E+00   -3.7758714E+00   -6.4487570E+00   -7.0498685E+00   -1.5005569E+01   -1.4000000E+01   -1.4000004E+01   -3.9268531E+00   -1.4000000E+01   -4.6623519E+00   -3.0000000E+01   -3.0155324E+00   -8.1628436E+00   -9.0405264E+00   -8.1259074E+00   -1.0548809E+01   -1.1222052E+01   -1.8982831E+01   -2.7474674E+01   -8.3985219E+00   -7.3782567E+00   -9.6967608E+00   -1.2299042E+01   -7.4110973E+00   -1.0409618E+01   -6.4167787E+00
    3.8700000E+00    6.0498407E+00   -6.0336532E+00   -3.9999999E+00   -3.6128681E+00   -3.7975477E+00   -4.0882023E+00   -8.7569513E+00   -3.4866466E+00   -2.6215538E+00   -3.7918228E+00   -6.4487617E+00   -7.0335698E+00   -1.5002240E+01   -1.4000000E+01   -1.4000004E+01   -3.9021904E+00   -1.4000000E+01   -4.6464129E+00   -3.0000000E+01   -2.9979718E+00   -8.1824131E+00   -9.0604304E+00   -8.1442737E+00   -1.0533668E+01   -1.1220335E+01   -1.8969277E+01   -2.7475226E+01   -8.3983370E+00   -7.3598275E+00   -9.6647621E+00   -1.2281149E+01   -7.3785776E+00   -1.0369854E+01   -6.3772010E+00
    4.0500000E+00    6.0499097E+00   -6.0334180E+00   -3.9999999E+00   -3.5913156E+00   -3.7773152E+00   -4.0972439E+00   -8.7731343E+00   -3.4723656E+00   -2.6051206E+00   -3.8074707E+00   -6.4487664E+00   -7.0179229E+00   -1.4999693E+01   -1.4000000E+01   -1.4000005E+01   -3.8788915E+00   -1.4000000E+01   -4.6307710E+00   -3.0000000E+01   -2.9811245E+00   -8.2008731E+00   -9.0787525E+00   -8.1617923E+00   -1.0518919E+01   -1.1219124E+01   -1.8956307E+01   -2.7476460E+01   -8.3979243E+00   -7.3419007E+00   -9.6338499E+00   -1.2264441E+01   -7.3473891E+00   -1.0331725E+01   -6.3394861E+00
    4.2300000E+00    6.0502087E+00   -6.0334206E+00   -3.9999999E+00   -3.5708291E+00   -3.7579887E+00   -4.1066091E+00   -8.7888457E+00   -3.4591301E+00   -2.5895709E+00   -3.8227567E+00   -6.4487710E+00   -7.0029538E+00   -1.4997907E+01   -1.4000000E+01   -1.4000005E+01   -3.8568157E+00   -1.4000000E+01   -4.6154826E+00   -3.0000000E+01   -2.9649386E+00   -8.2183388E+00   -9.0956202E+00   -8.1785706E+00   -1.0504593E+01   -1.1218405E+01   -1.8943951E+01   -2.7478359E+01   -8.3972897E+00   -7.3244296E+00   -9.6040069E+00   -1.2248854E+01   -7.3175080E+00   -1.0295085E+01   -6.3034826E+00
    4.4100000E+00    6.0507346E+00   -6.0336576E+00   -3.9999999E+00   -3.5513209E+00   -3.7394945E+00   -4.1162946E+00   -8.8041793E+00   -3.4468484E+00   -2.5748560E+00   -3.8376176E+00   -6.4487757E+00   -6.9886924E+00   -1.4996868E+01   -1.4000000E+01   -1.4000005E+01   -3.8358434E+00   -1.4000000E+01   -4.6006079E+00   -3.0000000E+01   -2.9493683E+00   -8.2349139E+00   -9.1111435E+00   -8.1947080E+00   -1.0490725E+01   -1.1218170E+01   -1.8932241E+01   -2.7480916E+01   -8.3964358E+00   -7.3073698E+00   -9.5752224E+00   -1.2234336E+01   -7.2889199E+00   -1.0259805E+01   -6.2690578E+00
    4.5900000E+00    6.0514869E+00   -6.0341281E+00   -3.9999999E+00   -3.5327146E+00   -3.7217683E+00   -4.1262979E+00   -8.8192257E+00   -3.4354415E+00   -2.5609347E+00   -3.8519866E+00   -6.4487804E+00   -6.9751740E+00   -1.4996571E+01   -1.4000000E+01   -1.4000005E+01   -3.8158720E+00   -1.4000000E+01   -4.5862114E+00   -3.0000000E+01   -2.9343724E+00   -8.2506926E+00   -9.1254175E+00   -8.2102973E+00   -1.0477352E+01   -1.1218416E+01   -1.8921217E+01   -2.7484130E+01   -8.3953628E+00   -7.2906798E+00   -9.5474929E+00   -1.2220844E+01   -7.2616204E+00   -1.0225767E+01   -6.2360947E+00
    4.7700000E+00    6.0524676E+00   -6.0348336E+00   -3.9999999E+00   -3.5149431E+00   -3.7047528E+00   -4.1366171E+00   -8.8340725E+00   -3.4248405E+00   -2.5477725E+00   -3.8657929E+00   -6.4487851E+00   -6.9624395E+00   -1.4997019E+01   -1.4000000E+01   -1.4000005E+01   -3.7968129E+00   -1.4000000E+01   -4.5723612E+00   -3.0000000E+01   -2.9199142E+00   -8.2657616E+00   -9.1385251E+00   -8.2254259E+00   -1.0464514E+01   -1.1219145E+01   -1.8910922E+01   -2.7488008E+01   -8.3940684E+00   -7.2743199E+00   -9.5208222E+00   -1.2208347E+01   -7.2356152E+00   -1.0192867E+01   -6.2044902E+00
    4.9500000E+00    6.0536809E+00   -6.0357781E+00   -3.9999999E+00   -3.4979469E+00   -3.6883976E+00   -4.1472511E+00   -8.8488062E+00   -3.4149856E+00   -2.5353409E+00   -3.8789628E+00   -6.4487898E+00   -6.9505361E+00   -1.4998221E+01   -1.4000000E+01   -1.4000005E+01   -3.7785890E+00   -1.4000000E+01   -4.5591284E+00   -3.0000000E+01   -2.9059607E+00   -8.2802013E+00   -9.1505382E+00   -8.2401777E+00   -1.0452256E+01   -1.1220366E+01   -1.8901405E+01   -2.7492562E+01   -8.3925480E+00   -7.2582517E+00   -9.4952220E+00   -1.2196818E+01   -7.2109195E+00   -1.0161007E+01   -6.1741524E+00
    5.1300000E+00    6.0551332E+00   -6.0369678E+00   -3.9999999E+00   -3.4816736E+00   -3.6726575E+00   -4.1581991E+00   -8.8635128E+00   -3.4058243E+00   -2.5236168E+00   -3.8914198E+00   -6.4487945E+00   -6.9395173E+00   -1.5000195E+01   -1.4000000E+01   -1.4000005E+01   -3.7611331E+00   -1.4000000E+01   -4.5465869E+00   -3.0000000E+01   -2.8924820E+00   -8.2940871E+00   -9.1615195E+00   -8.2546335E+00   -1.0440624E+01   -1.1222089E+01   -1.8892722E+01   -2.7497814E+01   -8.3907949E+00   -7.2424384E+00   -9.4707107E+00   -1.2186241E+01   -7.1875583E+00   -1.0130100E+01   -6.1449997E+00
    5.3100000E+00    6.0568331E+00   -6.0384108E+00   -3.9999999E+00   -3.4660766E+00   -3.6574923E+00   -4.1694611E+00   -8.8782791E+00   -3.3973106E+00   -2.5125823E+00   -3.9030861E+00   -6.4487991E+00   -6.9294427E+00   -1.5002963E+01   -1.4000000E+01   -1.4000005E+01   -3.7443861E+00   -1.4000000E+01   -4.5348124E+00   -3.0000000E+01   -2.8794514E+00   -8.3074907E+00   -9.1715234E+00   -8.2688729E+00   -1.0429671E+01   -1.1224330E+01   -1.8884934E+01   -2.7503789E+01   -8.3888004E+00   -7.2268439E+00   -9.4473141E+00   -1.2176607E+01   -7.1655653E+00   -1.0100063E+01   -6.1169592E+00
    5.4900000E+00    6.0587913E+00   -6.0401179E+00   -3.9999999E+00   -3.4511145E+00   -3.6428660E+00   -4.1810372E+00   -8.8931933E+00   -3.3894043E+00   -2.5022240E+00   -3.9138833E+00   -6.4488038E+00   -6.9203787E+00   -1.5006556E+01   -1.4000000E+01   -1.4000006E+01   -3.7282959E+00   -1.4000000E+01   -4.5238814E+00   -3.0000000E+01   -2.8668446E+00   -8.3204807E+00   -9.1805970E+00   -8.2829745E+00   -1.0419452E+01   -1.1227110E+01   -1.8878111E+01   -2.7510521E+01   -8.3865535E+00   -7.2114324E+00   -9.4250643E+00   -1.2167912E+01   -7.1449834E+00   -1.0070821E+01   -6.0899656E+00
    5.6700000E+00    6.0610208E+00   -6.0421017E+00   -3.9999999E+00   -3.4367502E+00   -3.6287461E+00   -4.1929278E+00   -8.9083467E+00   -3.3820700E+00   -2.4925333E+00   -3.9237336E+00   -6.4488085E+00   -6.9123978E+00   -1.5011011E+01   -1.4000000E+01   -1.4000006E+01   -3.7128162E+00   -1.4000000E+01   -4.5138702E+00   -3.0000000E+01   -2.8546397E+00   -8.3331237E+00   -9.1887809E+00   -8.2970175E+00   -1.0410029E+01   -1.1230455E+01   -1.8872326E+01   -2.7518048E+01   -8.3840409E+00   -7.1961684E+00   -9.4040003E+00   -1.2160161E+01   -7.1258644E+00   -1.0042301E+01   -6.0639603E+00
    5.8500000E+00    6.0635371E+00   -6.0443776E+00   -3.9999999E+00   -3.4229506E+00   -3.6151036E+00   -4.2051334E+00   -8.9238339E+00   -3.3752767E+00   -2.4835059E+00   -3.9325618E+00   -6.4488131E+00   -6.9055799E+00   -1.5016372E+01   -1.4000000E+01   -1.4000006E+01   -3.6979062E+00   -1.4000000E+01   -4.5048535E+00   -3.0000000E+01   -2.8428169E+00   -8.3454852E+00   -9.1961098E+00   -8.3110822E+00   -1.0401466E+01   -1.1234394E+01   -1.8867659E+01   -2.7526418E+01   -8.3812471E+00   -7.1810162E+00   -9.3841674E+00   -1.2153364E+01   -7.1082686E+00   -1.0014436E+01   -6.0388908E+00
    6.0300000E+00    6.0663580E+00   -6.0469631E+00   -3.9999999E+00   -3.4096860E+00   -3.6019120E+00   -4.2176547E+00   -8.9397545E+00   -3.3689973E+00   -2.4751418E+00   -3.9402960E+00   -6.4488178E+00   -6.9000116E+00   -1.5022692E+01   -1.4000000E+01   -1.4000006E+01   -3.6835291E+00   -1.4000000E+01   -4.4969032E+00   -3.0000000E+01   -2.8313582E+00   -8.3576303E+00   -9.2026131E+00   -8.3252511E+00   -1.0393833E+01   -1.1238962E+01   -1.8864200E+01   -2.7535684E+01   -8.3781541E+00   -7.1659394E+00   -9.3656171E+00   -1.2147539E+01   -7.0922655E+00   -9.9871607E+00   -6.0147097E+00
    6.2100000E+00    6.0695042E+00   -6.0498789E+00   -3.9999999E+00   -3.3969300E+00   -3.5891477E+00   -4.2304920E+00   -8.9562142E+00   -3.3632083E+00   -2.4674454E+00   -3.9468698E+00   -6.4488224E+00   -6.8957871E+00   -1.5030031E+01   -1.4000000E+01   -1.4000006E+01   -3.6696524E+00   -1.4000000E+01   -4.4900867E+00   -3.0000000E+01   -2.8202472E+00   -8.3696246E+00   -9.2083150E+00   -8.3396099E+00   -1.0387202E+01   -1.1244200E+01   -1.8862044E+01   -2.7545909E+01   -8.3747410E+00   -7.1509006E+00   -9.3484074E+00   -1.2142711E+01   -7.0779334E+00   -9.9604108E+00   -5.9913744E+00
    6.3900000E+00    6.0729993E+00   -6.0531484E+00   -3.9999999E+00   -3.3846587E+00   -3.5767891E+00   -4.2436459E+00   -8.9733260E+00   -3.3578891E+00   -2.4604259E+00   -3.9522238E+00   -6.4488271E+00   -6.8930084E+00   -1.5038459E+01   -1.4000000E+01   -1.4000006E+01   -3.6562468E+00   -1.4000000E+01   -4.4844653E+00   -3.0000000E+01   -2.8094692E+00   -8.3815349E+00   -9.2132351E+00   -8.3542488E+00   -1.0381654E+01   -1.1250155E+01   -1.8861293E+01   -2.7557164E+01   -8.3709841E+00   -7.1358611E+00   -9.3326026E+00   -1.2138912E+01   -7.0653604E+00   -9.9341246E+00   -5.9688467E+00
    6.5700000E+00    6.0768702E+00   -6.0567984E+00   -3.9999999E+00   -3.3728510E+00   -3.5648168E+00   -4.2571161E+00   -8.9912119E+00   -3.3530224E+00   -2.4540969E+00   -3.9563072E+00   -6.4488317E+00   -6.8917861E+00   -1.5048055E+01   -1.4000000E+01   -1.4000006E+01   -3.6432861E+00   -1.4000000E+01   -4.4800927E+00   -3.0000000E+01   -2.7990108E+00   -8.3934301E+00   -9.2173886E+00   -8.3692634E+00   -1.0377272E+01   -1.1256879E+01   -1.8862059E+01   -2.7569530E+01   -8.3668563E+00   -7.1207802E+00   -9.3182736E+00   -1.2136183E+01   -7.0546438E+00   -9.9082408E+00   -5.9470922E+00
    6.7500000E+00    6.0811476E+00   -6.0608595E+00   -3.9999999E+00   -3.3614878E+00   -3.5532134E+00   -4.2709023E+00   -9.0100043E+00   -3.3485933E+00   -2.4484770E+00   -3.9590790E+00   -6.4488363E+00   -6.8922400E+00   -1.5058910E+01   -1.4000000E+01   -1.4000006E+01   -3.6307467E+00   -1.4000000E+01   -4.4770139E+00   -3.0000000E+01   -2.7888601E+00   -8.4053824E+00   -9.2207860E+00   -8.3847560E+00   -1.0374145E+01   -1.1264435E+01   -1.8864462E+01   -2.7583100E+01   -8.3623270E+00   -7.1056151E+00   -9.3054978E+00   -1.2134573E+01   -7.0458919E+00   -9.8826978E+00   -5.9260801E+00
    6.9300000E+00    6.0858663E+00   -6.0653664E+00   -3.9999999E+00   -3.3505522E+00   -3.5419628E+00   -4.2850031E+00   -9.0298485E+00   -3.3445897E+00   -2.4435905E+00   -3.9605096E+00   -6.4488409E+00   -6.8944997E+00   -1.5071129E+01   -1.4000000E+01   -1.4000006E+01   -3.6186077E+00   -1.4000000E+01   -4.4752631E+00   -3.0000000E+01   -2.7790062E+00   -8.4174677E+00   -9.2234340E+00   -8.4008374E+00   -1.0372368E+01   -1.1272891E+01   -1.8868633E+01   -2.7597977E+01   -8.3573613E+00   -7.0903198E+00   -9.2943596E+00   -1.2134142E+01   -7.0392238E+00   -9.8574331E+00   -5.9057827E+00
    7.1100000E+00    6.0910659E+00   -6.0703587E+00   -3.9999999E+00   -3.3400292E+00   -3.5310510E+00   -4.2994164E+00   -9.0509045E+00   -3.3410017E+00   -2.4394671E+00   -3.9605812E+00   -6.4488455E+00   -6.8987058E+00   -1.5084829E+01   -1.4000000E+01   -1.4000006E+01   -3.6068500E+00   -1.4000000E+01   -4.4748636E+00   -3.0000000E+01   -2.7694393E+00   -8.4297677E+00   -9.2253347E+00   -8.4176285E+00   -1.0372044E+01   -1.1282327E+01   -1.8874713E+01   -2.7614282E+01   -8.3519193E+00   -7.0748448E+00   -9.2849507E+00   -1.2134958E+01   -7.0347707E+00   -9.8323824E+00   -5.8861756E+00
    7.2900000E+00    6.0967916E+00   -6.0758815E+00   -3.9999999E+00   -3.3299057E+00   -3.5204649E+00   -4.3141389E+00   -9.0733502E+00   -3.3378219E+00   -2.4361436E+00   -3.9592888E+00   -6.4488500E+00   -6.9050112E+00   -1.5100146E+01   -1.4000000E+01   -1.4000005E+01   -3.5954568E+00   -1.4000000E+01   -4.4758261E+00   -3.0000000E+01   -2.7601510E+00   -8.4423704E+00   -9.2264859E+00   -8.4352624E+00   -1.0373278E+01   -1.1292832E+01   -1.8882855E+01   -2.7632149E+01   -8.3459561E+00   -7.0591363E+00   -9.2773704E+00   -1.2137103E+01   -7.0326770E+00   -9.8074789E+00   -5.8672369E+00
    7.4700000E+00    6.1030948E+00   -6.0819861E+00   -3.9999999E+00   -3.3201701E+00   -3.5101932E+00   -4.3291659E+00   -9.0973844E+00   -3.3350452E+00   -2.4336637E+00   -3.9566402E+00   -6.4488545E+00   -6.9135825E+00   -1.5117234E+01   -1.4000000E+01   -1.4000005E+01   -3.5844130E+00   -1.4000000E+01   -4.4781490E+00   -3.0000000E+01   -2.7511335E+00   -8.4553720E+00   -9.2268812E+00   -8.4538867E+00   -1.0376188E+01   -1.1304510E+01   -1.8893225E+01   -2.7651734E+01   -8.3394201E+00   -7.0431351E+00   -9.2717265E+00   -1.2140673E+01   -7.0331018E+00   -9.7826520E+00   -5.8489475E+00
    7.6500000E+00    6.1100344E+00   -6.0887315E+00   -3.9999999E+00   -3.3108123E+00   -3.5002257E+00   -4.3444910E+00   -9.1232314E+00   -3.3326685E+00   -2.4320798E+00   -3.9526558E+00   -6.4488590E+00   -6.9246018E+00   -1.5136269E+01   -1.4000000E+01   -1.4000005E+01   -3.5737051E+00   -1.4000000E+01   -4.4818178E+00   -3.0000000E+01   -2.7423803E+00   -8.4688792E+00   -9.2265091E+00   -8.4736670E+00   -1.0380896E+01   -1.1317478E+01   -1.8906007E+01   -2.7673214E+01   -8.3322523E+00   -7.0267757E+00   -9.2681354E+00   -1.2145780E+01   -7.0362207E+00   -9.7578260E+00   -5.8312909E+00
    7.8300000E+00    6.1176782E+00   -6.0961853E+00   -3.9999999E+00   -3.3018238E+00   -3.4905532E+00   -4.3601055E+00   -9.1511455E+00   -3.3306913E+00   -2.4314540E+00   -3.9473678E+00   -6.4488635E+00   -6.9382687E+00   -1.5157456E+01   -1.4000000E+01   -1.4000005E+01   -3.5633213E+00   -1.4000000E+01   -4.4868060E+00   -3.0000000E+01   -2.7338857E+00   -8.4830110E+00   -9.2253534E+00   -8.4947899E+00   -1.0387534E+01   -1.1331873E+01   -1.8921399E+01   -2.7696791E+01   -8.3243851E+00   -7.0099846E+00   -9.2667236E+00   -1.2152553E+01   -7.0422277E+00   -9.7329192E+00   -5.8142529E+00
    8.0100000E+00    6.1261044E+00   -6.1044258E+00   -3.9999999E+00   -3.2931971E+00   -3.4811686E+00   -4.3759855E+00   -9.1814146E+00   -3.3291190E+00   -2.4318595E+00   -3.9408197E+00   -6.4488679E+00   -6.9547950E+00   -1.5181027E+01   -1.4000000E+01   -1.4000005E+01   -3.5532521E+00   -1.4000000E+01   -4.4931507E+00   -3.0000000E+01   -2.7256448E+00   -8.4978988E+00   -9.2233888E+00   -8.5174652E+00   -1.0396235E+01   -1.1347851E+01   -1.8939614E+01   -2.7722701E+01   -8.3157402E+00   -6.9926788E+00   -9.2676195E+00   -1.2161144E+01   -7.0513296E+00   -9.7078407E+00   -5.7978208E+00
    8.1900000E+00    6.1355368E+00   -6.1136770E+00   -3.9999999E+00   -3.2843580E+00   -3.4723520E+00   -4.3811869E+00   -9.2136959E+00   -3.3313537E+00   -2.4333943E+00   -3.9330082E+00   -6.4488723E+00   -6.9638016E+00   -1.5207751E+01   -1.4000000E+01   -1.4000005E+01   -3.5440479E+00   -1.4000000E+01   -5.1934286E+00   -3.0000000E+01   -2.7175320E+00   -8.5127504E+00   -9.2193756E+00   -8.5411252E+00   -1.0396396E+01   -1.1365954E+01   -1.8950270E+01   -2.7751706E+01   -8.3060942E+00   -6.9745098E+00   -9.2600934E+00   -1.2171968E+01   -7.0530206E+00   -9.6816669E+00   -5.7812945E+00
    8.3700000E+00    6.1449281E+00   -6.1228914E+00   -3.9999999E+00   -3.2758806E+00   -3.4637850E+00   -4.3863904E+00   -9.2437251E+00   -3.3338543E+00   -2.4351287E+00   -3.9250027E+00   -6.4488766E+00   -6.9782253E+00   -1.5234282E+01   -1.4000000E+01   -1.4000004E+01   -3.5351037E+00   -1.4000000E+01   -5.7962913E+00   -3.0000000E+01   -2.7096646E+00   -8.5253988E+00   -9.2132415E+00   -8.5625548E+00   -1.0402002E+01   -1.1383884E+01   -1.8966306E+01   -2.7780467E+01   -8.2964939E+00   -6.9566410E+00   -9.2582484E+00   -1.2182847E+01   -7.0603564E+00   -9.6561366E+00   -5.7653660E+00
    8.5500000E+00    6.1541054E+00   -6.1318958E+00   -3.9999999E+00   -3.2677389E+00   -3.4554602E+00   -4.3915392E+00   -9.2726455E+00   -3.3365957E+00   -2.4368756E+00   -3.9170583E+00   -6.4488809E+00   -6.9965334E+00   -1.5260219E+01   -1.4000000E+01   -1.4000004E+01   -3.5264025E+00   -1.4000000E+01   -6.1504868E+00   -3.0000000E+01   -2.7020280E+00   -8.5373347E+00   -9.2068226E+00   -8.5830708E+00   -1.0411694E+01   -1.1401417E+01   -1.8986192E+01   -2.7808585E+01   -8.2871119E+00   -6.9392297E+00   -9.2607112E+00   -1.2193542E+01   -7.0717905E+00   -9.6313822E+00   -5.7499952E+00
    8.7300000E+00    6.1630486E+00   -6.1406697E+00   -3.9999999E+00   -3.2599090E+00   -3.4473656E+00   -4.3966117E+00   -9.3004156E+00   -3.3395539E+00   -2.4386013E+00   -3.9092088E+00   -6.4488851E+00   -7.0175446E+00   -1.5285497E+01   -1.4000000E+01   -1.4000004E+01   -3.5179310E+00   -1.4000000E+01   -6.2690215E+00   -3.0000000E+01   -2.6946085E+00   -8.5485588E+00   -9.2001603E+00   -8.6026532E+00   -1.0424311E+01   -1.1418507E+01   -1.9008749E+01   -2.7835998E+01   -8.2779682E+00   -6.9222822E+00   -9.2663083E+00   -1.2203995E+01   -7.0861288E+00   -9.6073871E+00   -5.7351451E+00
    8.9100000E+00    6.1717630E+00   -6.1492185E+00   -3.9999999E+00   -3.2523695E+00   -3.4394894E+00   -4.4015994E+00   -9.3270854E+00   -3.3427072E+00   -2.4402990E+00   -3.9014578E+00   -6.4488893E+00   -7.0403547E+00   -1.5310128E+01   -1.4000000E+01   -1.4000004E+01   -3.5096774E+00   -1.4000000E+01   -6.3003441E+00   -3.0000000E+01   -2.6873939E+00   -8.5591116E+00   -9.1932843E+00   -8.6213472E+00   -1.0438945E+01   -1.1435163E+01   -1.9033074E+01   -2.7862720E+01   -8.2690573E+00   -6.9057799E+00   -9.2741187E+00   -1.2214203E+01   -7.1024556E+00   -9.5841117E+00   -5.7207822E+00
    9.0900000E+00    6.1802580E+00   -6.1575513E+00   -3.9999999E+00   -3.2451006E+00   -3.4318208E+00   -4.4064980E+00   -9.3527160E+00   -3.3460358E+00   -2.4419669E+00   -3.8938037E+00   -6.4488935E+00   -7.0642751E+00   -1.5334138E+01   -1.4000000E+01   -1.4000004E+01   -3.5016303E+00   -1.4000000E+01   -6.3123993E+00   -3.0000000E+01   -2.6803727E+00   -8.5690372E+00   -9.1862199E+00   -8.6392058E+00   -1.0454898E+01   -1.1451400E+01   -1.9058479E+01   -2.7888778E+01   -8.2603697E+00   -6.8897017E+00   -9.2834339E+00   -1.2224170E+01   -7.1200717E+00   -9.5615163E+00   -5.7068758E+00
    9.2700000E+00    6.1885427E+00   -6.1656770E+00   -3.9999999E+00   -3.2380847E+00   -3.4243505E+00   -4.4113055E+00   -9.3773658E+00   -3.3495218E+00   -2.4436040E+00   -3.8862439E+00   -6.4488976E+00   -7.0887872E+00   -1.5357549E+01   -1.4000000E+01   -1.4000003E+01   -3.4937781E+00   -1.4000000E+01   -6.3207835E+00   -3.0000000E+01   -2.6735345E+00   -8.5783767E+00   -9.1789901E+00   -8.6562786E+00   -1.0471642E+01   -1.1467235E+01   -1.9084448E+01   -2.7914197E+01   -8.2518959E+00   -6.8740275E+00   -9.2937168E+00   -1.2233904E+01   -7.1384487E+00   -9.5395635E+00   -5.6933983E+00
    9.4500000E+00    6.1966254E+00   -6.1736038E+00   -3.9999999E+00   -3.2313056E+00   -3.4170710E+00   -4.4160205E+00   -9.4010880E+00   -3.3531489E+00   -2.4452090E+00   -3.8787757E+00   -6.4489017E+00   -7.1135080E+00   -1.5380384E+01   -1.4000000E+01   -1.4000003E+01   -3.4861087E+00   -1.4000000E+01   -6.3284375E+00   -3.0000000E+01   -2.6668698E+00   -8.5871679E+00   -9.1716159E+00   -8.6726113E+00   -1.0488788E+01   -1.1482681E+01   -1.9110599E+01   -2.7939003E+01   -8.2436276E+00   -6.8587388E+00   -9.3045671E+00   -1.2243409E+01   -7.1571947E+00   -9.5182196E+00   -5.6803242E+00
    9.6300000E+00    6.2045136E+00   -6.1813391E+00   -3.9999999E+00   -3.2247486E+00   -3.4099773E+00   -4.4206418E+00   -9.4239308E+00   -3.3569021E+00   -2.4467809E+00   -3.8713968E+00   -6.4489058E+00   -7.1381625E+00   -1.5402664E+01   -1.4000000E+01   -1.4000003E+01   -3.4786089E+00   -1.4000000E+01   -6.3358897E+00   -3.0000000E+01   -2.6603696E+00   -8.5954453E+00   -9.1641169E+00   -8.6882454E+00   -1.0506052E+01   -1.1497752E+01   -1.9136658E+01   -2.7963216E+01   -8.2355570E+00   -6.8438190E+00   -9.3156944E+00   -1.2252691E+01   -7.1760264E+00   -9.4974536E+00   -5.6676301E+00
    9.8100000E+00    6.2122140E+00   -6.1888894E+00   -3.9999999E+00   -3.2184002E+00   -3.4030668E+00   -4.4251688E+00   -9.4459382E+00   -3.3607677E+00   -2.4483182E+00   -3.8641045E+00   -6.4489099E+00   -7.1625605E+00   -1.5424407E+01   -1.4000000E+01   -1.4000003E+01   -3.4712635E+00   -1.4000000E+01   -6.3432345E+00   -3.0000000E+01   -2.6540259E+00   -8.6032404E+00   -9.1565111E+00   -8.7032187E+00   -1.0523239E+01   -1.1512460E+01   -1.9162435E+01   -2.7986857E+01   -8.2276775E+00   -6.8292527E+00   -9.3268941E+00   -1.2261754E+01   -7.1947459E+00   -9.4772373E+00   -5.6552948E+00
    9.9900000E+00    6.2197325E+00   -6.1962605E+00   -3.9999999E+00   -3.2122480E+00   -3.3963397E+00   -4.4296010E+00   -9.4671500E+00   -3.3647332E+00   -2.4498194E+00   -3.8568967E+00   -6.4489139E+00   -7.1865766E+00   -1.5445629E+01   -1.4000000E+01   -1.4000003E+01   -3.4640555E+00   -1.4000000E+01   -6.3504902E+00   -3.0000000E+01   -2.6478310E+00   -8.6105821E+00   -9.1488158E+00   -8.7175656E+00   -1.0540217E+01   -1.1526817E+01   -1.9187807E+01   -2.8009943E+01   -8.2199828E+00   -6.8150260E+00   -9.3380280E+00   -1.2270603E+01   -7.2132207E+00   -9.4575449E+00   -5.6432985E+00
    1.0170000E+01    6.2270743E+00   -6.2034576E+00   -3.9999999E+00   -3.2062807E+00   -3.3897991E+00   -4.4339376E+00   -9.4876023E+00   -3.3687870E+00   -2.4512827E+00   -3.8497710E+00   -6.4489179E+00   -7.2101333E+00   -1.5466344E+01   -1.4000000E+01   -1.4000002E+01   -3.4569659E+00   -1.4000000E+01   -6.3576617E+00   -3.0000000E+01   -2.6417779E+00   -8.6174970E+00   -9.1410471E+00   -8.7313176E+00   -1.0556904E+01   -1.1540832E+01   -1.9212697E+01   -2.8032491E+01   -8.2124678E+00   -6.8011264E+00   -9.3490070E+00   -1.2279239E+01   -7.2313669E+00   -9.4383530E+00   -5.6316231E+00
    1.0350000E+01    6.2342440E+00   -6.2104850E+00   -3.9999999E+00   -3.2004878E+00   -3.3834500E+00   -4.4381783E+00   -9.5073276E+00   -3.3729182E+00   -2.4527064E+00   -3.8427253E+00   -6.4489219E+00   -7.2331882E+00   -1.5486565E+01   -1.4000000E+01   -1.4000002E+01   -3.4499741E+00   -1.4000000E+01   -6.3647516E+00   -3.0000000E+01   -2.6358600E+00   -8.6240093E+00   -9.1332201E+00   -8.7445032E+00   -1.0573253E+01   -1.1554513E+01   -1.9237063E+01   -2.8054514E+01   -8.2051276E+00   -6.7875422E+00   -9.3597780E+00   -1.2287667E+01   -7.2491357E+00   -9.4196399E+00   -5.6202516E+00
    1.0530000E+01    6.2412455E+00   -6.2173466E+00   -3.9999999E+00   -3.1948594E+00   -3.3772989E+00   -4.4423221E+00   -9.5263553E+00   -3.3771171E+00   -2.4540881E+00   -3.8357575E+00   -6.4489258E+00   -7.2557220E+00   -1.5506302E+01   -1.4000000E+01   -1.4000002E+01   -3.4430593E+00   -1.4000000E+01   -6.3717622E+00   -3.0000000E+01   -2.6300711E+00   -8.6301415E+00   -9.1253493E+00   -8.7571482E+00   -1.0589242E+01   -1.1567869E+01   -1.9260887E+01   -2.8076023E+01   -8.1979583E+00   -6.7742632E+00   -9.3703123E+00   -1.2295886E+01   -7.2665023E+00   -9.4013861E+00   -5.6091685E+00
    1.0710000E+01    6.2480821E+00   -6.2240456E+00   -3.9999999E+00   -3.1893868E+00   -3.3713524E+00   -4.4463678E+00   -9.5447116E+00   -3.3813744E+00   -2.4554256E+00   -3.8288657E+00   -6.4489298E+00   -7.2777312E+00   -1.5525566E+01   -1.4000000E+01   -1.4000002E+01   -3.4362011E+00   -1.4000000E+01   -6.3786955E+00   -3.0000000E+01   -2.6244054E+00   -8.6359138E+00   -9.1174484E+00   -8.7692760E+00   -1.0604865E+01   -1.1580904E+01   -1.9284167E+01   -2.8097030E+01   -8.1909566E+00   -6.7612799E+00   -9.3805976E+00   -1.2303899E+01   -7.2834576E+00   -9.3835736E+00   -5.5983592E+00
    1.0890000E+01    6.2547565E+00   -6.2305847E+00   -3.9999999E+00   -3.1840615E+00   -3.3656160E+00   -4.4503134E+00   -9.5624197E+00   -3.3856815E+00   -2.4567163E+00   -3.8220479E+00   -6.4489337E+00   -7.2992212E+00   -1.5544363E+01   -1.4000000E+01   -1.4000002E+01   -3.4293815E+00   -1.4000000E+01   -6.3855534E+00   -3.0000000E+01   -2.6188576E+00   -8.6413447E+00   -9.1095304E+00   -8.7809076E+00   -1.0620123E+01   -1.1593624E+01   -1.9306908E+01   -2.8117543E+01   -8.1841194E+00   -6.7485840E+00   -9.3906319E+00   -1.2311705E+01   -7.3000022E+00   -9.3661860E+00   -5.5878101E+00
    1.1070000E+01    6.2612709E+00   -6.2369659E+00   -3.9999999E+00   -3.1788758E+00   -3.3600930E+00   -4.4541548E+00   -9.5795001E+00   -3.3900303E+00   -2.4579574E+00   -3.8153022E+00   -6.4489376E+00   -7.3202027E+00   -1.5562698E+01   -1.4000000E+01   -1.4000002E+01   -3.4225864E+00   -1.4000000E+01   -6.3923378E+00   -3.0000000E+01   -2.6134226E+00   -8.6464509E+00   -9.1016078E+00   -8.7920615E+00   -1.0635025E+01   -1.1606033E+01   -1.9329122E+01   -2.8137568E+01   -8.1774447E+00   -6.7361678E+00   -9.4004189E+00   -1.2319303E+01   -7.3161419E+00   -9.3492084E+00   -5.5775086E+00
    1.1250000E+01    6.2676270E+00   -6.2431907E+00   -3.9999999E+00   -3.1738225E+00   -3.3547832E+00   -4.4578853E+00   -9.5959706E+00   -3.3944133E+00   -2.4591458E+00   -3.8086270E+00   -6.4489415E+00   -7.3406883E+00   -1.5580577E+01   -1.4000000E+01   -1.4000002E+01   -3.4158064E+00   -1.4000000E+01   -6.3990506E+00   -3.0000000E+01   -2.6080955E+00   -8.6512476E+00   -9.0936924E+00   -8.8027544E+00   -1.0649584E+01   -1.1618134E+01   -1.9350822E+01   -2.8157111E+01   -8.1709306E+00   -6.7240248E+00   -9.4099653E+00   -1.2326692E+01   -7.3318849E+00   -9.3326272E+00   -5.5674429E+00
    1.1430000E+01    6.2738257E+00   -6.2492603E+00   -3.9999999E+00   -3.1688947E+00   -3.3496823E+00   -4.4614933E+00   -9.6118469E+00   -3.3988235E+00   -2.4602781E+00   -3.8020204E+00   -6.4489453E+00   -7.3606909E+00   -1.5598001E+01   -1.4000000E+01   -1.4000002E+01   -3.4090376E+00   -1.4000000E+01   -6.4056935E+00   -3.0000000E+01   -2.6028719E+00   -8.6557490E+00   -9.0857964E+00   -8.8130011E+00   -1.0663811E+01   -1.1629928E+01   -1.9372022E+01   -2.8176175E+01   -8.1645761E+00   -6.7121491E+00   -9.4192788E+00   -1.2333870E+01   -7.3472400E+00   -9.3164302E+00   -5.5576017E+00
    1.1610000E+01    6.2798676E+00   -6.2551749E+00   -3.9999999E+00   -3.1640862E+00   -3.3447817E+00   -4.4649600E+00   -9.6271427E+00   -3.4032542E+00   -2.4613507E+00   -3.7954809E+00   -6.4489492E+00   -7.3802225E+00   -1.5614972E+01   -1.4000000E+01   -1.4000002E+01   -3.4022824E+00   -1.4000000E+01   -6.4122681E+00   -3.0000000E+01   -2.5977475E+00   -8.6599684E+00   -9.0779320E+00   -8.8228154E+00   -1.0677718E+01   -1.1641418E+01   -1.9392734E+01   -2.8194762E+01   -8.1583805E+00   -6.7005357E+00   -9.4283671E+00   -1.2340833E+01   -7.3622151E+00   -9.3006063E+00   -5.5479748E+00
    1.1790000E+01    6.2857527E+00   -6.2609346E+00   -3.9999999E+00   -3.1593910E+00   -3.3400685E+00   -4.4682555E+00   -9.6418709E+00   -3.4076989E+00   -2.4623595E+00   -3.7890068E+00   -6.4489530E+00   -7.3992939E+00   -1.5631489E+01   -1.4000000E+01   -1.3999995E+01   -3.3955486E+00   -1.4000000E+01   -6.4187761E+00   -3.0000000E+01   -2.5927183E+00   -8.6639192E+00   -9.0701125E+00   -8.8322102E+00   -1.0691315E+01   -1.1652601E+01   -1.9412963E+01   -2.8212865E+01   -8.1523438E+00   -6.6891804E+00   -9.4372369E+00   -1.2347577E+01   -7.3768171E+00   -9.2851457E+00   -5.5385522E+00
    1.1970000E+01    6.2914805E+00   -6.2665387E+00   -3.9999999E+00   -3.1548035E+00   -3.3355265E+00   -4.4713347E+00   -9.6560439E+00   -3.4121519E+00   -2.4633003E+00   -3.7825967E+00   -6.4489568E+00   -7.4179136E+00   -1.5647549E+01   -1.4000000E+01   -1.3994609E+01   -3.3888492E+00   -1.4000000E+01   -6.4252190E+00   -3.0000000E+01   -2.5877804E+00   -8.6676154E+00   -9.0623532E+00   -8.8411991E+00   -1.0704612E+01   -1.1663477E+01   -1.9427346E+01   -2.8225111E+01   -8.1464664E+00   -6.6780796E+00   -9.4458943E+00   -1.2354098E+01   -7.3910513E+00   -9.2700395E+00   -5.5293247E+00
    1.2150000E+01    6.2970497E+00   -6.2719860E+00   -3.9999999E+00   -3.1503185E+00   -3.3311365E+00   -4.4741308E+00   -9.6696751E+00   -3.4166074E+00   -2.4641683E+00   -3.7762490E+00   -6.4489606E+00   -7.4360886E+00   -1.5663150E+01   -1.4000000E+01   -1.2937199E+01   -3.3822008E+00   -1.4000000E+01   -6.4315984E+00   -3.0000000E+01   -2.5829301E+00   -8.6710730E+00   -9.0546724E+00   -8.8497966E+00   -1.0717618E+01   -1.1674044E+01   -1.8389244E+01   -2.7184850E+01   -8.1407495E+00   -6.6672308E+00   -9.4543438E+00   -1.2360389E+01   -7.4049210E+00   -9.2552800E+00   -5.5202835E+00
    1.2330000E+01    6.3024566E+00   -6.2772726E+00   -3.9999999E+00   -3.1459351E+00   -3.3268796E+00   -4.4765410E+00   -9.6827767E+00   -3.4210574E+00   -2.4649585E+00   -3.7699623E+00   -6.4489644E+00   -7.4537470E+00   -1.5678279E+01   -1.4000000E+01   -1.0049660E+01   -3.3756251E+00   -1.4000000E+01   -6.4379152E+00   -3.0000000E+01   -2.5781664E+00   -8.6743120E+00   -9.0470977E+00   -8.8580188E+00   -1.0730264E+01   -1.1684294E+01   -1.5520482E+01   -2.4313969E+01   -8.1351970E+00   -6.6566367E+00   -9.4625160E+00   -1.2366441E+01   -7.4183531E+00   -9.2408691E+00   -5.5114265E+00
    1.2510000E+01    6.3058511E+00   -6.2805924E+00   -3.9999999E+00   -3.1451628E+00   -3.3239467E+00   -4.4717780E+00   -9.9470012E+00   -3.4232579E+00   -2.4656676E+00   -3.7637006E+00   -6.4489667E+00   -7.3479266E+00   -1.5687091E+01   -1.4000000E+01   -7.1211822E+00   -3.3709814E+00   -1.4000000E+01   -6.4412018E+00   -3.0000000E+01   -2.5753894E+00   -8.9323394E+00   -9.2983359E+00   -9.1191769E+00   -1.0621295E+01   -1.1690040E+01   -1.2486880E+01   -2.1395255E+01   -8.1317116E+00   -6.6502011E+00   -9.3509504E+00   -1.2369763E+01   -7.3100904E+00   -9.2340142E+00   -5.5080578E+00
    1.2690000E+01    6.3092112E+00   -6.2838783E+00   -3.9999999E+00   -3.1443972E+00   -3.3210614E+00   -4.4668763E+00   -9.9573652E+00   -3.4254594E+00   -2.4663721E+00   -3.7577252E+00   -6.4489690E+00   -7.3131096E+00   -1.5696270E+01   -1.4000000E+01   -6.8174107E+00   -3.3663901E+00   -1.4000000E+01   -6.4468211E+00   -3.0000000E+01   -2.5726430E+00   -8.9365699E+00   -9.2958463E+00   -9.1265059E+00   -1.0583361E+01   -1.1696184E+01   -1.2148982E+01   -2.1101606E+01   -8.1282616E+00   -6.6438331E+00   -9.3104495E+00   -1.2373511E+01   -7.2728588E+00   -9.2272306E+00   -5.5047250E+00
    1.2870000E+01    6.3125347E+00   -6.2871284E+00   -3.9999999E+00   -3.1436382E+00   -3.3182190E+00   -4.4618040E+00   -9.9673633E+00   -3.4276647E+00   -2.4670683E+00   -3.7520575E+00   -6.4489713E+00   -7.3041868E+00   -1.5705463E+01   -1.4000000E+01   -6.6385036E+00   -3.3618560E+00   -1.4000000E+01   -6.4524920E+00   -3.0000000E+01   -2.5699255E+00   -8.9405023E+00   -9.2931316E+00   -9.1335025E+00   -1.0571356E+01   -1.1702375E+01   -1.1961837E+01   -2.0932826E+01   -8.1248488E+00   -6.6375327E+00   -9.2959047E+00   -1.2377331E+01   -7.2615474E+00   -9.2205182E+00   -5.5014263E+00
    1.3050000E+01    6.3158228E+00   -6.2903437E+00   -3.9999999E+00   -3.1428857E+00   -3.3154147E+00   -4.4565181E+00   -9.9772686E+00   -3.4298738E+00   -2.4677558E+00   -3.7466863E+00   -6.4489735E+00   -7.3060256E+00   -1.5714611E+01   -1.4000000E+01   -6.5108015E+00   -3.3573838E+00   -1.4000000E+01   -6.4579120E+00   -3.0000000E+01   -2.5672356E+00   -8.9444078E+00   -9.2904609E+00   -9.1404388E+00   -1.0570146E+01   -1.1708554E+01   -1.1836653E+01   -2.0815198E+01   -8.1214722E+00   -6.6312975E+00   -9.2921811E+00   -1.2381164E+01   -7.2610225E+00   -9.2138746E+00   -5.4981601E+00
    1.3230000E+01    6.3190759E+00   -6.2935245E+00   -3.9999999E+00   -3.1421396E+00   -3.3126445E+00   -4.4509695E+00   -9.9870929E+00   -3.4320864E+00   -2.4684343E+00   -3.7416011E+00   -6.4489758E+00   -7.3124567E+00   -1.5723685E+01   -1.4000000E+01   -6.4112042E+00   -3.3529779E+00   -1.4000000E+01   -6.4630492E+00   -3.0000000E+01   -2.5645724E+00   -8.9482972E+00   -9.2878442E+00   -9.1473261E+00   -1.0573561E+01   -1.1714691E+01   -1.1744161E+01   -2.0725595E+01   -8.1181313E+00   -6.6251260E+00   -9.2931080E+00   -1.2384980E+01   -7.2651139E+00   -9.2072984E+00   -5.4949257E+00
    1.3410000E+01    6.3222942E+00   -6.2966712E+00   -3.9999999E+00   -3.1413998E+00   -3.3099049E+00   -4.4451024E+00   -9.9968483E+00   -3.4343023E+00   -2.4691033E+00   -3.7367921E+00   -6.4489781E+00   -7.3207807E+00   -1.5732673E+01   -1.4000000E+01   -6.3294188E+00   -3.3486422E+00   -1.4000000E+01   -6.4679081E+00   -3.0000000E+01   -2.5619352E+00   -8.9521824E+00   -9.2852928E+00   -9.1541765E+00   -1.0578902E+01   -1.1720774E+01   -1.1671367E+01   -2.0653708E+01   -8.1148260E+00   -6.6190174E+00   -9.2959853E+00   -1.2388764E+01   -7.2711215E+00   -9.2007886E+00   -5.4917220E+00
    1.3590000E+01    6.3254777E+00   -6.2997838E+00   -3.9999999E+00   -3.1406660E+00   -3.3071930E+00   -4.4388544E+00   -1.0006548E+01   -3.4365213E+00   -2.4697623E+00   -3.7322498E+00   -6.4489804E+00   -7.3297918E+00   -1.5741568E+01   -1.4000000E+01   -6.2599528E+00   -3.3443807E+00   -1.4000000E+01   -6.4724974E+00   -3.0000000E+01   -2.5593234E+00   -8.9560762E+00   -9.2828196E+00   -9.1610028E+00   -1.0584963E+01   -1.1726796E+01   -1.1611575E+01   -2.0594040E+01   -8.1115560E+00   -6.6129711E+00   -9.2996064E+00   -1.2392510E+01   -7.2778390E+00   -9.1943443E+00   -5.4885485E+00
    1.3770000E+01    6.3286265E+00   -6.3028623E+00   -3.9999999E+00   -3.1399382E+00   -3.3045064E+00   -4.4321560E+00   -1.0016206E+01   -3.4387432E+00   -2.4704107E+00   -3.7279656E+00   -6.4489826E+00   -7.3389532E+00   -1.5750366E+01   -1.4000000E+01   -6.1995266E+00   -3.3401967E+00   -1.4000000E+01   -6.4768262E+00   -3.0000000E+01   -2.5567365E+00   -8.9599930E+00   -9.2804388E+00   -9.1678194E+00   -1.0591207E+01   -1.1732753E+01   -1.1560967E+01   -2.0543308E+01   -8.1083216E+00   -6.6069865E+00   -9.3034341E+00   -1.2396213E+01   -7.2847289E+00   -9.1879649E+00   -5.4854044E+00
    1.3950000E+01    6.3317403E+00   -6.3059064E+00   -3.9999999E+00   -3.1392163E+00   -3.3018437E+00   -4.4249316E+00   -1.0025837E+01   -3.4409679E+00   -2.4710478E+00   -3.7239307E+00   -6.4489849E+00   -7.3480302E+00   -1.5759067E+01   -1.4000000E+01   -6.1460244E+00   -3.3360935E+00   -1.4000000E+01   -6.4809031E+00   -3.0000000E+01   -2.5541740E+00   -8.9639482E+00   -9.2781663E+00   -9.1746416E+00   -1.0597400E+01   -1.1738645E+01   -1.1517194E+01   -2.0499395E+01   -8.1051227E+00   -6.6010633E+00   -9.3072333E+00   -1.2399873E+01   -7.2915562E+00   -9.1816500E+00   -5.4822891E+00
    1.4130000E+01    6.3348191E+00   -6.3089161E+00   -3.9999999E+00   -3.1385000E+00   -3.2992039E+00   -4.4170996E+00   -1.0035458E+01   -3.4431951E+00   -2.4716730E+00   -3.7201371E+00   -6.4489872E+00   -7.3569239E+00   -1.5767669E+01   -1.4000000E+01   -6.0980004E+00   -3.3320739E+00   -1.4000000E+01   -6.4847365E+00   -3.0000000E+01   -2.5516354E+00   -8.9679587E+00   -9.2760194E+00   -9.1814861E+00   -1.0603442E+01   -1.1744470E+01   -1.1478709E+01   -2.0460853E+01   -8.1019598E+00   -6.5952012E+00   -9.3109048E+00   -1.2403486E+01   -7.2982213E+00   -9.1753991E+00   -5.4792020E+00
    1.4310000E+01    6.3378624E+00   -6.3118909E+00   -3.9999999E+00   -3.1377893E+00   -3.2965872E+00   -4.4085739E+00   -1.0045087E+01   -3.4454248E+00   -2.4722856E+00   -3.7165770E+00   -6.4489894E+00   -7.3655954E+00   -1.5776171E+01   -1.4000000E+01   -6.0544234E+00   -3.3281404E+00   -1.4000000E+01   -6.4883344E+00   -3.0000000E+01   -2.5491203E+00   -8.9720423E+00   -9.2740163E+00   -9.1883705E+00   -1.0609295E+01   -1.1750227E+01   -1.1444444E+01   -2.0426650E+01   -8.0988329E+00   -6.5894002E+00   -9.3144094E+00   -1.2407053E+01   -7.3046849E+00   -9.1692119E+00   -5.4761425E+00
    1.4490000E+01    6.3408700E+00   -6.3148307E+00   -3.9999999E+00   -3.1370840E+00   -3.2939940E+00   -4.3992649E+00   -1.0054741E+01   -3.4476569E+00   -2.4728846E+00   -3.7132427E+00   -6.4489917E+00   -7.3740319E+00   -1.5784572E+01   -1.4000000E+01   -6.0145311E+00   -3.3242953E+00   -1.4000000E+01   -6.4917045E+00   -3.0000000E+01   -2.5466282E+00   -8.9762176E+00   -9.2721765E+00   -9.1953130E+00   -1.0614948E+01   -1.1755916E+01   -1.1413623E+01   -2.0396022E+01   -8.0957426E+00   -6.5836601E+00   -9.3177342E+00   -1.2410572E+01   -7.3109337E+00   -9.1630881E+00   -5.4731098E+00
    1.4670000E+01    6.3438414E+00   -6.3177350E+00   -3.9999999E+00   -3.1363839E+00   -3.2914257E+00   -4.3890817E+00   -1.0064439E+01   -3.4498912E+00   -2.4734693E+00   -3.7101269E+00   -6.4489939E+00   -7.3822318E+00   -1.5792870E+01   -1.4000000E+01   -5.9777446E+00   -3.3205407E+00   -1.4000000E+01   -6.4948543E+00   -3.0000000E+01   -2.5441587E+00   -8.9805037E+00   -9.2705198E+00   -9.2023323E+00   -1.0620397E+01   -1.1761537E+01   -1.1385664E+01   -2.0368390E+01   -8.0926892E+00   -6.5779810E+00   -9.3208775E+00   -1.2414041E+01   -7.3169656E+00   -9.1570275E+00   -5.4701035E+00
    1.4850000E+01    6.3467761E+00   -6.3206033E+00   -3.9999999E+00   -3.1356889E+00   -3.2888842E+00   -4.3779344E+00   -1.0074199E+01   -3.4521276E+00   -2.4740387E+00   -3.7072224E+00   -6.4489961E+00   -7.3901976E+00   -1.5801065E+01   -1.4000000E+01   -5.9436132E+00   -3.3168787E+00   -1.4000000E+01   -6.4977911E+00   -3.0000000E+01   -2.5417113E+00   -8.9849196E+00   -9.2690663E+00   -9.2094471E+00   -1.0625647E+01   -1.1767087E+01   -1.1360121E+01   -2.0343301E+01   -8.0896732E+00   -6.5723630E+00   -9.3238419E+00   -1.2417459E+01   -7.3227827E+00   -9.1510302E+00   -5.4671229E+00
    1.5030000E+01    6.3496735E+00   -6.3234349E+00   -3.9999999E+00   -3.1349989E+00   -3.2863721E+00   -4.3657369E+00   -1.0084037E+01   -3.4543660E+00   -2.4745917E+00   -3.7045225E+00   -6.4489984E+00   -7.3979338E+00   -1.5809155E+01   -1.4000000E+01   -5.9117794E+00   -3.3133112E+00   -1.4000000E+01   -6.5005218E+00   -3.0000000E+01   -2.5392856E+00   -8.9894837E+00   -9.2678355E+00   -9.2166750E+00   -1.0630703E+01   -1.1772565E+01   -1.1336640E+01   -2.0320395E+01   -8.0866954E+00   -6.5668064E+00   -9.3266319E+00   -1.2420825E+01   -7.3283888E+00   -9.1450960E+00   -5.4641674E+00
    1.5210000E+01    6.3525329E+00   -6.3262293E+00   -3.9999999E+00   -3.1343137E+00   -3.2838922E+00   -4.3524097E+00   -1.0093971E+01   -3.4566064E+00   -2.4751272E+00   -3.7020202E+00   -6.4490006E+00   -7.4054448E+00   -1.5817137E+01   -1.4000000E+01   -5.8819548E+00   -3.3098402E+00   -1.4000000E+01   -6.5030532E+00   -3.0000000E+01   -2.5368813E+00   -8.9942132E+00   -9.2668461E+00   -9.2240329E+00   -1.0635569E+01   -1.1777972E+01   -1.1314936E+01   -2.0299383E+01   -8.0837563E+00   -6.5613116E+00   -9.3292520E+00   -1.2424136E+01   -7.3337880E+00   -9.1392251E+00   -5.4612363E+00
    1.5390000E+01    6.3553536E+00   -6.3289857E+00   -3.9999999E+00   -3.1336330E+00   -3.2814480E+00   -4.3378832E+00   -1.0104014E+01   -3.4588486E+00   -2.4756441E+00   -3.6997093E+00   -6.4490028E+00   -7.4127350E+00   -1.5825010E+01   -1.4000000E+01   -5.8539032E+00   -3.3064678E+00   -1.4000000E+01   -6.5053921E+00   -3.0000000E+01   -2.5344980E+00   -8.9991235E+00   -9.2661150E+00   -9.2315352E+00   -1.0640250E+01   -1.1783304E+01   -1.1294778E+01   -2.0280025E+01   -8.0808569E+00   -6.5558789E+00   -9.3317071E+00   -1.2427391E+01   -7.3389842E+00   -9.1334177E+00   -5.4583292E+00
    1.5570000E+01    6.3581347E+00   -6.3317032E+00   -3.9999999E+00   -3.1329569E+00   -3.2790427E+00   -4.3221011E+00   -1.0114177E+01   -3.4610925E+00   -2.4761410E+00   -3.6975835E+00   -6.4490050E+00   -7.4198086E+00   -1.5832771E+01   -1.4000000E+01   -5.8274284E+00   -3.3031965E+00   -1.4000000E+01   -6.5075446E+00   -3.0000000E+01   -2.5321352E+00   -9.0042273E+00   -9.2656567E+00   -9.2391939E+00   -1.0644752E+01   -1.1788561E+01   -1.1275974E+01   -2.0262122E+01   -8.0779979E+00   -6.5505089E+00   -9.3340016E+00   -1.2430588E+01   -7.3439811E+00   -9.1276741E+00   -5.4554453E+00
    1.5750000E+01    6.3608750E+00   -6.3343807E+00   -3.9999999E+00   -3.1322851E+00   -3.2766800E+00   -4.3050230E+00   -1.0124468E+01   -3.4633382E+00   -2.4766165E+00   -3.6956367E+00   -6.4490071E+00   -7.4266690E+00   -1.5840417E+01   -1.4000000E+01   -5.8023663E+00   -3.3000291E+00   -1.4000000E+01   -6.5095168E+00   -3.0000000E+01   -2.5297925E+00   -9.0095341E+00   -9.2654828E+00   -9.2470176E+00   -1.0649080E+01   -1.1793740E+01   -1.1258362E+01   -2.0245508E+01   -8.0751806E+00   -6.5452024E+00   -9.3361395E+00   -1.2433724E+01   -7.3487816E+00   -9.1219948E+00   -5.4525841E+00
    1.5930000E+01    6.3635736E+00   -6.3370173E+00   -3.9999999E+00   -3.1316174E+00   -3.2743630E+00   -4.2866270E+00   -1.0134890E+01   -3.4655854E+00   -2.4770691E+00   -3.6938633E+00   -6.4490093E+00   -7.4333194E+00   -1.5847946E+01   -1.4000000E+01   -5.7785774E+00   -3.2969689E+00   -1.4000000E+01   -6.5113146E+00   -3.0000000E+01   -2.5274697E+00   -9.0150496E+00   -9.2656011E+00   -9.2550110E+00   -1.0653236E+01   -1.1798840E+01   -1.1241806E+01   -2.0230039E+01   -8.0724059E+00   -6.5399602E+00   -9.3381245E+00   -1.2436796E+01   -7.3533884E+00   -9.1163803E+00   -5.4497450E+00
    1.6110000E+01    6.3662292E+00   -6.3396117E+00   -3.9999999E+00   -3.1309537E+00   -3.2720945E+00   -4.2669116E+00   -1.0145442E+01   -3.4678341E+00   -2.4774970E+00   -3.6922578E+00   -6.4490115E+00   -7.4397623E+00   -1.5855353E+01   -1.4000000E+01   -5.7559428E+00   -3.2940201E+00   -1.4000000E+01   -6.5129435E+00   -3.0000000E+01   -2.5251662E+00   -9.0207751E+00   -9.2660155E+00   -9.2631741E+00   -1.0657225E+01   -1.1803858E+01   -1.1226189E+01   -2.0215593E+01   -8.0696753E+00   -6.5347833E+00   -9.3399599E+00   -1.2439801E+01   -7.3578034E+00   -9.1108312E+00   -5.4469274E+00
    1.6290000E+01    6.3688403E+00   -6.3421624E+00   -3.9999999E+00   -3.1302938E+00   -3.2698767E+00   -4.2458971E+00   -1.0156119E+01   -3.4700841E+00   -2.4778987E+00   -3.6908152E+00   -6.4490136E+00   -7.4459994E+00   -1.5862634E+01   -1.4000000E+01   -5.7343596E+00   -3.2911877E+00   -1.4000000E+01   -6.5144085E+00   -3.0000000E+01   -2.5228818E+00   -9.0267072E+00   -9.2667253E+00   -9.2715022E+00   -1.0661051E+01   -1.1808790E+01   -1.1211411E+01   -2.0202062E+01   -8.0669900E+00   -6.5296727E+00   -9.3416483E+00   -1.2442738E+01   -7.3620282E+00   -9.1053485E+00   -5.4441306E+00
    1.6470000E+01    6.3714055E+00   -6.3446681E+00   -3.9999999E+00   -3.1296376E+00   -3.2677106E+00   -4.2236252E+00   -1.0166909E+01   -3.4723353E+00   -2.4782720E+00   -3.6895309E+00   -6.4490157E+00   -7.4520322E+00   -1.5869786E+01   -1.4000000E+01   -5.7137390E+00   -3.2884778E+00   -1.4000000E+01   -6.5157146E+00   -3.0000000E+01   -2.5206161E+00   -9.0328373E+00   -9.2677250E+00   -9.2799854E+00   -1.0664715E+01   -1.1813636E+01   -1.1197382E+01   -2.0189353E+01   -8.0643517E+00   -6.5246297E+00   -9.3431922E+00   -1.2445601E+01   -7.3660634E+00   -9.0999330E+00   -5.4413542E+00
    1.6650000E+01    6.3739231E+00   -6.3471270E+00   -3.9999999E+00   -3.1289849E+00   -3.2655960E+00   -4.2001589E+00   -1.0177795E+01   -3.4745875E+00   -2.4786149E+00   -3.6884004E+00   -6.4490178E+00   -7.4578611E+00   -1.5876803E+01   -1.4000000E+01   -5.6940030E+00   -3.2858979E+00   -1.4000000E+01   -6.5168660E+00   -3.0000000E+01   -2.5183687E+00   -9.0391520E+00   -9.2690046E+00   -9.2886086E+00   -1.0668220E+01   -1.1818390E+01   -1.1184027E+01   -2.0177383E+01   -8.0617622E+00   -6.5196558E+00   -9.3445932E+00   -1.2448387E+01   -7.3699092E+00   -9.0945860E+00   -5.4385976E+00
    1.6830000E+01    6.3763911E+00   -6.3495373E+00   -3.9999999E+00   -3.1283356E+00   -3.2635310E+00   -4.1755806E+00   -1.0188755E+01   -3.4768406E+00   -2.4789252E+00   -3.6874199E+00   -6.4490199E+00   -7.4634862E+00   -1.5883680E+01   -1.4000000E+01   -5.6750831E+00   -3.2834568E+00   -1.4000000E+01   -6.5178668E+00   -3.0000000E+01   -2.5161393E+00   -9.0456330E+00   -9.2705496E+00   -9.2973518E+00   -1.0671567E+01   -1.1823049E+01   -1.1171275E+01   -2.0166077E+01   -8.0592232E+00   -6.5147524E+00   -9.3458528E+00   -1.2451093E+01   -7.3735650E+00   -9.0893088E+00   -5.4358601E+00
    1.7010000E+01    6.3788076E+00   -6.3518970E+00   -3.9999999E+00   -3.1276894E+00   -3.2615121E+00   -4.1499899E+00   -1.0199763E+01   -3.4790942E+00   -2.4792004E+00   -3.6865860E+00   -6.4490219E+00   -7.4689065E+00   -1.5890411E+01   -1.4000000E+01   -5.6569191E+00   -3.2811650E+00   -1.4000000E+01   -6.5187206E+00   -3.0000000E+01   -2.5139275E+00   -9.0522574E+00   -9.2723411E+00   -9.3061901E+00   -1.0674759E+01   -1.1827610E+01   -1.1159066E+01   -2.0155370E+01   -8.0567368E+00   -6.5099214E+00   -9.3469716E+00   -1.2453713E+01   -7.3770297E+00   -9.0841029E+00   -5.4331412E+00
    1.7190000E+01    6.3811703E+00   -6.3542038E+00   -3.9999999E+00   -3.1270464E+00   -3.2595335E+00   -4.1235006E+00   -1.0210788E+01   -3.4813481E+00   -2.4794380E+00   -3.6858957E+00   -6.4490240E+00   -7.4741205E+00   -1.5896989E+01   -1.4000000E+01   -5.6394570E+00   -3.2790345E+00   -1.4000000E+01   -6.5194303E+00   -3.0000000E+01   -2.5117328E+00   -9.0589984E+00   -9.2743567E+00   -9.3150943E+00   -1.0677795E+01   -1.1832068E+01   -1.1147344E+01   -2.0145200E+01   -8.0543054E+00   -6.5051647E+00   -9.3479498E+00   -1.2456243E+01   -7.3803011E+00   -9.0789699E+00   -5.4304404E+00
    1.7370000E+01    6.3834767E+00   -6.3564554E+00   -3.9999999E+00   -3.1264062E+00   -3.2575874E+00   -4.0962379E+00   -1.0221794E+01   -3.4836021E+00   -2.4796350E+00   -3.6853466E+00   -6.4490260E+00   -7.4791258E+00   -1.5903407E+01   -1.4000000E+01   -5.6226492E+00   -3.2770791E+00   -1.4000000E+01   -6.5199984E+00   -3.0000000E+01   -2.5095551E+00   -9.0658255E+00   -9.2765709E+00   -9.3240318E+00   -1.0680675E+01   -1.1836419E+01   -1.1136059E+01   -2.0135512E+01   -8.0519313E+00   -6.5004844E+00   -9.3487870E+00   -1.2458678E+01   -7.3833765E+00   -9.0739119E+00   -5.4277571E+00
    1.7550000E+01    6.3857242E+00   -6.3586490E+00   -3.9999999E+00   -3.1257689E+00   -3.2556640E+00   -4.0683344E+00   -1.0232742E+01   -3.4858558E+00   -2.4797884E+00   -3.6849367E+00   -6.4490280E+00   -7.4839191E+00   -1.5909658E+01   -1.4000000E+01   -5.6064525E+00   -3.2753140E+00   -1.4000000E+01   -6.5204271E+00   -3.0000000E+01   -2.5073939E+00   -9.0727054E+00   -9.2789557E+00   -9.3329664E+00   -1.0683399E+01   -1.1840656E+01   -1.1125164E+01   -2.0126256E+01   -8.0496174E+00   -6.4958830E+00   -9.3494822E+00   -1.2461012E+01   -7.3862520E+00   -9.0689309E+00   -5.4250908E+00
    1.7730000E+01    6.3879099E+00   -6.3607817E+00   -3.9999999E+00   -3.1251343E+00   -3.2537511E+00   -4.0399271E+00   -1.0243591E+01   -3.4881088E+00   -2.4798950E+00   -3.6846647E+00   -6.4490300E+00   -7.4884963E+00   -1.5915732E+01   -1.4000000E+01   -5.5908287E+00   -3.2737555E+00   -1.4000000E+01   -6.5207177E+00   -3.0000000E+01   -2.5052488E+00   -9.0796025E+00   -9.2814815E+00   -9.3418599E+00   -1.0685966E+01   -1.1844774E+01   -1.1114617E+01   -2.0117384E+01   -8.0473664E+00   -6.4913629E+00   -9.3500337E+00   -1.2463239E+01   -7.3889233E+00   -9.0640295E+00   -5.4224411E+00
    1.7910000E+01    6.3900282E+00   -6.3628480E+00   -3.9999999E+00   -3.1245030E+00   -3.2518373E+00   -4.0111921E+00   -1.0254286E+01   -3.4903581E+00   -2.4799511E+00   -3.6845298E+00   -6.4490319E+00   -7.4928475E+00   -1.5921614E+01   -1.4000000E+01   -5.5757601E+00   -3.2724221E+00   -1.4000000E+01   -6.5208711E+00   -3.0000000E+01   -2.5031219E+00   -9.0864712E+00   -9.2841136E+00   -9.3506611E+00   -1.0688371E+01   -1.1848762E+01   -1.1104390E+01   -2.0108861E+01   -8.0451841E+00   -6.4869320E+00   -9.3504392E+00   -1.2465349E+01   -7.3913823E+00   -9.0592159E+00   -5.4198105E+00
