# Time          5.0000E+01
# Units: Mol/kgw
    Distance           H+               Li+              Na+              Ca++             K+               Al+++            SiO2(aq)         CO2(aq)          O2(aq)           Methane(aq)      Fe++             Fe+++            HS-              SO4--            Mg++             Cl-              CH2O             Tracer       
    9.0000000E-02   -2.6900646E-04    1.0000000E-04    7.3835280E-06    3.2114241E-06    5.1815369E-06    1.8168781E-06    8.7723214E-06    1.4549432E-03    3.4346311E-04    3.5589950E-07    5.0631658E-08    5.3894254E-11    1.0000000E-14    1.0000000E-14    2.0510350E-06    1.0000000E-14    5.3351002E-04    1.0000000E-30
    2.7000000E-01   -2.7913699E-04    1.0000000E-04    1.0678854E-05    5.6426456E-06    5.4104215E-06    1.2726053E-06    1.5100612E-05    1.4591018E-03    3.4345251E-04    3.5589921E-07    5.8927361E-08    1.7013263E-11    1.0000000E-14    1.0000000E-14    3.7311400E-06    1.0000000E-14    5.3402089E-04    1.0000000E-30
    4.5000000E-01   -2.8924803E-04    1.0000000E-04    1.3842401E-05    8.0114799E-06    5.8127410E-06    8.1584514E-07    2.1192802E-05    1.4631497E-03    3.4344174E-04    3.5589892E-07    6.5055963E-08    1.5693582E-11    1.0000000E-14    1.0000000E-14    5.3139081E-06    1.0000000E-14    5.3453175E-04    1.0000000E-30
    6.3000000E-01   -2.9970266E-04    1.0000000E-04    1.6882663E-05    1.0280891E-05    6.4394214E-06    5.6345845E-07    2.7182335E-05    1.4672566E-03    3.4343076E-04    3.5589861E-07    6.9200194E-08    1.4498482E-11    1.0000000E-14    1.0000000E-14    6.8127792E-06    1.0000000E-14    5.3504262E-04    1.0000000E-30
    8.1000000E-01   -3.1022316E-04    1.0000000E-04    1.9809200E-05    1.2432696E-05    7.3367254E-06    4.1772400E-07    3.2990812E-05    1.4713531E-03    3.4341961E-04    3.5589830E-07    7.1592860E-08    1.3429888E-11    1.0000000E-14    1.0000000E-14    8.2255153E-06    1.0000000E-14    5.3555348E-04    1.0000000E-30
    9.9000000E-01   -3.2066470E-04    1.0000000E-04    2.2631291E-05    1.4457335E-05    8.5374624E-06    3.2508350E-07    3.8583984E-05    1.4753972E-03    3.4340830E-04    3.5589801E-07    7.2494709E-08    1.2477817E-11    1.0000000E-14    1.0000000E-14    9.5482900E-06    1.0000000E-14    5.3606435E-04    1.0000000E-30
    1.1700000E+00   -3.3097053E-04    1.0000000E-04    2.5357266E-05    1.6352328E-05    1.0054121E-05    2.6166833E-07    4.3955867E-05    1.4793659E-03    3.4339685E-04    3.5589773E-07    7.2174381E-08    1.1628068E-11    1.0000000E-14    1.0000000E-14    1.0780338E-05    1.0000000E-14    5.3657521E-04    1.0000000E-30
    1.3500000E+00   -3.4111952E-04    1.0000000E-04    2.7994343E-05    1.8122324E-05    1.1875913E-05    2.1593340E-07    4.9111028E-05    1.4832367E-03    3.4338525E-04    3.5589748E-07    7.0892606E-08    1.0866762E-11    1.0000000E-14    1.0000000E-14    1.1925292E-05    1.0000000E-14    5.3708608E-04    1.0000000E-30
    1.5300000E+00   -3.5110509E-04    1.0000000E-04    3.0548663E-05    1.9778355E-05    1.3970636E-05    1.8165365E-07    5.4057683E-05    1.4869749E-03    3.4337351E-04    3.5589726E-07    6.8890199E-08    1.0181459E-11    1.0000000E-14    1.0000000E-14    1.2990944E-05    1.0000000E-14    5.3759694E-04    1.0000000E-30
    1.7100000E+00   -3.6092687E-04    1.0000000E-04    3.3025383E-05    2.1336009E-05    1.6290622E-05    1.5517537E-07    5.8804859E-05    1.4905188E-03    3.4336163E-04    3.5589705E-07    6.6379500E-08    9.5611201E-12    1.0000000E-14    1.0000000E-14    1.3988058E-05    1.0000000E-14    5.3810789E-04    1.0000000E-30
    1.8900000E+00   -3.7058873E-04    1.0000000E-04    3.5430415E-05    2.2813673E-05    1.8776106E-05    1.3420355E-07    6.3364599E-05    1.4937568E-03    3.4334960E-04    3.5589685E-07    6.3536270E-08    8.9955818E-12    1.0000000E-14    1.0000000E-14    1.4930367E-05    1.0000000E-14    5.3866890E-04    1.0000000E-30
    2.0700000E+00   -3.8117255E-04    1.0000000E-04    3.8762614E-05    2.4621053E-05    1.8779746E-05    1.5056788E-07    6.9799568E-05    1.4975594E-03    3.4333732E-04    3.5589648E-07    5.8526427E-08    8.4289692E-12    1.0000000E-14    1.0000000E-14    1.6727442E-05    1.0000000E-14    5.6932104E-04    1.0000000E-30
    2.2500000E+00   -3.9143760E-04    1.0000000E-04    4.1992376E-05    2.6404352E-05    1.8777030E-05    1.2980023E-07    7.5932408E-05    1.5012934E-03    3.4332497E-04    3.5589611E-07    5.3991046E-08    7.9259839E-12    1.0000000E-14    1.0000000E-14    1.8498833E-05    1.0000000E-14    5.9997291E-04    1.0000000E-30
    2.4300000E+00   -4.0151884E-04    1.0000000E-04    4.5126640E-05    2.8164791E-05    1.8768629E-05    1.1263678E-07    8.1820907E-05    1.5049735E-03    3.4331246E-04    3.5589576E-07    4.9919990E-08    7.4706083E-12    1.0000000E-14    1.0000000E-14    2.0245899E-05    1.0000000E-14    6.3062478E-04    1.0000000E-30
    2.6100000E+00   -4.1142607E-04    1.0000000E-04    4.8171596E-05    2.9903467E-05    1.8754734E-05    9.8788567E-08    8.7479280E-05    1.5086029E-03    3.4329977E-04    3.5589541E-07    4.6287988E-08    7.0567351E-12    1.0000000E-14    1.0000000E-14    2.1969715E-05    1.0000000E-14    6.6127665E-04    1.0000000E-30
    2.7900000E+00   -4.2116658E-04    1.0000000E-04    5.1132821E-05    3.1621380E-05    1.8735533E-05    8.7447066E-08    9.2919906E-05    1.5121840E-03    3.4328691E-04    3.5589506E-07    4.3059855E-08    6.6792589E-12    1.0000000E-14    1.0000000E-14    2.3671281E-05    1.0000000E-14    6.9192852E-04    1.0000000E-30
    2.9700000E+00   -4.3074746E-04    1.0000000E-04    5.4015360E-05    3.3319448E-05    1.8711219E-05    7.8031496E-08    9.8154247E-05    1.5157190E-03    3.4327386E-04    3.5589473E-07    4.0195271E-08    6.3338429E-12    1.0000000E-14    1.0000000E-14    2.5351532E-05    1.0000000E-14    7.2258039E-04    1.0000000E-30
    3.1500000E+00   -4.4017559E-04    1.0000000E-04    5.6823788E-05    3.4998517E-05    1.8681984E-05    7.0122367E-08    1.0319293E-04    1.5192098E-03    3.4326062E-04    3.5589440E-07    3.7652488E-08    6.0167862E-12    1.0000000E-14    1.0000000E-14    2.7011340E-05    1.0000000E-14    7.5323226E-04    1.0000000E-30
    3.3300000E+00   -4.4945753E-04    1.0000000E-04    5.9562273E-05    3.6659369E-05    1.8648025E-05    6.3410048E-08    1.0804578E-04    1.5226584E-03    3.4324718E-04    3.5589407E-07    3.5390966E-08    5.7249150E-12    1.0000000E-14    1.0000000E-14    2.8651524E-05    1.0000000E-14    7.8388413E-04    1.0000000E-30
    3.5100000E+00   -4.5859947E-04    1.0000000E-04    6.2234616E-05    3.8302726E-05    1.8609538E-05    5.7661559E-08    1.1272193E-04    1.5260666E-03    3.4323353E-04    3.5589375E-07    3.3373070E-08    5.4554962E-12    1.0000000E-14    1.0000000E-14    3.0272850E-05    1.0000000E-14    8.1453601E-04    1.0000000E-30
    3.6900000E+00   -4.6760727E-04    1.0000000E-04    6.4844301E-05    3.9929261E-05    1.8566716E-05    5.2698643E-08    1.1722985E-04    1.5294361E-03    3.4321966E-04    3.5589344E-07    3.1565009E-08    5.2061655E-12    1.0000000E-14    1.0000000E-14    3.1876036E-05    1.0000000E-14    8.4518788E-04    1.0000000E-30
    3.8700000E+00   -4.7648645E-04    1.0000000E-04    6.7394524E-05    4.1539599E-05    1.8519752E-05    4.8382876E-08    1.2157741E-04    1.5327684E-03    3.4320556E-04    3.5589313E-07    2.9937191E-08    4.9748692E-12    1.0000000E-14    1.0000000E-14    3.3461758E-05    1.0000000E-14    8.7583976E-04    1.0000000E-30
    4.0500000E+00   -4.8524219E-04    1.0000000E-04    6.9888229E-05    4.3134326E-05    1.8468835E-05    4.4605343E-08    1.2577196E-04    1.5360650E-03    3.4319124E-04    3.5589282E-07    2.8464189E-08    4.7598162E-12    1.0000000E-14    1.0000000E-14    3.5030651E-05    1.0000000E-14    9.0649163E-04    1.0000000E-30
    4.2300000E+00   -4.9387939E-04    1.0000000E-04    7.2328129E-05    4.4713986E-05    1.8414150E-05    4.1279330E-08    1.2982032E-04    1.5393272E-03    3.4317668E-04    3.5589252E-07    2.7124449E-08    4.5594385E-12    1.0000000E-14    1.0000000E-14    3.6583312E-05    1.0000000E-14    9.3714351E-04    1.0000000E-30
    4.4100000E+00   -5.0240265E-04    1.0000000E-04    7.4716738E-05    4.6279090E-05    1.8355879E-05    3.8335062E-08    1.3372891E-04    1.5425564E-03    3.4316187E-04    3.5589222E-07    2.5899866E-08    4.3723580E-12    1.0000000E-14    1.0000000E-14    3.8120306E-05    1.0000000E-14    9.6779539E-04    1.0000000E-30
    4.5900000E+00   -5.1081628E-04    1.0000000E-04    7.7056382E-05    4.7830121E-05    1.8294198E-05    3.5715852E-08    1.3750370E-04    1.5457536E-03    3.4314680E-04    3.5589192E-07    2.4775311E-08    4.1973597E-12    1.0000000E-14    1.0000000E-14    3.9642164E-05    1.0000000E-14    9.9844726E-04    1.0000000E-30
    4.7700000E+00   -5.1912437E-04    1.0000000E-04    7.9349224E-05    4.9367527E-05    1.8229279E-05    3.3375238E-08    1.4115032E-04    1.5489200E-03    3.4313148E-04    3.5589162E-07    2.3738167E-08    4.0333684E-12    1.0000000E-14    1.0000000E-14    4.1149390E-05    1.0000000E-14    1.0290991E-03    1.0000000E-30
    4.9500000E+00   -5.2733076E-04    1.0000000E-04    8.1597276E-05    5.0891735E-05    1.8161289E-05    3.1274833E-08    1.4467404E-04    1.5520567E-03    3.4311588E-04    3.5589133E-07    2.2777895E-08    3.8794296E-12    1.0000000E-14    1.0000000E-14    4.2642459E-05    1.0000000E-14    1.0597510E-03    1.0000000E-30
    5.1300000E+00   -5.3543909E-04    1.0000000E-04    8.3802414E-05    5.2403146E-05    1.8090390E-05    2.9382687E-08    1.4807981E-04    1.5551647E-03    3.4310001E-04    3.5589103E-07    2.1885663E-08    3.7346933E-12    1.0000000E-14    1.0000000E-14    4.4121822E-05    1.0000000E-14    1.0904029E-03    1.0000000E-30
    5.3100000E+00   -5.4345277E-04    1.0000000E-04    8.5966390E-05    5.3902137E-05    1.8016739E-05    2.7672025E-08    1.5137230E-04    1.5582448E-03    3.4308386E-04    3.5589074E-07    2.1054027E-08    3.5984006E-12    1.0000000E-14    1.0000000E-14    4.5587906E-05    1.0000000E-14    1.1210548E-03    1.0000000E-30
    5.4900000E+00   -5.5137504E-04    1.0000000E-04    8.8090846E-05    5.5389068E-05    1.7940485E-05    2.6120268E-08    1.5455592E-04    1.5612980E-03    3.4306741E-04    3.5589045E-07    2.0276672E-08    3.4698714E-12    1.0000000E-14    1.0000000E-14    4.7041116E-05    1.0000000E-14    1.1517067E-03    1.0000000E-30
    5.6700000E+00   -5.5920897E-04    1.0000000E-04    9.0177317E-05    5.6864277E-05    1.7861775E-05    2.4708262E-08    1.5763482E-04    1.5643251E-03    3.4305066E-04    3.5589016E-07    1.9548201E-08    3.3484952E-12    1.0000000E-14    1.0000000E-14    4.8481838E-05    1.0000000E-14    1.1823585E-03    1.0000000E-30
    5.8500000E+00   -5.6695745E-04    1.0000000E-04    9.2227246E-05    5.8328086E-05    1.7780748E-05    2.3419672E-08    1.6061294E-04    1.5673268E-03    3.4303361E-04    3.5588987E-07    1.8863968E-08    3.2337221E-12    1.0000000E-14    1.0000000E-14    4.9910437E-05    1.0000000E-14    1.2130104E-03    1.0000000E-30
    6.0300000E+00   -5.7462324E-04    1.0000000E-04    9.4241989E-05    5.9780801E-05    1.7697539E-05    2.2240494E-08    1.6349401E-04    1.5703039E-03    3.4301623E-04    3.5588958E-07    1.8219939E-08    3.1250559E-12    1.0000000E-14    1.0000000E-14    5.1327261E-05    1.0000000E-14    1.2436623E-03    1.0000000E-30
    6.2100000E+00   -5.8220894E-04    1.0000000E-04    9.6222822E-05    6.1222711E-05    1.7612278E-05    2.1158665E-08    1.6628153E-04    1.5732571E-03    3.4299853E-04    3.5588929E-07    1.7612594E-08    3.0220476E-12    1.0000000E-14    1.0000000E-14    5.2732642E-05    1.0000000E-14    1.2743142E-03    1.0000000E-30
    6.3900000E+00   -5.8971702E-04    1.0000000E-04    9.8170950E-05    6.2654094E-05    1.7525089E-05    2.0163749E-08    1.6897887E-04    1.5761870E-03    3.4298050E-04    3.5588900E-07    1.7038836E-08    2.9242900E-12    1.0000000E-14    1.0000000E-14    5.4126897E-05    1.0000000E-14    1.3049661E-03    1.0000000E-30
    6.5700000E+00   -5.9714983E-04    1.0000000E-04    1.0008751E-04    6.4075212E-05    1.7436091E-05    1.9246677E-08    1.7158920E-04    1.5790942E-03    3.4296212E-04    3.5588871E-07    1.6495924E-08    2.8314128E-12    1.0000000E-14    1.0000000E-14    5.5510326E-05    1.0000000E-14    1.3356180E-03    1.0000000E-30
    6.7500000E+00   -6.0450961E-04    1.0000000E-04    1.0197357E-04    6.5486316E-05    1.7345397E-05    1.8399538E-08    1.7411553E-04    1.5819792E-03    3.4294339E-04    3.5588842E-07    1.5981424E-08    2.7430787E-12    1.0000000E-14    1.0000000E-14    5.6883217E-05    1.0000000E-14    1.3662699E-03    1.0000000E-30
    6.9300000E+00   -6.1179850E-04    1.0000000E-04    1.0383014E-04    6.6887645E-05    1.7253118E-05    1.7615403E-08    1.7656075E-04    1.5848423E-03    3.4292429E-04    3.5588813E-07    1.5493156E-08    2.6589796E-12    1.0000000E-14    1.0000000E-14    5.8245844E-05    1.0000000E-14    1.3969217E-03    1.0000000E-30
    7.1100000E+00   -6.1901850E-04    1.0000000E-04    1.0565820E-04    6.8279428E-05    1.7159358E-05    1.6888178E-08    1.7892758E-04    1.5876838E-03    3.4290482E-04    3.5588783E-07    1.5029164E-08    2.5788329E-12    1.0000000E-14    1.0000000E-14    5.9598470E-05    1.0000000E-14    1.4275736E-03    1.0000000E-30
    7.2900000E+00   -6.2617155E-04    1.0000000E-04    1.0745864E-04    6.9661884E-05    1.7064217E-05    1.6212487E-08    1.8121863E-04    1.5905036E-03    3.4288497E-04    3.5588754E-07    1.4587681E-08    2.5023785E-12    1.0000000E-14    1.0000000E-14    6.0941345E-05    1.0000000E-14    1.4582255E-03    1.0000000E-30
    7.4700000E+00   -6.3325949E-04    1.0000000E-04    1.0923233E-04    7.1035219E-05    1.6967790E-05    1.5583561E-08    1.8343638E-04    1.5933010E-03    3.4286473E-04    3.5588724E-07    1.4167096E-08    2.4293756E-12    1.0000000E-14    1.0000000E-14    6.2274708E-05    1.0000000E-14    1.4888774E-03    1.0000000E-30
    7.6500000E+00   -6.4028405E-04    1.0000000E-04    1.1098009E-04    7.2399633E-05    1.6870171E-05    1.4997150E-08    1.8558319E-04    1.5960745E-03    3.4284409E-04    3.5588694E-07    1.3765933E-08    2.3595982E-12    1.0000000E-14    1.0000000E-14    6.3598787E-05    1.0000000E-14    1.5195293E-03    1.0000000E-30
    7.8300000E+00   -6.4724689E-04    1.0000000E-04    1.1270268E-04    7.3755311E-05    1.6771446E-05    1.4449436E-08    1.8766131E-04    1.5988208E-03    3.4282303E-04    3.5588664E-07    1.3382815E-08    2.2928309E-12    1.0000000E-14    1.0000000E-14    6.4913798E-05    1.0000000E-14    1.5501811E-03    1.0000000E-30
    8.0100000E+00   -6.5414966E-04    1.0000000E-04    1.1440102E-04    7.5102198E-05    1.6672415E-05    1.3936923E-08    1.8967257E-04    1.6015338E-03    3.4280154E-04    3.5588633E-07    1.3016872E-08    2.2288609E-12    1.0000000E-14    1.0000000E-14    6.6219779E-05    1.0000000E-14    1.5807827E-03    1.0000000E-30
    8.1900000E+00   -6.6110455E-04    1.0000000E-04    1.1620058E-04    7.6307537E-05    1.7005543E-05    1.3371440E-08    1.9145919E-04    1.6042830E-03    3.4277948E-04    3.5588604E-07    1.3302479E-08    2.1663207E-12    1.0000000E-14    1.0000000E-14    6.7426105E-05    1.0000000E-14    1.5812936E-03    1.0000000E-30
    8.3700000E+00   -6.6799682E-04    1.0000000E-04    1.1797502E-04    7.7499557E-05    1.7337553E-05    1.2908227E-08    1.9317341E-04    1.6069976E-03    3.4275682E-04    3.5588575E-07    1.3219585E-08    2.1067852E-12    1.0000000E-14    1.0000000E-14    6.8627772E-05    1.0000000E-14    1.5818045E-03    1.0000000E-30
    8.5500000E+00   -6.7482848E-04    1.0000000E-04    1.1972506E-04    7.8679676E-05    1.7668491E-05    1.2474834E-08    1.9481809E-04    1.6096943E-03    3.4273369E-04    3.5588545E-07    1.2985624E-08    2.0496784E-12    1.0000000E-14    1.0000000E-14    6.9823875E-05    1.0000000E-14    1.5823154E-03    1.0000000E-30
    8.7300000E+00   -6.8160120E-04    1.0000000E-04    1.2145140E-04    7.9849038E-05    1.7998095E-05    1.2067609E-08    1.9639550E-04    1.6123736E-03    3.4271009E-04    3.5588515E-07    1.2695443E-08    1.9948980E-12    1.0000000E-14    1.0000000E-14    7.1013810E-05    1.0000000E-14    1.5828263E-03    1.0000000E-30
    8.9100000E+00   -6.8831653E-04    1.0000000E-04    1.2315468E-04    8.1008538E-05    1.8326105E-05    1.1684515E-08    1.9790779E-04    1.6150360E-03    3.4268599E-04    3.5588485E-07    1.2389481E-08    1.9423282E-12    1.0000000E-14    1.0000000E-14    7.2197204E-05    1.0000000E-14    1.5833371E-03    1.0000000E-30
    9.0900000E+00   -6.9497587E-04    1.0000000E-04    1.2483556E-04    8.2158842E-05    1.8652273E-05    1.1323712E-08    1.9935704E-04    1.6176817E-03    3.4266140E-04    3.5588455E-07    1.2084454E-08    1.8918522E-12    1.0000000E-14    1.0000000E-14    7.3373896E-05    1.0000000E-14    1.5838480E-03    1.0000000E-30
    9.2700000E+00   -7.0158059E-04    1.0000000E-04    1.2649463E-04    8.3300385E-05    1.8976368E-05    1.0983538E-08    2.0074526E-04    1.6203112E-03    3.4263628E-04    3.5588424E-07    1.1786920E-08    1.8433575E-12    1.0000000E-14    1.0000000E-14    7.4543936E-05    1.0000000E-14    1.5843589E-03    1.0000000E-30
    9.4500000E+00   -7.0813196E-04    1.0000000E-04    1.2813247E-04    8.4433355E-05    1.9298172E-05    1.0662479E-08    2.0207439E-04    1.6229247E-03    3.4261064E-04    3.5588393E-07    1.1499182E-08    1.7967381E-12    1.0000000E-14    1.0000000E-14    7.5707597E-05    1.0000000E-14    1.5848698E-03    1.0000000E-30
    9.6300000E+00   -7.1463123E-04    1.0000000E-04    1.2974965E-04    8.5557665E-05    1.9617492E-05    1.0359162E-08    2.0334626E-04    1.6255227E-03    3.4258445E-04    3.5588361E-07    1.1221797E-08    1.7518944E-12    1.0000000E-14    1.0000000E-14    7.6865408E-05    1.0000000E-14    1.5853807E-03    1.0000000E-30
    9.8100000E+00   -7.2107960E-04    1.0000000E-04    1.3134668E-04    8.6672932E-05    1.9934149E-05    1.0072331E-08    2.0456269E-04    1.6281055E-03    3.4255771E-04    3.5588329E-07    1.0954641E-08    1.7087332E-12    1.0000000E-14    1.0000000E-14    7.8018174E-05    1.0000000E-14    1.5858916E-03    1.0000000E-30
    9.9900000E+00   -7.2747820E-04    1.0000000E-04    1.3292410E-04    8.7778465E-05    2.0247988E-05    9.8008407E-09    2.0572538E-04    1.6306734E-03    3.4253039E-04    3.5588297E-07    1.0697336E-08    1.6671680E-12    1.0000000E-14    1.0000000E-14    7.9166984E-05    1.0000000E-14    1.5864024E-03    1.0000000E-30
    1.0170000E+01   -7.3382816E-04    1.0000000E-04    1.3448237E-04    8.8873306E-05    2.0558869E-05    9.5436440E-09    2.0683599E-04    1.6332269E-03    3.4250248E-04    3.5588264E-07    1.0449432E-08    1.6271177E-12    1.0000000E-14    1.0000000E-14    8.0313176E-05    1.0000000E-14    1.5869133E-03    1.0000000E-30
    1.0350000E+01   -7.4013053E-04    1.0000000E-04    1.3602199E-04    8.9956300E-05    2.0866674E-05    9.2997817E-09    2.0789614E-04    1.6357665E-03    3.4247397E-04    3.5588231E-07    1.0210468E-08    1.5885072E-12    1.0000000E-14    1.0000000E-14    8.1458263E-05    1.0000000E-14    1.5874242E-03    1.0000000E-30
    1.0530000E+01   -7.4638636E-04    1.0000000E-04    1.3754340E-04    9.1026224E-05    2.1171299E-05    9.0683769E-09    2.0890736E-04    1.6382929E-03    3.4244484E-04    3.5588197E-07    9.9800052E-09    1.5512667E-12    1.0000000E-14    1.0000000E-14    8.2603812E-05    1.0000000E-14    1.5879351E-03    1.0000000E-30
    1.0710000E+01   -7.5259663E-04    1.0000000E-04    1.3904704E-04    9.2081937E-05    2.1472657E-05    8.8486294E-09    2.0987116E-04    1.6408073E-03    3.4241508E-04    3.5588162E-07    9.7576338E-09    1.5153321E-12    1.0000000E-14    1.0000000E-14    8.3751288E-05    1.0000000E-14    1.5884460E-03    1.0000000E-30
    1.0890000E+01   -7.5876233E-04    1.0000000E-04    1.4053334E-04    9.3122544E-05    2.1770678E-05    8.6398126E-09    2.1078896E-04    1.6433114E-03    3.4238466E-04    3.5588128E-07    9.5429813E-09    1.4806456E-12    1.0000000E-14    1.0000000E-14    8.4901895E-05    1.0000000E-14    1.5889569E-03    1.0000000E-30
    1.1070000E+01   -7.6488439E-04    1.0000000E-04    1.4200272E-04    9.4147555E-05    2.2065300E-05    8.4412748E-09    2.1166219E-04    1.6458083E-03    3.4235358E-04    3.5588092E-07    9.3357204E-09    1.4471570E-12    1.0000000E-14    1.0000000E-14    8.6056425E-05    1.0000000E-14    1.5894677E-03    1.0000000E-30
    1.1250000E+01   -7.7096377E-04    1.0000000E-04    1.4345557E-04    9.5156991E-05    2.2356478E-05    8.2524442E-09    2.1249220E-04    1.6483034E-03    3.4232180E-04    3.5588056E-07    9.1355840E-09    1.4148265E-12    1.0000000E-14    1.0000000E-14    8.7215144E-05    1.0000000E-14    1.5899786E-03    1.0000000E-30
    1.1430000E+01   -7.7700139E-04    1.0000000E-04    1.4489230E-04    9.6151454E-05    2.2644173E-05    8.0728444E-09    2.1328035E-04    1.6508064E-03    3.4228933E-04    3.5588019E-07    8.9423929E-09    1.3836296E-12    1.0000000E-14    1.0000000E-14    8.8377738E-05    1.0000000E-14    1.5904895E-03    1.0000000E-30
    1.1610000E+01   -7.8299823E-04    1.0000000E-04    1.4631334E-04    9.7132131E-05    2.2928359E-05    7.9021246E-09    2.1402800E-04    1.6533347E-03    3.4225612E-04    3.5587981E-07    8.7561078E-09    1.3535670E-12    1.0000000E-14    1.0000000E-14    8.9543316E-05    1.0000000E-14    1.5910004E-03    1.0000000E-30
    1.1790000E+01   -7.8895537E-04    1.0000000E-04    1.4771912E-04    9.8100737E-05    2.3209012E-05    7.7401184E-09    2.1473655E-04    1.6559201E-03    3.4222218E-04    3.5587943E-07    8.5769242E-09    1.3246815E-12    1.0000000E-14    1.0000243E-14    9.0710483E-05    1.0000000E-14    1.5915113E-03    1.0000000E-30
    1.1970000E+01   -7.9487406E-04    1.0000000E-04    1.4911018E-04    9.9059425E-05    2.3486118E-05    7.5869517E-09    2.1540752E-04    1.6586205E-03    3.4218747E-04    3.5587904E-07    8.4054445E-09    1.2970894E-12    1.0000000E-14    1.0147443E-14    9.1877459E-05    1.0000000E-14    1.5920222E-03    1.0000000E-30
    1.2150000E+01   -8.0075592E-04    1.0000000E-04    1.5048717E-04    1.0001067E-04    2.3759659E-05    7.4432405E-09    2.1604267E-04    1.6615416E-03    3.4215198E-04    3.5587864E-07    8.2429931E-09    1.2710375E-12    1.0000000E-14    9.9406649E-14    9.3042251E-05    1.0000000E-14    1.5925330E-03    1.0000000E-30
    1.2330000E+01   -8.0659918E-04    1.0000000E-04    1.5184921E-04    1.0095670E-04    2.4029541E-05    7.3105286E-09    2.1664326E-04    1.6648720E-03    3.4211568E-04    3.5587824E-07    8.0951513E-09    1.2470180E-12    1.0000000E-14    5.4225439E-11    9.4202302E-05    1.0000000E-14    1.5930439E-03    1.0000000E-30
    1.2510000E+01   -8.0994779E-04    1.0000000E-04    1.5209090E-04    1.0161506E-04    2.4251526E-05    4.2761753E-09    2.1658768E-04    1.6665028E-03    3.4207857E-04    3.5587807E-07    1.3827000E-08    1.2363303E-12    1.0000000E-14    3.3031189E-08    9.5018205E-05    1.0000000E-14    1.5935548E-03    1.0000000E-30
    1.2690000E+01   -8.1328795E-04    1.0000000E-04    1.5233122E-04    1.0227245E-04    2.4472811E-05    4.2165818E-09    2.1653332E-04    1.6681212E-03    3.4204198E-04    3.5587790E-07    1.5450756E-08    1.2231428E-12    1.0000000E-14    6.6004917E-08    9.5831530E-05    1.0000000E-14    1.5940657E-03    1.0000000E-30
    1.2870000E+01   -8.1661576E-04    1.0000000E-04    1.5257018E-04    1.0292944E-04    2.4692946E-05    4.1784204E-09    2.1647638E-04    1.6697342E-03    3.4200619E-04    3.5587772E-07    1.5820970E-08    1.2095467E-12    1.0000000E-14    9.8975234E-08    9.6641558E-05    1.0000000E-14    1.5945766E-03    1.0000000E-30
    1.3050000E+01   -8.1993300E-04    1.0000000E-04    1.5280779E-04    1.0358655E-04    2.4911922E-05    4.1412288E-09    2.1641687E-04    1.6713425E-03    3.4197122E-04    3.5587754E-07    1.5812867E-08    1.1959833E-12    1.0000000E-14    1.3194222E-07    9.7447798E-05    1.0000000E-14    1.5950874E-03    1.0000000E-30
    1.3230000E+01   -8.2324028E-04    1.0000000E-04    1.5304407E-04    1.0424427E-04    2.5129736E-05    4.1048410E-09    2.1635484E-04    1.6729465E-03    3.4193711E-04    3.5587736E-07    1.5692744E-08    1.1825832E-12    1.0000000E-14    1.6490595E-07    9.8249811E-05    1.0000000E-14    1.5955983E-03    1.0000000E-30
    1.3410000E+01   -8.2653783E-04    1.0000000E-04    1.5327903E-04    1.0490301E-04    2.5346386E-05    4.0692348E-09    2.1629031E-04    1.6745463E-03    3.4190387E-04    3.5587717E-07    1.5540982E-08    1.1693826E-12    1.0000000E-14    1.9786652E-07    9.9047211E-05    1.0000000E-14    1.5961092E-03    1.0000000E-30
    1.3590000E+01   -8.2982580E-04    1.0000000E-04    1.5351269E-04    1.0556312E-04    2.5561869E-05    4.0343904E-09    2.1622334E-04    1.6761418E-03    3.4187152E-04    3.5587698E-07    1.5381634E-08    1.1563889E-12    1.0000000E-14    2.3082401E-07    9.9839677E-05    1.0000000E-14    1.5966201E-03    1.0000000E-30
    1.3770000E+01   -8.3310428E-04    1.0000000E-04    1.5374506E-04    1.0622491E-04    2.5776186E-05    4.0002887E-09    2.1615397E-04    1.6777332E-03    3.4184010E-04    3.5587678E-07    1.5221817E-08    1.1436012E-12    1.0000000E-14    2.6377851E-07    1.0062695E-04    1.0000000E-14    1.5971310E-03    1.0000000E-30
    1.3950000E+01   -8.3637335E-04    1.0000000E-04    1.5397615E-04    1.0688859E-04    2.5989337E-05    3.9669113E-09    2.1608222E-04    1.6793204E-03    3.4180962E-04    3.5587658E-07    1.5063592E-08    1.1310160E-12    1.0000000E-14    2.9673011E-07    1.0140885E-04    1.0000000E-14    1.5976419E-03    1.0000000E-30
    1.4130000E+01   -8.3963308E-04    1.0000000E-04    1.5420598E-04    1.0755432E-04    2.6201325E-05    3.9342402E-09    2.1600815E-04    1.6809036E-03    3.4178011E-04    3.5587637E-07    1.4907527E-08    1.1186291E-12    1.0000000E-14    3.2967890E-07    1.0218523E-04    1.0000000E-14    1.5981527E-03    1.0000000E-30
    1.4310000E+01   -8.4288356E-04    1.0000000E-04    1.5443455E-04    1.0822222E-04    2.6412152E-05    3.9022575E-09    2.1593178E-04    1.6824827E-03    3.4175160E-04    3.5587616E-07    1.4753749E-08    1.1064365E-12    1.0000000E-14    3.6262498E-07    1.0295602E-04    1.0000000E-14    1.5986636E-03    1.0000000E-30
    1.4490000E+01   -8.4612487E-04    1.0000000E-04    1.5466189E-04    1.0889232E-04    2.6621822E-05    3.8709462E-09    2.1585315E-04    1.6840577E-03    3.4172410E-04    3.5587594E-07    1.4602261E-08    1.0944341E-12    1.0000000E-14    3.9556845E-07    1.0372120E-04    1.0000000E-14    1.5991745E-03    1.0000000E-30
    1.4670000E+01   -8.4935707E-04    1.0000000E-04    1.5488800E-04    1.0956466E-04    2.6830339E-05    3.8402894E-09    2.1577230E-04    1.6856288E-03    3.4169766E-04    3.5587572E-07    1.4453028E-08    1.0826177E-12    1.0000000E-14    4.2850940E-07    1.0448078E-04    1.0000000E-14    1.5996854E-03    1.0000000E-30
    1.4850000E+01   -8.5258024E-04    1.0000000E-04    1.5511290E-04    1.1023925E-04    2.7037708E-05    3.8102709E-09    2.1568927E-04    1.6871959E-03    3.4167228E-04    3.5587549E-07    1.4306007E-08    1.0709834E-12    1.0000000E-14    4.6144795E-07    1.0523478E-04    1.0000000E-14    1.6001963E-03    1.0000000E-30
    1.5030000E+01   -8.5579444E-04    1.0000000E-04    1.5533660E-04    1.1091610E-04    2.7243935E-05    3.7808749E-09    2.1560408E-04    1.6887591E-03    3.4164802E-04    3.5587525E-07    1.4161152E-08    1.0595276E-12    1.0000000E-14    4.9438419E-07    1.0598320E-04    1.0000000E-14    1.6007072E-03    1.0000000E-30
    1.5210000E+01   -8.5899976E-04    1.0000000E-04    1.5555911E-04    1.1159529E-04    2.7449025E-05    3.7520864E-09    2.1551677E-04    1.6903184E-03    3.4162488E-04    3.5587501E-07    1.4018418E-08    1.0482464E-12    1.0000000E-14    5.2731824E-07    1.0672598E-04    1.0000000E-14    1.6012180E-03    1.0000000E-30
    1.5390000E+01   -8.6219627E-04    1.0000000E-04    1.5578045E-04    1.1227702E-04    2.7652985E-05    3.7238912E-09    2.1542738E-04    1.6918739E-03    3.4160291E-04    3.5587476E-07    1.3877764E-08    1.0371364E-12    1.0000000E-14    5.6025022E-07    1.0746297E-04    1.0000000E-14    1.6017289E-03    1.0000000E-30
    1.5570000E+01   -8.6538402E-04    1.0000000E-04    1.5600062E-04    1.1296166E-04    2.7855820E-05    3.6962759E-09    2.1533593E-04    1.6934257E-03    3.4158213E-04    3.5587450E-07    1.3739147E-08    1.0261941E-12    1.0000000E-14    5.9318022E-07    1.0819382E-04    1.0000000E-14    1.6022398E-03    1.0000000E-30
    1.5750000E+01   -8.6856310E-04    1.0000000E-04    1.5621963E-04    1.1364981E-04    2.8057536E-05    3.6692286E-09    2.1524246E-04    1.6949740E-03    3.4156258E-04    3.5587424E-07    1.3602529E-08    1.0154165E-12    1.0000000E-14    6.2610838E-07    1.0891795E-04    1.0000000E-14    1.6027507E-03    1.0000000E-30
    1.5930000E+01   -8.7173356E-04    1.0000000E-04    1.5643750E-04    1.1434246E-04    2.8258138E-05    3.6427390E-09    2.1514700E-04    1.6965189E-03    3.4154428E-04    3.5587397E-07    1.3467876E-08    1.0048008E-12    1.0000000E-14    6.5903480E-07    1.0963439E-04    1.0000000E-14    1.6032616E-03    1.0000000E-30
    1.6110000E+01   -8.7489547E-04    1.0000000E-04    1.5665424E-04    1.1504102E-04    2.8457629E-05    3.6167988E-09    2.1504959E-04    1.6980609E-03    3.4152727E-04    3.5587370E-07    1.3335158E-08    9.9434451E-13    1.0000000E-14    6.9195963E-07    1.1034177E-04    1.0000000E-14    1.6037725E-03    1.0000000E-30
    1.6290000E+01   -8.7804891E-04    1.0000000E-04    1.5686986E-04    1.1574744E-04    2.8656011E-05    3.5914032E-09    2.1495025E-04    1.6996009E-03    3.4151159E-04    3.5587341E-07    1.3204358E-08    9.8404631E-13    1.0000000E-14    7.2488298E-07    1.1103816E-04    1.0000000E-14    1.6042833E-03    1.0000000E-30
    1.6470000E+01   -8.8119394E-04    1.0000000E-04    1.5708436E-04    1.1646433E-04    2.8853285E-05    3.5665515E-09    2.1484901E-04    1.7011401E-03    3.4149727E-04    3.5587312E-07    1.3075474E-08    9.7390625E-13    1.0000000E-14    7.5780499E-07    1.1172099E-04    1.0000000E-14    1.6047942E-03    1.0000000E-30
    1.6650000E+01   -8.8433064E-04    1.0000000E-04    1.5729776E-04    1.1719497E-04    2.9049447E-05    3.5422501E-09    2.1474591E-04    1.7026812E-03    3.4148434E-04    3.5587282E-07    1.2948536E-08    9.6392705E-13    1.0000000E-14    7.9072578E-07    1.1238700E-04    1.0000000E-14    1.6053051E-03    1.0000000E-30
    1.6830000E+01   -8.8745909E-04    1.0000000E-04    1.5751007E-04    1.1794338E-04    2.9244495E-05    3.5185168E-09    2.1464099E-04    1.7042289E-03    3.4147284E-04    3.5587251E-07    1.2823632E-08    9.5411623E-13    1.0000000E-14    8.2364551E-07    1.1303221E-04    1.0000000E-14    1.6058160E-03    1.0000000E-30
    1.7010000E+01   -8.9057939E-04    1.0000000E-04    1.5772130E-04    1.1871434E-04    2.9438420E-05    3.4953881E-09    2.1453427E-04    1.7057917E-03    3.4146281E-04    3.5587220E-07    1.2700949E-08    9.4448996E-13    1.0000000E-14    8.5656430E-07    1.1365190E-04    1.0000000E-14    1.6063269E-03    1.0000000E-30
    1.7190000E+01   -8.9369166E-04    1.0000000E-04    1.5793146E-04    1.1951331E-04    2.9631212E-05    3.4729333E-09    2.1442581E-04    1.7073852E-03    3.4145429E-04    3.5587187E-07    1.2580861E-08    9.3508010E-13    1.0000000E-14    8.8948231E-07    1.1424066E-04    1.0000000E-14    1.6068378E-03    1.0000000E-30
    1.7370000E+01   -8.9679607E-04    1.0000000E-04    1.5814058E-04    1.2034633E-04    2.9822860E-05    3.4512801E-09    2.1431566E-04    1.7090384E-03    3.4144732E-04    3.5587154E-07    1.2464077E-08    9.2594706E-13    1.0000000E-14    9.2239968E-07    1.1479254E-04    1.0000000E-14    1.6073486E-03    1.0000000E-30
    1.7550000E+01   -8.9989292E-04    1.0000000E-04    1.5834868E-04    1.2121992E-04    3.0013346E-05    3.4306601E-09    2.1420390E-04    1.7108040E-03    3.4144194E-04    3.5587120E-07    1.2351920E-08    9.1720317E-13    1.0000000E-14    9.5531656E-07    1.1530114E-04    1.0000000E-14    1.6078595E-03    1.0000000E-30
    1.7730000E+01   -9.0298264E-04    1.0000000E-04    1.5855583E-04    1.2214084E-04    3.0202652E-05    3.4114943E-09    2.1409065E-04    1.7127790E-03    3.4143819E-04    3.5587084E-07    1.2246831E-08    9.0905547E-13    1.0000000E-14    9.8823304E-07    1.1575989E-04    1.0000000E-14    1.6083704E-03    1.0000000E-30
    1.7910000E+01   -9.0606101E-04    1.0000000E-04    1.5876178E-04    1.2311416E-04    3.0390452E-05    3.3945683E-09    2.1397630E-04    1.7151361E-03    3.4143612E-04    3.5587048E-07    1.2153405E-08    9.0189282E-13    1.0000000E-14    1.0210957E-06    1.1616186E-04    1.0000000E-14    1.6088805E-03    1.0000000E-30
