# Time          5.0000E+01
# Units: Mol/g solid
    Distance        NaXEel           KXEel            CaXEel           MgXEel          
    9.0000000E-02    3.9695534E-08    3.6452946E-07    6.2433303E-06    3.5578452E-06
    2.7000000E-01    4.9074160E-08    5.0085173E-07    6.2008791E-06    3.5276941E-06
    4.5000000E-01    5.5986647E-08    6.7451744E-07    6.1603831E-06    3.4773168E-06
    6.3000000E-01    6.1331310E-08    8.4670526E-07    6.1198216E-06    3.4286227E-06
    8.1000000E-01    6.5534449E-08    1.0008617E-06    6.0832974E-06    3.3855618E-06
    9.9000000E-01    6.8874623E-08    1.1322549E-06    6.0524004E-06    3.3487568E-06
    1.1700000E+00    7.1561267E-08    1.2423865E-06    6.0268901E-06    3.3175793E-06
    1.3500000E+00    7.3751498E-08    1.3346787E-06    6.0058992E-06    3.2910966E-06
    1.5300000E+00    7.5562066E-08    1.4126077E-06    5.9885130E-06    3.2684187E-06
    1.7100000E+00    7.7078422E-08    1.4791595E-06    5.9739411E-06    3.2487937E-06
    1.8900000E+00    7.8367038E-08    1.5359862E-06    5.9613465E-06    3.2321937E-06
    2.0700000E+00    2.0063752E-10    3.6457268E-09    1.4752339E-08    8.3262862E-09
    2.2500000E+00    2.0484328E-10    3.4780573E-09    1.4631933E-08    8.5281213E-09
    2.4300000E+00    2.0861844E-10    3.3312547E-09    1.4533974E-08    8.6973524E-09
    2.6100000E+00    2.1202657E-10    3.2011952E-09    1.4452824E-08    8.8416333E-09
    2.7900000E+00    2.1511872E-10    3.0848362E-09    1.4384562E-08    8.9663716E-09
    2.9700000E+00    2.1793640E-10    2.9798737E-09    1.4326380E-08    9.0754981E-09
    3.1500000E+00    2.2051386E-10    2.8845242E-09    1.4276219E-08    9.1719407E-09
    3.3300000E+00    2.2287957E-10    2.7973804E-09    1.4232538E-08    9.2579262E-09
    3.5100000E+00    2.2505752E-10    2.7173142E-09    1.4194160E-08    9.3351796E-09
    3.6900000E+00    2.2706802E-10    2.6434080E-09    1.4160174E-08    9.4050585E-09
    3.8700000E+00    2.2892846E-10    2.5749061E-09    1.4129863E-08    9.4686469E-09
    4.0500000E+00    2.3065380E-10    2.5111792E-09    1.4102655E-08    9.5268210E-09
    4.2300000E+00    2.3225701E-10    2.4516984E-09    1.4078090E-08    9.5802974E-09
    4.4100000E+00    2.3374939E-10    2.3960146E-09    1.4055795E-08    9.6296680E-09
    4.5900000E+00    2.3514086E-10    2.3437440E-09    1.4035461E-08    9.6754263E-09
    4.7700000E+00    2.3644016E-10    2.2945560E-09    1.4016834E-08    9.7179875E-09
    4.9500000E+00    2.3765500E-10    2.2481637E-09    1.3999701E-08    9.7577032E-09
    5.1300000E+00    2.3879226E-10    2.2043170E-09    1.3983883E-08    9.7948737E-09
    5.3100000E+00    2.3985808E-10    2.1627966E-09    1.3969227E-08    9.8297569E-09
    5.4900000E+00    2.4085794E-10    2.1234091E-09    1.3955605E-08    9.8625755E-09
    5.6700000E+00    2.4179679E-10    2.0859831E-09    1.3942906E-08    9.8935234E-09
    5.8500000E+00    2.4267909E-10    2.0503663E-09    1.3931033E-08    9.9227697E-09
    6.0300000E+00    2.4350886E-10    2.0164225E-09    1.3919905E-08    9.9504631E-09
    6.2100000E+00    2.4428977E-10    1.9840296E-09    1.3909449E-08    9.9767345E-09
    6.3900000E+00    2.4502515E-10    1.9530777E-09    1.3899603E-08    1.0001700E-08
    6.5700000E+00    2.4571804E-10    1.9234679E-09    1.3890310E-08    1.0025463E-08
    6.7500000E+00    2.4637122E-10    1.8951101E-09    1.3881523E-08    1.0048115E-08
    6.9300000E+00    2.4698724E-10    1.8679230E-09    1.3873198E-08    1.0069739E-08
    7.1100000E+00    2.4756845E-10    1.8418321E-09    1.3865296E-08    1.0090409E-08
    7.2900000E+00    2.4811701E-10    1.8167696E-09    1.3857785E-08    1.0110192E-08
    7.4700000E+00    2.4863491E-10    1.7926735E-09    1.3850632E-08    1.0129147E-08
    7.6500000E+00    2.4912402E-10    1.7694867E-09    1.3843812E-08    1.0147331E-08
    7.8300000E+00    2.4958604E-10    1.7471577E-09    1.3837299E-08    1.0164793E-08
    8.0100000E+00    2.5002418E-10    1.7258065E-09    1.3831039E-08    1.0181525E-08
    8.1900000E+00    4.0115914E-08    2.7788256E-07    2.2108534E-06    1.6299703E-06
    8.3700000E+00    4.0224893E-08    2.7962399E-07    2.2089238E-06    1.6309791E-06
    8.5500000E+00    4.0328608E-08    2.8134697E-07    2.2069908E-06    1.6320033E-06
    8.7300000E+00    4.0427431E-08    2.8305632E-07    2.2049569E-06    1.6331376E-06
    8.9100000E+00    4.0521771E-08    2.8475538E-07    2.2026413E-06    1.6345609E-06
    9.0900000E+00    4.0612083E-08    2.8644756E-07    2.1997734E-06    1.6365418E-06
    9.2700000E+00    4.0698853E-08    2.8813672E-07    2.1960248E-06    1.6394067E-06
    9.4500000E+00    4.0782549E-08    2.8982691E-07    2.1910762E-06    1.6434725E-06
    9.6300000E+00    4.0863564E-08    2.9152210E-07    2.1847015E-06    1.6489632E-06
    9.8100000E+00    4.0942167E-08    2.9322632E-07    2.1768385E-06    1.6559386E-06
    9.9900000E+00    4.1018481E-08    2.9494462E-07    2.1676234E-06    1.6642602E-06
    1.0170000E+01    4.1092507E-08    2.9668539E-07    2.1573757E-06    1.6736043E-06
    1.0350000E+01    4.1164177E-08    2.9846423E-07    2.1465426E-06    1.6835158E-06
    1.0530000E+01    4.1233434E-08    3.0030972E-07    2.1356195E-06    1.6934850E-06
    1.0710000E+01    4.1300322E-08    3.0227104E-07    2.1250703E-06    1.7030236E-06
    1.0890000E+01    4.1365068E-08    3.0442741E-07    2.1152630E-06    1.7117237E-06
    1.1070000E+01    4.1428150E-08    3.0689901E-07    2.1064332E-06    1.7192894E-06
    1.1250000E+01    4.1490356E-08    3.0985877E-07    2.0986736E-06    1.7255411E-06
    1.1430000E+01    4.1552814E-08    3.1354400E-07    2.0919456E-06    1.7303984E-06
    1.1610000E+01    4.1617015E-08    3.1826658E-07    2.0861030E-06    1.7338505E-06
    1.1790000E+01    4.1684819E-08    3.2441975E-07    2.0809221E-06    1.7359238E-06
    1.1970000E+01    4.1758432E-08    3.3247949E-07    2.0761302E-06    1.7366517E-06
    1.2150000E+01    4.1840363E-08    3.4299785E-07    2.0714302E-06    1.7360543E-06
    1.2330000E+01    4.1932525E-08    3.5654038E-07    2.0665323E-06    1.7341375E-06
    1.2510000E+01    2.6180476E-08    2.2921324E-07    1.2894390E-06    1.0828985E-06
    1.2690000E+01    2.6156671E-08    2.3654866E-07    1.2871020E-06    1.0815800E-06
    1.2870000E+01    2.6137783E-08    2.4495543E-07    1.2845766E-06    1.0799112E-06
    1.3050000E+01    2.6124191E-08    2.5453525E-07    1.2818237E-06    1.0778808E-06
    1.3230000E+01    2.6116241E-08    2.6538308E-07    1.2788107E-06    1.0754737E-06
    1.3410000E+01    2.6114228E-08    2.7758252E-07    1.2755177E-06    1.0726677E-06
    1.3590000E+01    2.6118375E-08    2.9120068E-07    1.2719467E-06    1.0694275E-06
    1.3770000E+01    2.6128799E-08    3.0628246E-07    1.2681351E-06    1.0656928E-06
    1.3950000E+01    2.6145478E-08    3.2284462E-07    1.2641741E-06    1.0613642E-06
    1.4130000E+01    2.6168214E-08    3.4087004E-07    1.2602270E-06    1.0562870E-06
    1.4310000E+01    2.6196608E-08    3.6030262E-07    1.2565425E-06    1.0502408E-06
    1.4490000E+01    2.6230037E-08    3.8104361E-07    1.2534566E-06    1.0429393E-06
    1.4670000E+01    2.6267657E-08    4.0295001E-07    1.2513771E-06    1.0340467E-06
    1.4850000E+01    2.6308432E-08    4.2583588E-07    1.2507490E-06    1.0232114E-06
    1.5030000E+01    2.6351177E-08    4.4947678E-07    1.2520043E-06    1.0101140E-06
    1.5210000E+01    2.6394630E-08    4.7361758E-07    1.2555050E-06    9.9452102E-07
    1.5390000E+01    2.6437526E-08    4.9798300E-07    1.2614901E-06    9.7633169E-07
    1.5570000E+01    2.6478670E-08    5.2228998E-07    1.2700373E-06    9.5561023E-07
    1.5750000E+01    2.6517003E-08    5.4626060E-07    1.2810485E-06    9.3259443E-07
    1.5930000E+01    2.6551644E-08    5.6963427E-07    1.2942579E-06    9.0768071E-07
    1.6110000E+01    2.6581913E-08    5.9217780E-07    1.3092626E-06    8.8138907E-07
    1.6290000E+01    2.6607334E-08    6.1369281E-07    1.3255659E-06    8.5431538E-07
    1.6470000E+01    2.6627618E-08    6.3401974E-07    1.3426280E-06    8.2707958E-07
    1.6650000E+01    2.6642639E-08    6.5303877E-07    1.3599130E-06    8.0027750E-07
    1.6830000E+01    2.6652397E-08    6.7066792E-07    1.3769293E-06    7.7444163E-07
    1.7010000E+01    2.6656981E-08    6.8685896E-07    1.3932591E-06    7.5001398E-07
    1.7190000E+01    2.6656541E-08    7.0159192E-07    1.4085755E-06    7.2733134E-07
    1.7370000E+01    2.6651247E-08    7.1486883E-07    1.4226491E-06    7.0662192E-07
    1.7550000E+01    2.6641275E-08    7.2670746E-07    1.4353456E-06    6.8801107E-07
    1.7730000E+01    2.6626781E-08    7.3713531E-07    1.4466164E-06    6.7153359E-07
    1.7910000E+01    2.6608038E-08    7.4615163E-07    1.4564470E-06    6.5720431E-07
