# Time          5.0000E+01
# Units: Log10 mol/kgw
    Distance      pH               H+               Li+              Na+              Ca++             K+               Al+++            SiO2(aq)         CO2(aq)          O2(aq)           Methane(aq)      Fe++             Fe+++            HS-              SO4--            Mg++             Cl-              CH2O             Tracer           HCO3-            Al(OH)2+         AlO2-            AlOH++           FeOH+            FeOH++           FeSO4(aq)        FeSO4+           OH-              CO3--            FeCO3(aq)        FeCO3+           FeHCO3+          NaCO3-           NaHCO3(aq)   
    9.0000000E-02    5.8197119E+00   -5.8127149E+00   -3.9999999E+00   -4.7648086E+00   -4.9999096E+00   -5.0798744E+00   -6.9336456E+00   -4.5608270E+00   -3.0217327E+00   -3.4789678E+00   -6.4486725E+00   -7.2702496E+00   -1.4226604E+01   -1.4000000E+01   -1.4000003E+01   -5.1824667E+00   -1.4000000E+01   -4.6743567E+00   -3.0000000E+01   -3.6383224E+00   -6.7462486E+00   -8.0845235E+00   -6.5075989E+00   -1.0971780E+01   -1.0631331E+01   -1.9127347E+01   -2.6586603E+01   -8.6384810E+00   -8.2599254E+00   -1.0723246E+01   -1.2292941E+01   -8.2169754E+00   -1.2382338E+01   -8.1495137E+00
    2.7000000E-01    5.8971952E+00   -5.8893819E+00   -3.9999999E+00   -4.5453809E+00   -4.7457242E+00   -4.8464757E+00   -7.4455121E+00   -4.3059763E+00   -3.0262430E+00   -3.5020341E+00   -6.4486754E+00   -7.2767226E+00   -1.4619502E+01   -1.4000000E+01   -1.4000003E+01   -4.9278235E+00   -1.4000000E+01   -6.0200233E+00   -3.0000000E+01   -3.5644865E+00   -7.1096549E+00   -8.2929632E+00   -6.9459269E+00   -1.0903281E+01   -1.0950690E+01   -1.9140630E+01   -2.6989444E+01   -8.5601361E+00   -8.1060444E+00   -1.0582631E+01   -1.2541883E+01   -8.1529812E+00   -1.2012448E+01   -7.8579703E+00
    4.5000000E-01    5.9610943E+00   -5.9526112E+00   -3.9999999E+00   -4.4168920E+00   -4.6065234E+00   -4.6522605E+00   -7.8079215E+00   -4.1684089E+00   -3.0317928E+00   -3.5263033E+00   -6.4486779E+00   -7.3399008E+00   -1.4805005E+01   -1.4000000E+01   -1.4000002E+01   -4.7915832E+00   -1.4000000E+01   -6.8783699E+00   -3.0000000E+01   -3.5054252E+00   -7.3496027E+00   -8.4051129E+00   -7.2476622E+00   -1.0904626E+01   -1.1075519E+01   -1.9209420E+01   -2.7183116E+01   -8.4955262E+00   -7.9809727E+00   -1.0526334E+01   -1.2610469E+01   -8.1598710E+00   -1.1761706E+01   -7.6718391E+00
    6.3000000E-01    6.0133656E+00   -6.0043141E+00   -3.9999999E+00   -4.3276583E+00   -4.5128722E+00   -4.5007988E+00   -8.0814875E+00   -4.0783496E+00   -3.0357766E+00   -3.5522754E+00   -6.4486801E+00   -7.4149070E+00   -1.4956679E+01   -1.4000000E+01   -1.4000002E+01   -4.7008838E+00   -1.4000000E+01   -6.9896496E+00   -3.0000000E+01   -3.4565303E+00   -7.5231545E+00   -8.4741220E+00   -7.4716861E+00   -1.0929118E+01   -1.1177651E+01   -1.9289206E+01   -2.7341735E+01   -8.4426485E+00   -7.8780071E+00   -1.0503141E+01   -1.2666108E+01   -8.1883424E+00   -1.1571909E+01   -7.5349206E+00
    8.1000000E-01    6.0564597E+00   -6.0469097E+00   -3.9999999E+00   -4.2599373E+00   -4.4419360E+00   -4.3839181E+00   -8.2991154E+00   -4.0135151E+00   -3.0377197E+00   -3.5802002E+00   -6.4486820E+00   -7.4811964E+00   -1.5081499E+01   -1.4000000E+01   -1.4000002E+01   -4.6325712E+00   -1.4000000E+01   -6.9687548E+00   -3.0000000E+01   -3.4148446E+00   -7.6585637E+00   -8.5233431E+00   -7.6486065E+00   -1.0953857E+01   -1.1261763E+01   -1.9359700E+01   -2.7472650E+01   -8.3990209E+00   -7.7916446E+00   -1.0487260E+01   -1.2710647E+01   -8.2150200E+00   -1.1419938E+01   -7.4265788E+00
    9.9000000E-01    6.0917258E+00   -6.0817275E+00   -3.9999999E+00   -4.2055482E+00   -4.3837911E+00   -4.2928570E+00   -8.4753679E+00   -3.9640156E+00   -3.0370828E+00   -3.6103685E+00   -6.4486837E+00   -7.5309237E+00   -1.5183289E+01   -1.4000000E+01   -1.4000001E+01   -4.5766876E+00   -1.4000000E+01   -6.9389879E+00   -3.0000000E+01   -3.3784588E+00   -7.7678539E+00   -8.5621010E+00   -7.7917348E+00   -1.0969710E+01   -1.1330429E+01   -1.9413220E+01   -2.7579930E+01   -8.3632729E+00   -7.7185645E+00   -1.0467687E+01   -1.2744835E+01   -8.2302311E+00   -1.1294376E+01   -7.3367653E+00
    1.1700000E+00    6.1197302E+00   -6.1093203E+00   -3.9999999E+00   -4.1600287E+00   -4.3336032E+00   -4.2205894E+00   -8.6170741E+00   -3.9245826E+00   -3.0331437E+00   -3.6431411E+00   -6.4486853E+00   -7.5621924E+00   -1.5263620E+01   -1.4000000E+01   -1.4000001E+01   -4.5284019E+00   -1.4000000E+01   -6.9063841E+00   -3.0000000E+01   -3.3460706E+00   -7.8568279E+00   -8.5950662E+00   -7.9073986E+00   -1.0974253E+01   -1.1384718E+01   -1.9447980E+01   -2.7665304E+01   -8.3348248E+00   -7.6568573E+00   -1.0440728E+01   -1.2768490E+01   -8.2308310E+00   -1.1188905E+01   -7.2597430E+00
    1.3500000E+00    6.1404778E+00   -6.1296837E+00   -3.9999999E+00   -4.1206476E+00   -4.2888124E+00   -4.1619099E+00   -8.7267102E+00   -3.8919735E+00   -3.0249693E+00   -3.6789737E+00   -6.4486868E+00   -7.5748009E+00   -1.5322422E+01   -1.4000000E+01   -1.4000001E+01   -4.4851613E+00   -1.4000000E+01   -6.8707954E+00   -3.0000000E+01   -3.3167322E+00   -7.9280266E+00   -8.6247696E+00   -7.9981148E+00   -1.0967309E+01   -1.1424600E+01   -1.9463854E+01   -2.7728818E+01   -8.3136618E+00   -7.6055413E+00   -1.0405274E+01   -1.2780676E+01   -8.2157089E+00   -1.1099850E+01   -7.1918523E+00
    1.5300000E+00    6.1535270E+00   -6.1423690E+00   -3.9999999E+00   -4.0855728E+00   -4.2478961E+00   -4.1132249E+00   -8.8045455E+00   -3.8640519E+00   -3.0114075E+00   -3.7184538E+00   -6.4486883E+00   -7.5683390E+00   -1.5358311E+01   -1.4000000E+01   -1.4000001E+01   -4.4454436E+00   -1.4000000E+01   -6.8316738E+00   -3.0000000E+01   -3.2897256E+00   -7.9826592E+00   -8.6533039E+00   -8.0646288E+00   -1.0948931E+01   -1.1449168E+01   -1.9460493E+01   -2.7769174E+01   -8.3002180E+00   -7.5643176E+00   -1.0360677E+01   -1.2779797E+01   -8.1837657E+00   -1.1025111E+01   -7.1305581E+00
    1.7100000E+00    6.1580982E+00   -6.1465906E+00   -3.9999999E+00   -4.0534685E+00   -4.2098417E+00   -4.0720655E+00   -8.8492021E+00   -3.8392971E+00   -2.9911134E+00   -3.7623564E+00   -6.4486898E+00   -7.5417942E+00   -1.5368899E+01   -1.4000000E+01   -1.4000001E+01   -4.4082249E+00   -1.4000000E+01   -6.7882512E+00   -3.0000000E+01   -3.2644795E+00   -8.0209544E+00   -8.6824568E+00   -8.1063709E+00   -1.0918906E+01   -1.1456841E+01   -1.9436932E+01   -2.7784056E+01   -8.2952669E+00   -7.5333761E+00   -1.0306164E+01   -1.2763726E+01   -8.1334420E+00   -1.0963566E+01   -7.0739656E+00
    1.8900000E+00    6.1532308E+00   -6.1413821E+00   -3.9999999E+00   -4.0231031E+00   -4.1738085E+00   -4.0372039E+00   -8.8583739E+00   -3.8163049E+00   -2.9626284E+00   -3.8117335E+00   -6.4486914E+00   -7.4941178E+00   -1.5351258E+01   -1.4000000E+01   -1.4000002E+01   -4.3723783E+00   -1.4000000E+01   -6.7100456E+00   -3.0000000E+01   -3.2404890E+00   -8.0425744E+00   -8.7138117E+00   -8.1220240E+00   -1.0877162E+01   -1.1445681E+01   -1.9392174E+01   -2.7770609E+01   -8.2997625E+00   -7.5131535E+00   -1.0241171E+01   -1.2730044E+01   -8.0632093E+00   -1.0914447E+01   -7.0203514E+00
    2.0700000E+00    6.1395936E+00   -6.1273637E+00   -3.9999999E+00   -3.9818527E+00   -4.1342950E+00   -4.0410108E+00   -8.7418708E+00   -3.7804337E+00   -2.9247810E+00   -3.8676607E+00   -6.4486937E+00   -7.4655470E+00   -1.5307255E+01   -1.4000000E+01   -1.4000002E+01   -4.3145294E+00   -1.4000000E+01   -4.9460058E+00   -3.0000000E+01   -3.2158607E+00   -7.9563789E+00   -8.6548904E+00   -8.0209592E+00   -1.0863421E+01   -1.1417116E+01   -1.9366873E+01   -2.7731298E+01   -8.3129828E+00   -7.5009302E+00   -1.0203633E+01   -1.2678496E+01   -8.0116162E+00   -1.0862619E+01   -6.9553042E+00
    2.2500000E+00    6.1277490E+00   -6.1151478E+00   -3.9999999E+00   -3.9432457E+00   -4.0976775E+00   -4.0451976E+00   -8.7365404E+00   -3.7474920E+00   -2.8897626E+00   -3.9273200E+00   -6.4486960E+00   -7.4062233E+00   -1.5268432E+01   -1.4000000E+01   -1.4000002E+01   -4.2631304E+00   -1.4000000E+01   -4.8552875E+00   -3.0000000E+01   -3.1922789E+00   -7.9776901E+00   -8.6998908E+00   -8.0292234E+00   -1.0817104E+01   -1.1391888E+01   -1.9310740E+01   -2.7697047E+01   -8.3244204E+00   -7.4879906E+00   -1.0134546E+01   -1.2631292E+01   -7.9302765E+00   -1.0812678E+01   -6.8939270E+00
    2.4300000E+00    6.1179883E+00   -6.1050258E+00   -3.9999999E+00   -3.9070684E+00   -4.0635980E+00   -4.0497523E+00   -8.7358843E+00   -3.7171875E+00   -2.8578199E+00   -3.9912804E+00   -6.4486985E+00   -7.3380757E+00   -1.5235924E+01   -1.4000000E+01   -1.4000002E+01   -4.2169276E+00   -1.4000000E+01   -4.7899593E+00   -3.0000000E+01   -3.1696984E+00   -7.9994283E+00   -8.7411504E+00   -8.0400279E+00   -1.0759850E+01   -1.1370841E+01   -1.9245704E+01   -2.7668993E+01   -8.3337839E+00   -7.4739978E+00   -1.0055504E+01   -1.2589231E+01   -7.8410750E+00   -1.0764075E+01   -6.8359614E+00
    2.6100000E+00    6.1100702E+00   -6.0967561E+00   -3.9999999E+00   -3.8731268E+00   -4.0317630E+00   -4.0546638E+00   -8.7391757E+00   -3.6892815E+00   -2.8286688E+00   -4.0600989E+00   -6.4487010E+00   -7.2676042E+00   -1.5209028E+01   -1.4000000E+01   -1.4000003E+01   -4.1750073E+00   -1.4000000E+01   -4.7226450E+00   -3.0000000E+01   -3.1480767E+00   -8.0213507E+00   -8.7789092E+00   -8.0528884E+00   -1.0698400E+01   -1.1353514E+01   -1.9178267E+01   -2.7646433E+01   -8.3413146E+00   -7.4591505E+00   -9.9732053E+00   -1.2551810E+01   -7.7504695E+00   -1.0716813E+01   -6.7811708E+00
    2.7900000E+00    6.1037901E+00   -6.0901340E+00   -3.9999999E+00   -3.8412433E+00   -4.0019269E+00   -4.0599202E+00   -8.7459088E+00   -3.6635629E+00   -2.8020606E+00   -4.1344706E+00   -6.4487035E+00   -7.1966396E+00   -1.5187135E+01   -1.4000000E+01   -1.4000003E+01   -4.1366794E+00   -1.4000000E+01   -4.6506302E+00   -3.0000000E+01   -3.1273694E+00   -8.0433619E+00   -8.8134806E+00   -8.0675044E+00   -1.0634791E+01   -1.1339504E+01   -1.9110260E+01   -2.7628762E+01   -8.3472168E+00   -7.4436083E+00   -9.8896418E+00   -1.2518582E+01   -7.6602468E+00   -1.0670877E+01   -6.7293337E+00
    2.9700000E+00    6.0990194E+00   -6.0850308E+00   -3.9999999E+00   -3.8112595E+00   -3.9738834E+00   -4.0655080E+00   -8.7558215E+00   -3.6398480E+00   -2.7778233E+00   -4.2152349E+00   -6.4487061E+00   -7.1256818E+00   -1.5169861E+01   -1.4000000E+01   -1.4000004E+01   -4.1014106E+00   -1.4000000E+01   -4.5731297E+00   -3.0000000E+01   -3.1075331E+00   -8.0654589E+00   -8.8451189E+00   -8.0837439E+00   -1.0569650E+01   -1.1328557E+01   -1.9042185E+01   -2.7615597E+01   -8.3516190E+00   -7.4274558E+00   -9.8053996E+00   -1.2489251E+01   -7.5708641E+00   -1.0626193E+01   -6.6802483E+00
    3.1500000E+00    6.0956957E+00   -6.0813838E+00   -3.9999999E+00   -3.7830362E+00   -3.9474584E+00   -4.0714129E+00   -8.7688639E+00   -3.6179800E+00   -2.7558538E+00   -4.3034063E+00   -6.4487088E+00   -7.0548939E+00   -1.5157019E+01   -1.4000000E+01   -1.4000004E+01   -4.0687815E+00   -1.4000000E+01   -4.4895043E+00   -3.0000000E+01   -3.0885268E+00   -8.0877181E+00   -8.8740255E+00   -8.1016205E+00   -1.0503205E+01   -1.1320548E+01   -1.8974205E+01   -2.7606754E+01   -8.3545835E+00   -7.4107142E+00   -9.7206640E+00   -1.2463651E+01   -7.4824444E+00   -1.0582642E+01   -6.6337348E+00
    3.3300000E+00    6.0938128E+00   -6.0791866E+00   -3.9999999E+00   -3.7564532E+00   -3.9225051E+00   -4.0776188E+00   -8.7851653E+00   -3.5978271E+00   -2.7361089E+00   -4.4002142E+00   -6.4487115E+00   -6.9844116E+00   -1.5148589E+01   -1.4000000E+01   -1.4000005E+01   -4.0384573E+00   -1.4000000E+01   -4.3991305E+00   -3.0000000E+01   -3.0703134E+00   -8.1102826E+00   -8.9003556E+00   -8.1212706E+00   -1.0435597E+01   -1.1315467E+01   -1.8906458E+01   -2.7602214E+01   -8.3561163E+00   -7.3933522E+00   -9.6355404E+00   -1.2441734E+01   -7.3950866E+00   -1.0540075E+01   -6.5896363E+00
    3.5100000E+00    6.0934124E+00   -6.0784807E+00   -3.9999999E+00   -3.7314080E+00   -3.8988990E+00   -4.0841076E+00   -8.8050054E+00   -3.5792806E+00   -2.7185971E+00   -4.5071468E+00   -6.4487142E+00   -6.9144441E+00   -1.5144696E+01   -1.4000000E+01   -1.4000006E+01   -4.0101681E+00   -1.4000000E+01   -4.3014589E+00   -3.0000000E+01   -3.0528599E+00   -8.1333499E+00   -8.9242239E+00   -8.1429331E+00   -1.0366994E+01   -1.1313397E+01   -1.8839154E+01   -2.7602104E+01   -8.3561758E+00   -7.3752948E+00   -9.5501640E+00   -1.2423552E+01   -7.3089675E+00   -1.0498315E+01   -6.5478173E+00
    3.6900000E+00    6.0945736E+00   -6.0793454E+00   -3.9999999E+00   -3.7078141E+00   -3.8765351E+00   -4.0908591E+00   -8.8287815E+00   -3.5622523E+00   -2.7033694E+00   -4.6259947E+00   -6.4487169E+00   -6.8453063E+00   -1.5145578E+01   -1.4000000E+01   -1.4000007E+01   -3.9836937E+00   -1.4000000E+01   -4.1961489E+00   -3.0000000E+01   -3.0361377E+00   -8.1571594E+00   -8.9457110E+00   -8.1669267E+00   -1.0297633E+01   -1.1314496E+01   -1.8772607E+01   -2.7606661E+01   -8.3546827E+00   -7.3564342E+00   -9.4647420E+00   -1.2409234E+01   -7.2243735E+00   -1.0457166E+01   -6.5081628E+00
    3.8700000E+00    6.0973996E+00   -6.0818836E+00   -3.9999999E+00   -3.6855989E+00   -3.8553241E+00   -4.0978501E+00   -8.8569604E+00   -3.5466716E+00   -2.6905042E+00   -4.7588812E+00   -6.4487196E+00   -6.7774222E+00   -1.5151541E+01   -1.4000000E+01   -1.4000008E+01   -3.9588531E+00   -1.4000000E+01   -4.0832927E+00   -3.0000000E+01   -3.0201224E+00   -8.1819722E+00   -8.9648717E+00   -8.1936153E+00   -1.0227833E+01   -1.1318969E+01   -1.8707242E+01   -2.7616194E+01   -8.3515339E+00   -7.3366428E+00   -9.3795708E+00   -1.2398962E+01   -7.1417043E+00   -1.0416429E+01   -6.4705758E+00
    4.0500000E+00    6.1019946E+00   -6.0861995E+00   -3.9999999E+00   -3.6647005E+00   -3.8351897E+00   -4.1050548E+00   -8.8899988E+00   -3.5324818E+00   -2.6800846E+00   -4.9082550E+00   -6.4487224E+00   -6.7113109E+00   -1.5162896E+01   -1.4000000E+01   -1.4000010E+01   -3.9354958E+00   -1.4000000E+01   -3.9637252E+00   -3.0000000E+01   -3.0047929E+00   -8.2080367E+00   -8.9817464E+00   -8.2233520E+00   -1.0158011E+01   -1.1327022E+01   -1.8643577E+01   -2.7631013E+01   -8.3466254E+00   -7.3157956E+00   -9.2950442E+00   -1.2392918E+01   -7.0614577E+00   -1.0375916E+01   -6.4349729E+00
    4.2300000E+00    6.1084296E+00   -6.0923643E+00   -3.9999999E+00   -3.6450638E+00   -3.8160659E+00   -4.1124447E+00   -8.9282239E+00   -3.5196351E+00   -2.6721626E+00   -5.0768092E+00   -6.4487251E+00   -6.6475552E+00   -1.5179853E+01   -1.4000000E+01   -1.4000011E+01   -3.9134950E+00   -1.4000000E+01   -3.8393512E+00   -3.0000000E+01   -2.9901302E+00   -8.2355375E+00   -8.9963770E+00   -8.2563925E+00   -1.0088677E+01   -1.1338794E+01   -1.8582195E+01   -2.7651327E+01   -8.3398860E+00   -7.2938025E+00   -9.2116543E+00   -1.2391224E+01   -6.9841972E+00   -1.0335483E+01   -6.4012802E+00
    4.4100000E+00    6.1166992E+00   -6.1003725E+00   -3.9999999E+00   -3.6266360E+00   -3.7978935E+00   -4.1199895E+00   -8.9716765E+00   -3.5080859E+00   -2.6667139E+00   -5.2672895E+00   -6.4487278E+00   -6.5867508E+00   -1.5202390E+01   -1.4000000E+01   -1.4000013E+01   -3.8927414E+00   -1.4000000E+01   -3.7132932E+00   -3.0000000E+01   -2.9761156E+00   -8.2645265E+00   -9.0088268E+00   -8.2927835E+00   -1.0020433E+01   -1.1354270E+01   -1.8523691E+01   -2.7677114E+01   -8.3313213E+00   -7.2706506E+00   -9.1299836E+00   -1.2393845E+01   -6.9104997E+00   -1.0295062E+01   -6.3694259E+00
    4.5900000E+00    6.1266786E+00   -6.1100992E+00   -3.9999999E+00   -3.6093616E+00   -3.7806175E+00   -4.1276587E+00   -9.0199604E+00   -3.4977845E+00   -2.6635932E+00   -5.4821857E+00   -6.4487305E+00   -6.5294377E+00   -1.5230127E+01   -1.4000000E+01   -1.4000015E+01   -3.8731379E+00   -1.4000000E+01   -3.5895957E+00   -3.0000000E+01   -2.9627284E+00   -8.2948576E+00   -9.0191992E+00   -8.3322539E+00   -9.9539432E+00   -1.1373193E+01   -1.8468605E+01   -2.7707994E+01   -8.3210562E+00   -7.2464441E+00   -9.0506763E+00   -1.2400503E+01   -6.8408847E+00   -1.0254704E+01   -6.3393339E+00
    4.7700000E+00    6.1381053E+00   -6.1212818E+00   -3.9999999E+00   -3.5931786E+00   -3.7641841E+00   -4.1354238E+00   -9.0721786E+00   -3.4886711E+00   -2.6625136E+00   -5.7233753E+00   -6.4487332E+00   -6.4760233E+00   -1.5262270E+01   -1.4000000E+01   -1.4000016E+01   -3.8545953E+00   -1.4000000E+01   -3.4724020E+00   -3.0000000E+01   -2.9499444E+00   -8.3261597E+00   -9.0276479E+00   -8.3741700E+00   -9.8898781E+00   -1.1395035E+01   -1.8417344E+01   -2.7743175E+01   -8.3093530E+00   -7.2214208E+00   -8.9743783E+00   -1.2410646E+01   -6.7757356E+00   -1.0214583E+01   -6.3109180E+00
    4.9500000E+00    6.1506059E+00   -6.1335468E+00   -3.9999999E+00   -3.5780167E+00   -3.7485395E+00   -4.1432598E+00   -9.1270328E+00   -3.4806735E+00   -2.6630733E+00   -5.9918601E+00   -6.4487358E+00   -6.4267213E+00   -1.5297695E+01   -1.4000000E+01   -1.4000018E+01   -3.8370295E+00   -1.4000000E+01   -3.3649406E+00   -3.0000000E+01   -2.9377347E+00   -8.3578830E+00   -9.0343701E+00   -8.4176081E+00   -9.8288255E+00   -1.1419043E+01   -1.8370126E+01   -2.7781534E+01   -8.2965848E+00   -7.1959245E+00   -8.9016491E+00   -1.2423495E+01   -6.7152382E+00   -1.0174976E+01   -6.2840795E+00
    5.1300000E+00    6.1637652E+00   -6.1464785E+00   -3.9999999E+00   -3.5637994E+00   -3.7336293E+00   -4.1511467E+00   -9.1830776E+00   -3.4737091E+00   -2.6648241E+00   -6.2877155E+00   -6.4487384E+00   -6.3815301E+00   -1.5335152E+01   -1.4000000E+01   -1.4000020E+01   -3.8203609E+00   -1.4000000E+01   -3.2688878E+00   -3.0000000E+01   -2.9260661E+00   -8.3894154E+00   -9.0395838E+00   -8.4615396E+00   -9.7711999E+00   -1.1444387E+01   -1.8326950E+01   -2.7821827E+01   -8.2831667E+00   -7.1703365E+00   -8.8328708E+00   -1.2438187E+01   -6.6593592E+00   -1.0136186E+01   -6.2587095E+00
    5.3100000E+00    6.1772054E+00   -6.1596988E+00   -3.9999999E+00   -3.5504478E+00   -3.7194000E+00   -4.1590693E+00   -9.2390099E+00   -3.4676890E+00   -2.6673535E+00   -6.6102570E+00   -6.4487410E+00   -6.3402581E+00   -1.5373506E+01   -1.4000000E+01   -1.4000022E+01   -3.8045140E+00   -1.4000000E+01   -3.1843817E+00   -3.0000000E+01   -2.9149034E+00   -8.4202125E+00   -9.0435004E+00   -8.5050413E+00   -9.7171888E+00   -1.1470311E+01   -1.8287628E+01   -2.7862925E+01   -8.2694759E+00   -7.1449979E+00   -8.7681963E+00   -1.2453931E+01   -6.6078731E+00   -1.0098479E+01   -6.2346945E+00
    5.4900000E+00    6.1906388E+00   -6.1729195E+00   -3.9999999E+00   -3.5378841E+00   -3.7058000E+00   -4.1670170E+00   -9.2938596E+00   -3.4625245E+00   -2.6703381E+00   -6.9583177E+00   -6.4487435E+00   -6.3025841E+00   -1.5411895E+01   -1.4000000E+01   -1.4000024E+01   -3.7894192E+00   -1.4000000E+01   -3.1104940E+00   -3.0000000E+01   -2.9042107E+00   -8.4498833E+00   -9.0463045E+00   -8.5474329E+00   -9.6667600E+00   -1.1496242E+01   -1.8251842E+01   -2.7903967E+01   -8.2557997E+00   -7.1201592E+00   -8.7075585E+00   -1.2470121E+01   -6.5604248E+00   -1.0062029E+01   -6.2119219E+00
    5.6700000E+00    6.2038800E+00   -6.1859547E+00   -3.9999999E+00   -3.5260356E+00   -3.6927810E+00   -4.1749824E+00   -9.3470322E+00   -3.4581312E+00   -2.6735585E+00   -7.3305138E+00   -6.4487460E+00   -6.2681250E+00   -1.5449761E+01   -1.4000000E+01   -1.4000026E+01   -3.7750127E+00   -1.4000000E+01   -3.0457943E+00   -3.0000000E+01   -2.8939533E+00   -8.4782076E+00   -9.0481465E+00   -8.5883076E+00   -9.6197173E+00   -1.1521809E+01   -1.8219214E+01   -2.7944404E+01   -8.2423232E+00   -7.0959697E+00   -8.6507275E+00   -1.2486355E+01   -6.5165983E+00   -1.0026915E+01   -6.1902851E+00
    5.8500000E+00    6.2168290E+00   -6.1987041E+00   -3.9999999E+00   -3.5148360E+00   -3.6802988E+00   -4.1829606E+00   -9.3982433E+00   -3.4544317E+00   -2.6768827E+00   -7.7254337E+00   -6.4487484E+00   -6.2364915E+00   -1.5486803E+01   -1.4000000E+01   -1.4000028E+01   -3.7612372E+00   -1.4000000E+01   -2.9887719E+00   -3.0000000E+01   -2.8840988E+00   -8.5051045E+00   -9.0491453E+00   -8.6274829E+00   -9.5757727E+00   -1.1546816E+01   -1.8189358E+01   -2.7983939E+01   -8.2291456E+00   -7.0724958E+00   -8.5973839E+00   -1.2502403E+01   -6.4759739E+00   -9.9931371E+00   -6.1696864E+00
    6.0300000E+00    6.2294441E+00   -6.2111255E+00   -3.9999999E+00   -3.5042260E+00   -3.6683130E+00   -4.1909479E+00   -9.4474169E+00   -3.4513572E+00   -2.6802400E+00   -8.1417409E+00   -6.4487508E+00   -6.2073225E+00   -1.5522895E+01   -1.4000000E+01   -1.4000030E+01   -3.7480415E+00   -1.4000000E+01   -2.9380641E+00   -3.0000000E+01   -2.8746177E+00   -8.5305844E+00   -9.0493951E+00   -8.6649265E+00   -9.5346079E+00   -1.1571178E+01   -1.8161915E+01   -2.8022451E+01   -8.2163084E+00   -7.0497481E+00   -8.5471805E+00   -1.2518155E+01   -6.4381623E+00   -9.9606502E+00   -6.1500379E+00
    6.2100000E+00    6.2417173E+00   -6.2232106E+00   -3.9999999E+00   -3.4941533E+00   -3.6567875E+00   -4.1989421E+00   -9.4945941E+00   -3.4488466E+00   -2.6835960E+00   -8.5782160E+00   -6.4487532E+00   -6.1803001E+00   -1.5558010E+01   -1.4000000E+01   -1.4000032E+01   -3.7353803E+00   -1.4000000E+01   -2.8925369E+00   -3.0000000E+01   -2.8654832E+00   -8.5547076E+00   -9.0489719E+00   -8.7006893E+00   -9.4959143E+00   -1.1594878E+01   -1.8136571E+01   -2.8059918E+01   -8.2038191E+00   -7.0277069E+00   -8.4997830E+00   -1.2533568E+01   -6.4028207E+00   -9.9293831E+00   -6.1312612E+00
    6.3900000E+00    6.2536575E+00   -6.2349679E+00   -3.9999999E+00   -3.4845716E+00   -3.6456898E+00   -4.2069415E+00   -9.5398714E+00   -3.4468462E+00   -2.6869357E+00   -9.0337599E+00   -6.4487556E+00   -6.1551532E+00   -1.5592172E+01   -1.4000000E+01   -1.4000033E+01   -3.7232128E+00   -1.4000000E+01   -2.8512847E+00   -3.0000000E+01   -2.8566711E+00   -8.5775554E+00   -9.0479391E+00   -8.7348605E+00   -9.4594129E+00   -1.1617935E+01   -1.8113058E+01   -2.8096368E+01   -8.1916685E+00   -7.0063378E+00   -8.4548886E+00   -1.2548637E+01   -6.3696551E+00   -9.8992567E+00   -6.1132866E+00
    6.5700000E+00    6.2652808E+00   -6.2464132E+00   -3.9999999E+00   -3.4754402E+00   -3.6349904E+00   -4.2149449E+00   -9.5833648E+00   -3.4453091E+00   -2.6902538E+00   -9.5073746E+00   -6.4487579E+00   -6.1316532E+00   -1.5625428E+01   -1.4000000E+01   -1.4000035E+01   -3.7115032E+00   -1.4000000E+01   -2.8135957E+00   -3.0000000E+01   -2.8481598E+00   -8.5992140E+00   -9.0463511E+00   -8.7675416E+00   -9.4248599E+00   -1.1640378E+01   -1.8091151E+01   -2.8131852E+01   -8.1798402E+00   -6.9856021E+00   -8.4122328E+00   -1.2563372E+01   -6.3384164E+00   -9.8701929E+00   -6.0960523E+00
    6.7500000E+00    6.2766054E+00   -6.2575643E+00   -3.9999999E+00   -3.4667228E+00   -3.6246630E+00   -4.2229517E+00   -9.6251919E+00   -3.4441934E+00   -2.6935491E+00   -9.9981136E+00   -6.4487602E+00   -6.1096082E+00   -1.5657830E+01   -1.4000000E+01   -1.4000037E+01   -3.7002190E+00   -1.4000000E+01   -2.7789118E+00   -3.0000000E+01   -2.8399295E+00   -8.6197671E+00   -9.0442552E+00   -8.7988332E+00   -9.3920463E+00   -1.1662244E+01   -1.8070658E+01   -2.8166423E+01   -8.1683156E+00   -6.9654613E+00   -8.3715874E+00   -1.2577791E+01   -6.3088944E+00   -9.8421180E+00   -6.0795030E+00
    6.9300000E+00    6.2876491E+00   -6.2684390E+00   -3.9999999E+00   -3.4583874E+00   -3.6146837E+00   -4.2309614E+00   -9.6654646E+00   -3.4434626E+00   -2.6968222E+00   -1.0504954E+01   -6.4487625E+00   -6.0888567E+00   -1.5689428E+01   -1.4000000E+01   -1.4000038E+01   -3.6893314E+00   -1.4000000E+01   -2.7467921E+00   -3.0000000E+01   -2.8319625E+00   -8.6392927E+00   -9.0416933E+00   -8.8288306E+00   -9.3607934E+00   -1.1683567E+01   -1.8051422E+01   -2.8200139E+01   -8.1570767E+00   -6.9458787E+00   -8.3327563E+00   -1.2591911E+01   -6.2809108E+00   -9.8149645E+00   -6.0635895E+00
    7.1100000E+00    6.2984291E+00   -6.2790542E+00   -3.9999999E+00   -3.4504053E+00   -3.6050308E+00   -4.2389739E+00   -9.7042866E+00   -3.4430838E+00   -2.7000744E+00   -1.1026400E+01   -6.4487648E+00   -6.0692620E+00   -1.5720272E+01   -1.4000000E+01   -1.4000040E+01   -3.6788141E+00   -1.4000000E+01   -2.7168846E+00   -3.0000000E+01   -2.8242428E+00   -8.6578622E+00   -9.0387027E+00   -8.8576216E+00   -9.3309479E+00   -1.1704380E+01   -1.8033306E+01   -2.8233049E+01   -8.1461060E+00   -6.9268204E+00   -8.2955710E+00   -1.2605752E+01   -6.2543138E+00   -9.7886707E+00   -6.0482676E+00
    7.2900000E+00    6.3089613E+00   -6.2894254E+00   -3.9999999E+00   -3.4427509E+00   -3.5956846E+00   -4.2469892E+00   -9.7417533E+00   -3.4430280E+00   -2.7033069E+00   -1.1559124E+01   -6.4487671E+00   -6.0507074E+00   -1.5750409E+01   -1.4000000E+01   -1.4000042E+01   -3.6686437E+00   -1.4000000E+01   -2.6889044E+00   -3.0000000E+01   -2.8167557E+00   -8.6755408E+00   -9.0353169E+00   -8.8852866E+00   -9.3023782E+00   -1.1724715E+01   -1.8016198E+01   -2.8265203E+01   -8.1353874E+00   -6.9082552E+00   -8.2598855E+00   -1.2619329E+01   -6.2289729E+00   -9.7631809E+00   -6.0334975E+00
    7.4700000E+00    6.3192604E+00   -6.2995673E+00   -3.9999999E+00   -3.4354013E+00   -3.5866270E+00   -4.2550076E+00   -9.7779520E+00   -3.4432689E+00   -2.7065215E+00   -1.2093090E+01   -6.4487694E+00   -6.0330929E+00   -1.5779880E+01   -1.4000000E+01   -1.4000043E+01   -3.6587987E+00   -1.4000000E+01   -2.6626182E+00   -3.0000000E+01   -2.8094878E+00   -8.6923881E+00   -9.0315660E+00   -8.9118992E+00   -9.2749700E+00   -1.1744600E+01   -1.7999997E+01   -2.8296646E+01   -8.1249060E+00   -6.8901544E+00   -8.2255726E+00   -1.2632659E+01   -6.2047757E+00   -9.7384440E+00   -6.0192431E+00
    7.6500000E+00    6.3293402E+00   -6.3094933E+00   -3.9999999E+00   -3.4283356E+00   -3.5778416E+00   -4.2630294E+00   -9.8129636E+00   -3.4437833E+00   -2.7097198E+00   -1.2593353E+01   -6.4487716E+00   -6.0163320E+00   -1.5808724E+01   -1.4000000E+01   -1.4000045E+01   -3.6492597E+00   -1.4000000E+01   -2.6378327E+00   -3.0000000E+01   -2.8024268E+00   -8.7084588E+00   -9.0274773E+00   -8.9375273E+00   -9.2486237E+00   -1.1764061E+01   -1.7984620E+01   -2.8327418E+01   -8.1146478E+00   -6.8724915E+00   -8.1925209E+00   -1.2645758E+01   -6.1816242E+00   -9.7144137E+00   -6.0054720E+00
    7.8300000E+00    6.3392134E+00   -6.3192162E+00   -3.9999999E+00   -3.4215350E+00   -3.5693135E+00   -4.2710533E+00   -9.8468622E+00   -3.4445505E+00   -2.7129037E+00   -1.2939683E+01   -6.4487738E+00   -6.0003492E+00   -1.5836980E+01   -1.4000000E+01   -1.4000046E+01   -3.6400090E+00   -1.4000000E+01   -2.6143902E+00   -3.0000000E+01   -2.7955617E+00   -8.7238028E+00   -9.0230748E+00   -8.9622331E+00   -9.2232514E+00   -1.1783124E+01   -1.7969991E+01   -2.8357561E+01   -8.1045999E+00   -6.8552418E+00   -8.1606315E+00   -1.2658639E+01   -6.1594322E+00   -9.6910470E+00   -5.9921543E+00
    8.0100000E+00    6.3488930E+00   -6.3287487E+00   -3.9999999E+00   -3.4149770E+00   -3.5610352E+00   -4.2789521E+00   -9.8796834E+00   -3.4455942E+00   -2.7160752E+00   -1.2898839E+01   -6.4487761E+00   -5.9850613E+00   -1.5864684E+01   -1.4000000E+01   -1.4000048E+01   -3.6310398E+00   -1.4000000E+01   -2.5924516E+00   -3.0000000E+01   -2.7888814E+00   -8.7384308E+00   -9.0183436E+00   -8.9860399E+00   -9.1987574E+00   -1.1801813E+01   -1.7956029E+01   -2.8387111E+01   -8.0947491E+00   -6.8383810E+00   -8.1297982E+00   -1.2671318E+01   -6.1381063E+00   -9.6682978E+00   -5.9792569E+00
    8.1900000E+00    6.3584927E+00   -6.3382056E+00   -3.9999999E+00   -3.4082242E+00   -3.5533972E+00   -4.2777734E+00   -9.9108307E+00   -3.4500152E+00   -2.7192596E+00   -1.2482019E+01   -6.4487782E+00   -5.9691802E+00   -1.5892187E+01   -1.4000000E+01   -1.4000050E+01   -3.6229263E+00   -1.4000000E+01   -2.5920900E+00   -3.0000000E+01   -2.7822987E+00   -8.7515106E+00   -9.0122240E+00   -9.0082327E+00   -9.1737365E+00   -1.1820362E+01   -1.7941437E+01   -2.8416408E+01   -8.0849831E+00   -6.8217120E+00   -8.0985260E+00   -1.2683935E+01   -6.1162664E+00   -9.6455266E+00   -5.9662528E+00
    8.3700000E+00    6.3679229E+00   -6.3474959E+00   -3.9999999E+00   -3.4017094E+00   -3.5459595E+00   -4.2766098E+00   -9.9394913E+00   -3.4545495E+00   -2.7224429E+00   -1.2418394E+01   -6.4487804E+00   -5.9539998E+00   -1.5919208E+01   -1.4000000E+01   -1.4000051E+01   -3.6150232E+00   -1.4000000E+01   -2.5917286E+00   -3.0000000E+01   -2.7758876E+00   -8.7624195E+00   -9.0042726E+00   -9.0280947E+00   -9.1495768E+00   -1.1838585E+01   -1.7927521E+01   -2.8445186E+01   -8.0753898E+00   -6.8053936E+00   -8.0682801E+00   -1.2696384E+01   -6.0952865E+00   -9.6233314E+00   -5.9536519E+00
    8.5500000E+00    6.3771748E+00   -6.3566108E+00   -3.9999999E+00   -3.3954187E+00   -3.5387158E+00   -4.2754413E+00   -9.9673511E+00   -3.4591857E+00   -2.7256083E+00   -1.2403835E+01   -6.4487825E+00   -5.9394648E+00   -1.5945720E+01   -1.4000000E+01   -1.4000053E+01   -3.6073193E+00   -1.4000000E+01   -2.5913675E+00   -3.0000000E+01   -2.7696401E+00   -8.7728619E+00   -8.9962111E+00   -9.0473209E+00   -9.1262318E+00   -1.1856463E+01   -1.7914225E+01   -2.8473421E+01   -8.0659778E+00   -6.7894261E+00   -8.0390063E+00   -1.2708640E+01   -6.0751036E+00   -9.6016989E+00   -5.9414324E+00
    8.7300000E+00    6.3862559E+00   -6.3655575E+00   -3.9999999E+00   -3.3893387E+00   -3.5316577E+00   -4.2742595E+00   -9.9944533E+00   -3.4639138E+00   -2.7287556E+00   -1.2400476E+01   -6.4487847E+00   -5.9255249E+00   -1.5971743E+01   -1.4000000E+01   -1.4000054E+01   -3.5998047E+00   -1.4000000E+01   -2.5910067E+00   -3.0000000E+01   -2.7635482E+00   -8.7828668E+00   -8.9880538E+00   -9.0659477E+00   -9.1036443E+00   -1.1874011E+01   -1.7901501E+01   -2.8501134E+01   -8.0567396E+00   -6.7737937E+00   -8.0106397E+00   -1.2720711E+01   -6.0556601E+00   -9.5806006E+00   -5.9295734E+00
    8.9100000E+00    6.3951727E+00   -6.3743425E+00   -3.9999999E+00   -3.3834574E+00   -3.5247774E+00   -4.2730602E+00   -1.0020835E+01   -3.4687246E+00   -2.7318840E+00   -1.2399899E+01   -6.4487868E+00   -5.9121355E+00   -1.5997297E+01   -1.4000000E+01   -1.4000056E+01   -3.5924700E+00   -1.4000000E+01   -2.5906463E+00   -3.0000000E+01   -2.7576045E+00   -8.7924595E+00   -8.9798128E+00   -9.0840063E+00   -9.0817635E+00   -1.1891242E+01   -1.7889306E+01   -2.8528346E+01   -8.0476686E+00   -6.7584823E+00   -7.9831225E+00   -1.2732601E+01   -6.0369044E+00   -9.5600108E+00   -5.9180556E+00
    9.0900000E+00    6.4039305E+00   -6.3829710E+00   -3.9999999E+00   -3.3777636E+00   -3.5180687E+00   -4.2718413E+00   -1.0046528E+01   -3.4736094E+00   -2.7349919E+00   -1.2400026E+01   -6.4487889E+00   -5.8992568E+00   -1.6022397E+01   -1.4000000E+01   -1.4000057E+01   -3.5853047E+00   -1.4000000E+01   -2.5902861E+00   -3.0000000E+01   -2.7518021E+00   -8.8016616E+00   -8.9714994E+00   -9.1015234E+00   -9.0605446E+00   -1.1908165E+01   -1.7877600E+01   -2.8555072E+01   -8.0387593E+00   -6.7434794E+00   -7.9564030E+00   -1.2744314E+01   -6.0187902E+00   -9.5399060E+00   -5.9068612E+00
    9.2700000E+00    6.4125334E+00   -6.3914470E+00   -3.9999999E+00   -3.3722469E+00   -3.5115279E+00   -4.2706016E+00   -1.0071558E+01   -3.4785602E+00   -2.7380774E+00   -1.2400331E+01   -6.4487911E+00   -5.8868529E+00   -1.6047053E+01   -1.4000000E+01   -1.4000059E+01   -3.5782968E+00   -1.4000000E+01   -2.5899262E+00   -3.0000000E+01   -2.7461348E+00   -8.8104924E+00   -8.9631243E+00   -9.1185220E+00   -9.0399480E+00   -1.1924789E+01   -1.7866348E+01   -2.8581326E+01   -8.0300075E+00   -6.7287741E+00   -7.9304356E+00   -1.2755852E+01   -6.0012758E+00   -9.5202657E+00   -5.8959736E+00
    9.4500000E+00    6.4209839E+00   -6.3997728E+00   -3.9999999E+00   -3.3668977E+00   -3.5051545E+00   -4.2693400E+00   -1.0095947E+01   -3.4835695E+00   -2.7411368E+00   -1.2400676E+01   -6.4487932E+00   -5.8748917E+00   -1.6071272E+01   -1.4000000E+01   -1.4000060E+01   -3.5714314E+00   -1.4000000E+01   -2.5895667E+00   -3.0000000E+01   -2.7405964E+00   -8.8189675E+00   -8.9546984E+00   -9.1350200E+00   -9.0199393E+00   -1.1941119E+01   -1.7855519E+01   -2.8607115E+01   -8.0214107E+00   -6.7143576E+00   -7.9051800E+00   -1.2767215E+01   -5.9843234E+00   -9.5010718E+00   -5.8853775E+00
    9.6300000E+00    6.4292828E+00   -6.4079492E+00   -3.9999999E+00   -3.3617071E+00   -3.4989518E+00   -4.2680557E+00   -1.0119705E+01   -3.4886302E+00   -2.7441655E+00   -1.2401009E+01   -6.4487953E+00   -5.8633441E+00   -1.6095056E+01   -1.4000000E+01   -1.4000062E+01   -3.5646904E+00   -1.4000000E+01   -2.5892074E+00   -3.0000000E+01   -2.7351814E+00   -8.8270991E+00   -8.9462324E+00   -9.1510301E+00   -9.0004890E+00   -1.1957154E+01   -1.7845084E+01   -2.8632442E+01   -8.0129680E+00   -6.7002234E+00   -7.8806012E+00   -1.2778398E+01   -5.9678986E+00   -9.4823091E+00   -5.8750585E+00
    9.8100000E+00    6.4374281E+00   -6.4159742E+00   -3.9999999E+00   -3.3566668E+00   -3.4929269E+00   -4.2667482E+00   -1.0142839E+01   -3.4937355E+00   -2.7471564E+00   -1.2401252E+01   -6.4487975E+00   -5.8521838E+00   -1.6118399E+01   -1.4000000E+01   -1.4000063E+01   -3.5580518E+00   -1.4000000E+01   -2.5888484E+00   -3.0000000E+01   -2.7298844E+00   -8.8348953E+00   -8.9377378E+00   -9.1665582E+00   -8.9815727E+00   -1.1972892E+01   -1.7835018E+01   -2.8657302E+01   -8.0046811E+00   -6.6863675E+00   -7.8566698E+00   -1.2789391E+01   -5.9519701E+00   -9.4639658E+00   -5.8650031E+00
    9.9900000E+00    6.4454153E+00   -6.4238430E+00   -3.9999999E+00   -3.3517690E+00   -3.4870902E+00   -4.2654166E+00   -1.0165339E+01   -3.4988789E+00   -2.7500997E+00   -1.2401125E+01   -6.4487996E+00   -5.8413868E+00   -1.6141286E+01   -1.4000000E+01   -1.4000065E+01   -3.5514908E+00   -1.4000000E+01   -2.5884897E+00   -3.0000000E+01   -2.7247003E+00   -8.8423584E+00   -8.9292266E+00   -9.1816016E+00   -8.9631715E+00   -1.1988322E+01   -1.7825298E+01   -2.8681680E+01   -7.9965546E+00   -6.6727894E+00   -7.8333620E+00   -1.2800182E+01   -5.9365092E+00   -9.4460339E+00   -5.8551987E+00
    1.0170000E+01    6.4532352E+00   -6.4315466E+00   -3.9999999E+00   -3.3470061E+00   -3.4814544E+00   -4.2640607E+00   -1.0187182E+01   -3.5040539E+00   -2.7529818E+00   -1.2399527E+01   -6.4488017E+00   -5.8309313E+00   -1.6163689E+01   -1.4000000E+01   -1.4000066E+01   -3.5449808E+00   -1.4000000E+01   -2.5881313E+00   -3.0000000E+01   -2.7196244E+00   -8.8494836E+00   -8.9207120E+00   -9.1961464E+00   -8.9452729E+00   -1.2003427E+01   -1.7815903E+01   -2.8705550E+01   -7.9885976E+00   -6.6594932E+00   -7.8106605E+00   -1.2810745E+01   -5.9214895E+00   -9.4285102E+00   -5.8456330E+00
    1.0350000E+01    6.4608735E+00   -6.4390704E+00   -3.9999999E+00   -3.3423712E+00   -3.4760322E+00   -4.2626798E+00   -1.0208324E+01   -3.5092542E+00   -2.7557836E+00   -1.2392136E+01   -6.4488038E+00   -5.8207972E+00   -1.6185564E+01   -1.4000000E+01   -1.4000068E+01   -3.5384960E+00   -1.4000000E+01   -2.5877732E+00   -3.0000000E+01   -2.7146520E+00   -8.8562566E+00   -8.9122084E+00   -9.2101634E+00   -8.9278714E+00   -1.2018176E+01   -1.7806812E+01   -2.8728868E+01   -7.9808243E+00   -6.6464882E+00   -7.7885556E+00   -1.2821050E+01   -5.9068869E+00   -9.4113976E+00   -5.8362945E+00
    1.0530000E+01    6.4683082E+00   -6.4463924E+00   -3.9999999E+00   -3.3378574E+00   -3.4708341E+00   -4.2612736E+00   -1.0228695E+01   -3.5144729E+00   -2.7584789E+00   -1.2362841E+01   -6.4488060E+00   -5.8109664E+00   -1.6206845E+01   -1.4000000E+01   -1.4000069E+01   -3.5320136E+00   -1.4000000E+01   -2.5874154E+00   -3.0000000E+01   -2.7097785E+00   -8.8626502E+00   -8.9037325E+00   -9.2236033E+00   -8.9109711E+00   -1.2032526E+01   -1.7798009E+01   -2.8751570E+01   -7.9732566E+00   -6.6337918E+00   -7.7670466E+00   -1.2831046E+01   -5.8926787E+00   -9.3947065E+00   -5.8271721E+00
    1.0710000E+01    6.4755075E+00   -6.4534808E+00   -3.9999999E+00   -3.3334579E+00   -3.4658663E+00   -4.2598416E+00   -1.0248184E+01   -3.5197030E+00   -2.7610312E+00   -1.2261566E+01   -6.4488081E+00   -5.8014220E+00   -1.6227435E+01   -1.4000000E+01   -1.4000070E+01   -3.5255164E+00   -1.4000000E+01   -2.5870579E+00   -3.0000000E+01   -2.7049996E+00   -8.8686196E+00   -8.8953035E+00   -9.2363894E+00   -8.8945871E+00   -1.2046413E+01   -1.7789478E+01   -2.8773560E+01   -7.9659263E+00   -6.6214309E+00   -7.7461448E+00   -1.2840665E+01   -5.8788441E+00   -9.3784577E+00   -5.8182547E+00
    1.0890000E+01    6.4824257E+00   -6.4602897E+00   -3.9999999E+00   -3.3291660E+00   -3.4611288E+00   -4.2583829E+00   -1.0266632E+01   -3.5249364E+00   -2.7633906E+00   -1.1998555E+01   -6.4488102E+00   -5.7921486E+00   -1.6247197E+01   -1.4000000E+01   -1.4000072E+01   -3.5189950E+00   -1.4000000E+01   -2.5867008E+00   -3.0000000E+01   -2.7003106E+00   -8.8740972E+00   -8.8869445E+00   -9.2484081E+00   -8.8787499E+00   -1.2059745E+01   -1.7781202E+01   -2.8794701E+01   -7.9588788E+00   -6.6094466E+00   -7.7258759E+00   -1.2849813E+01   -5.8653633E+00   -9.3626858E+00   -5.8095312E+00
    1.1070000E+01    6.4889990E+00   -6.4667554E+00   -3.9999999E+00   -3.3249748E+00   -3.4566139E+00   -4.2568958E+00   -1.0283812E+01   -3.5301640E+00   -2.7654887E+00   -1.1548971E+01   -6.4488124E+00   -5.7831320E+00   -1.6265938E+01   -1.4000000E+01   -1.4000073E+01   -3.5124484E+00   -1.4000000E+01   -2.5863439E+00   -3.0000000E+01   -2.6957070E+00   -8.8789838E+00   -8.8786845E+00   -9.2594960E+00   -8.8635094E+00   -1.2072395E+01   -1.7773170E+01   -2.8814802E+01   -7.9521780E+00   -6.5978976E+00   -7.7062857E+00   -1.2858356E+01   -5.8522180E+00   -9.3474432E+00   -5.8009903E+00
    1.1250000E+01    6.4951385E+00   -6.4727886E+00   -3.9999999E+00   -3.3208771E+00   -3.4523063E+00   -4.2553768E+00   -1.0299405E+01   -3.5353748E+00   -2.7672318E+00   -1.0995368E+01   -6.4488145E+00   -5.7743589E+00   -1.6283391E+01   -1.4000000E+01   -1.4000074E+01   -3.5058848E+00   -1.4000000E+01   -2.5859876E+00   -3.0000000E+01   -2.6911838E+00   -8.8831392E+00   -8.8705610E+00   -9.2694237E+00   -8.8489417E+00   -1.2084182E+01   -1.7765369E+01   -2.8833597E+01   -7.9459128E+00   -6.5868679E+00   -7.6874454E+00   -1.2866111E+01   -5.8393904E+00   -9.3328068E+00   -5.7926200E+00
    1.1430000E+01    6.5007215E+00   -6.4782668E+00   -3.9999999E+00   -3.3168652E+00   -3.4481835E+00   -4.2538198E+00   -1.0312970E+01   -3.5405552E+00   -2.7684921E+00   -1.0406404E+01   -6.4488167E+00   -5.7658176E+00   -1.6299188E+01   -1.4000000E+01   -1.4000076E+01   -3.4993195E+00   -1.4000000E+01   -2.5856326E+00   -3.0000000E+01   -2.6867359E+00   -8.8863677E+00   -8.8626234E+00   -9.2778727E+00   -8.8351578E+00   -1.2094864E+01   -1.7757787E+01   -2.8850717E+01   -7.9402054E+00   -6.5764743E+00   -7.6694610E+00   -1.2872829E+01   -5.8268638E+00   -9.3188861E+00   -5.7844076E+00
    1.1610000E+01    6.5055811E+00   -6.4830228E+00   -3.9999999E+00   -3.3129302E+00   -3.4442167E+00   -4.2522142E+00   -1.0323902E+01   -3.5456881E+00   -2.7690967E+00   -9.8076193E+00   -6.4488188E+00   -5.7574982E+00   -1.6312825E+01   -1.4000000E+01   -1.4000075E+01   -3.4927741E+00   -1.4000000E+01   -2.5852819E+00   -3.0000000E+01   -2.6823572E+00   -8.8884012E+00   -8.8549378E+00   -9.2844073E+00   -8.8223152E+00   -1.2104103E+01   -1.7750414E+01   -2.8865662E+01   -7.9352231E+00   -6.5668777E+00   -7.6524844E+00   -1.2878170E+01   -5.8146230E+00   -9.3058338E+00   -5.7763386E+00
    1.1790000E+01    6.5094918E+00   -6.4868312E+00   -3.9999999E+00   -3.3090621E+00   -3.4403731E+00   -4.2505428E+00   -1.0331390E+01   -3.5507513E+00   -2.7688138E+00   -9.2061664E+00   -6.4488210E+00   -5.7493965E+00   -1.6323626E+01   -1.4000000E+01   -1.3999961E+01   -3.4862729E+00   -1.4000000E+01   -2.5849473E+00   -3.0000000E+01   -2.6780410E+00   -8.8888778E+00   -8.8475931E+00   -9.2884400E+00   -8.8106356E+00   -1.2111449E+01   -1.7743136E+01   -2.8877641E+01   -7.9311908E+00   -6.5582963E+00   -7.6367308E+00   -1.2881674E+01   -5.8026575E+00   -9.2938584E+00   -5.7683965E+00
    1.1970000E+01    6.5121570E+00   -6.4893950E+00   -3.9999999E+00   -3.3052488E+00   -3.4366173E+00   -4.2487787E+00   -1.0334362E+01   -3.5557159E+00   -2.7673390E+00   -8.6038955E+00   -6.4488232E+00   -5.7415279E+00   -1.6330696E+01   -1.4000000E+01   -1.3991927E+01   -3.4798411E+00   -1.4000000E+01   -2.5846764E+00   -3.0000000E+01   -2.6737796E+00   -8.8873223E+00   -8.8407071E+00   -9.2891983E+00   -8.8004314E+00   -1.2116306E+01   -1.7728162E+01   -2.8877957E+01   -7.9284050E+00   -6.5510181E+00   -7.6225052E+00   -1.2882739E+01   -5.7909758E+00   -9.2832370E+00   -5.7605617E+00
    1.2150000E+01    6.5132068E+00   -6.4903443E+00   -3.9999999E+00   -3.3014766E+00   -3.4329138E+00   -4.2468822E+00   -1.0331489E+01   -3.5605439E+00   -2.7642937E+00   -8.0013061E+00   -6.4488254E+00   -5.7339846E+00   -1.6332914E+01   -1.4000000E+01   -1.3632964E+01   -3.4735019E+00   -1.4000000E+01   -2.5846600E+00   -3.0000000E+01   -2.6695640E+00   -8.8831467E+00   -8.8344319E+00   -9.2857238E+00   -8.7921654E+00   -1.2117921E+01   -1.7362577E+01   -2.8522483E+01   -7.9272356E+00   -6.5454039E+00   -7.6102617E+00   -1.2880605E+01   -5.7796616E+00   -9.2743170E+00   -5.7528121E+00
    1.2330000E+01    6.5122325E+00   -6.4892705E+00   -3.9999999E+00   -3.2977713E+00   -3.4292441E+00   -4.2447780E+00   -1.0321365E+01   -3.5651570E+00   -2.7592814E+00   -7.3986592E+00   -6.4488277E+00   -5.7271287E+00   -1.6329016E+01   -1.4000000E+01   -1.2026160E+01   -3.4672987E+00   -1.4000000E+01   -2.5856561E+00   -3.0000000E+01   -2.6654066E+00   -8.8757588E+00   -8.8289926E+00   -9.2770163E+00   -8.7866074E+00   -1.2115441E+01   -1.5749830E+01   -2.6913038E+01   -7.9280915E+00   -6.5418757E+00   -7.6007821E+00   -1.2874429E+01   -5.7690883E+00   -9.2675452E+00   -5.7451852E+00
    1.2510000E+01    6.5075585E+00   -6.4845329E+00   -3.9999999E+00   -3.2971114E+00   -3.4266469E+00   -4.2408990E+00   -1.0556055E+01   -3.5672290E+00   -2.7521378E+00   -6.7946816E+00   -6.4488289E+00   -5.7204417E+00   -1.6314066E+01   -1.4000000E+01   -1.0183032E+01   -3.4629498E+00   -1.4000000E+01   -2.5904576E+00   -3.0000000E+01   -2.6628607E+00   -9.1203007E+00   -9.0828826E+00   -9.5166633E+00   -8.7848014E+00   -1.2105447E+01   -1.3900598E+01   -2.5055763E+01   -7.9326898E+00   -6.5437829E+00   -7.5965811E+00   -1.2862185E+01   -5.7601369E+00   -9.2690879E+00   -5.7421303E+00
    1.2690000E+01    6.5025201E+00   -6.4794309E+00   -3.9999999E+00   -3.2964448E+00   -3.4240342E+00   -4.2369323E+00   -1.0535231E+01   -3.5692618E+00   -2.7446320E+00   -6.7138942E+00   -6.4488302E+00   -5.7143923E+00   -1.6298289E+01   -1.4000000E+01   -9.8436365E+00   -3.4586499E+00   -1.4000000E+01   -2.5962895E+00   -3.0000000E+01   -2.6603169E+00   -9.1100572E+00   -9.0827158E+00   -9.5011604E+00   -8.7839975E+00   -1.2094991E+01   -1.3555737E+01   -2.4701395E+01   -7.9376524E+00   -6.5460565E+00   -7.5933844E+00   -1.2849481E+01   -5.7518254E+00   -9.2709905E+00   -5.7390709E+00
    1.2870000E+01    6.4975027E+00   -6.4743499E+00   -3.9999999E+00   -3.2957715E+00   -3.4214031E+00   -4.2328504E+00   -1.0514250E+01   -3.5712586E+00   -2.7371491E+00   -6.6907532E+00   -6.4488315E+00   -5.7085950E+00   -1.6282636E+01   -1.4000000E+01   -9.6472647E+00   -3.4544048E+00   -1.4000000E+01   -2.6024501E+00   -3.0000000E+01   -2.6577748E+00   -9.0996145E+00   -9.0823079E+00   -9.4854792E+00   -8.7834248E+00   -1.2084638E+01   -1.3354152E+01   -2.4490175E+01   -7.9425938E+00   -6.5483105E+00   -7.5904208E+00   -1.2836881E+01   -5.7437679E+00   -9.2728671E+00   -5.7360067E+00
    1.3050000E+01    6.4925903E+00   -6.4693738E+00   -3.9999999E+00   -3.2950916E+00   -3.4187518E+00   -4.2286181E+00   -1.0493736E+01   -3.5732195E+00   -2.7297728E+00   -6.6802395E+00   -6.4488328E+00   -5.7029527E+00   -1.6267312E+01   -1.4000000E+01   -9.5097127E+00   -3.4502196E+00   -1.4000000E+01   -2.6087635E+00   -3.0000000E+01   -2.6552345E+00   -9.0894291E+00   -9.0819474E+00   -9.4701599E+00   -8.7829023E+00   -1.2074509E+01   -1.3211543E+01   -2.4338104E+01   -7.9474304E+00   -6.5504613E+00   -7.5875091E+00   -1.2824508E+01   -5.7358673E+00   -9.2746340E+00   -5.7329377E+00
    1.3230000E+01    6.4877998E+00   -6.4645197E+00   -3.9999999E+00   -3.2944053E+00   -3.4160797E+00   -4.2241953E+00   -1.0473761E+01   -3.5751449E+00   -2.7225207E+00   -6.6727487E+00   -6.4488342E+00   -5.6974393E+00   -1.6252358E+01   -1.4000000E+01   -9.4037989E+00   -3.4460983E+00   -1.4000000E+01   -2.6151867E+00   -3.0000000E+01   -2.6526962E+00   -9.0795387E+00   -9.0816378E+00   -9.4552577E+00   -8.7823867E+00   -1.2064628E+01   -1.3100701E+01   -2.4218041E+01   -7.9521448E+00   -6.5524921E+00   -7.5846065E+00   -1.2812385E+01   -5.7280977E+00   -9.2762745E+00   -5.7298643E+00
    1.3410000E+01    6.4831323E+00   -6.4597885E+00   -3.9999999E+00   -3.2937125E+00   -3.4133875E+00   -4.2195366E+00   -1.0454336E+01   -3.5770351E+00   -2.7153938E+00   -6.6659488E+00   -6.4488355E+00   -5.6920468E+00   -1.6237773E+01   -1.4000000E+01   -9.3174999E+00   -3.4420447E+00   -1.4000000E+01   -2.6217108E+00   -3.0000000E+01   -2.6501603E+00   -9.0699534E+00   -9.0813876E+00   -9.4407834E+00   -8.7818690E+00   -1.2054993E+01   -1.3009594E+01   -2.4117962E+01   -7.9567364E+00   -6.5544023E+00   -7.5817042E+00   -1.2800510E+01   -5.7204512E+00   -9.2777881E+00   -5.7267870E+00
    1.3590000E+01    6.4785845E+00   -6.4551772E+00   -3.9999999E+00   -3.2930136E+00   -3.4106766E+00   -4.2145911E+00   -1.0435462E+01   -3.5788906E+00   -2.7083893E+00   -6.6592511E+00   -6.4488369E+00   -5.6867714E+00   -1.6223548E+01   -1.4000000E+01   -9.2445099E+00   -3.4380616E+00   -1.4000000E+01   -2.6283355E+00   -3.0000000E+01   -2.6476270E+00   -9.0606778E+00   -9.0812076E+00   -9.4267387E+00   -8.7813486E+00   -1.2045598E+01   -1.2931913E+01   -2.4031551E+01   -7.9612082E+00   -6.5561955E+00   -7.5788018E+00   -1.2788878E+01   -5.7129244E+00   -9.2791783E+00   -5.7237059E+00
    1.3770000E+01    6.4741526E+00   -6.4506819E+00   -3.9999999E+00   -3.2923084E+00   -3.4079497E+00   -4.2093026E+00   -1.0417134E+01   -3.5807117E+00   -2.7015036E+00   -6.6525028E+00   -6.4488383E+00   -5.6816108E+00   -1.6209672E+01   -1.4000000E+01   -9.1811297E+00   -3.4341516E+00   -1.4000000E+01   -2.6350632E+00   -3.0000000E+01   -2.6450966E+00   -9.0517162E+00   -9.0811098E+00   -9.4131241E+00   -8.7808268E+00   -1.2036435E+01   -1.2863957E+01   -2.3955098E+01   -7.9655642E+00   -6.5578758E+00   -7.5759008E+00   -1.2777480E+01   -5.7055151E+00   -9.2804493E+00   -5.7206216E+00
    1.3950000E+01    6.4698329E+00   -6.4462988E+00   -3.9999999E+00   -3.2915973E+00   -3.4052102E+00   -4.2036096E+00   -1.0399351E+01   -3.5824988E+00   -2.6947331E+00   -6.6456619E+00   -6.4488398E+00   -5.6765631E+00   -1.6196132E+01   -1.4000000E+01   -9.1250083E+00   -3.4303166E+00   -1.4000000E+01   -2.6418969E+00   -3.0000000E+01   -2.6425695E+00   -9.0430742E+00   -9.0811072E+00   -9.3999416E+00   -8.7803055E+00   -1.2027496E+01   -1.2803371E+01   -2.3886239E+01   -7.9698081E+00   -6.5594475E+00   -7.5730033E+00   -1.2766309E+01   -5.6982214E+00   -9.2816053E+00   -5.7175342E+00
    1.4130000E+01    6.4656218E+00   -6.4420244E+00   -3.9999999E+00   -3.2908802E+00   -3.4024625E+00   -4.1974458E+00   -1.0382112E+01   -3.5842524E+00   -2.6880747E+00   -6.6387150E+00   -6.4488412E+00   -5.6716263E+00   -1.6182919E+01   -1.4000000E+01   -9.0745596E+00   -3.4265587E+00   -1.4000000E+01   -2.6488399E+00   -3.0000000E+01   -2.6400459E+00   -9.0347587E+00   -9.0812139E+00   -9.3871944E+00   -8.7797861E+00   -1.2018774E+01   -1.2748568E+01   -2.3823378E+01   -7.9739435E+00   -6.5609145E+00   -7.5701110E+00   -1.2755359E+01   -5.6910417E+00   -9.2826501E+00   -5.7144442E+00
    1.4310000E+01    6.4615160E+00   -6.4378556E+00   -3.9999999E+00   -3.2901572E+00   -3.3997117E+00   -4.1907407E+00   -1.0365421E+01   -3.5859730E+00   -2.6815252E+00   -6.6316557E+00   -6.4488427E+00   -5.6667988E+00   -1.6170024E+01   -1.4000000E+01   -9.0286630E+00   -3.4228794E+00   -1.4000000E+01   -2.6558959E+00   -3.0000000E+01   -2.6375260E+00   -9.0267779E+00   -9.0814446E+00   -9.3748878E+00   -8.7792701E+00   -1.2010264E+01   -1.2698425E+01   -2.3765385E+01   -7.9779738E+00   -6.5622804E+00   -7.5672255E+00   -1.2744623E+01   -5.6839743E+00   -9.2835873E+00   -5.7113518E+00
    1.4490000E+01    6.4575128E+00   -6.4337895E+00   -3.9999999E+00   -3.2894284E+00   -3.3969632E+00   -4.1834210E+00   -1.0349280E+01   -3.5876609E+00   -2.6750821E+00   -6.6244797E+00   -6.4488442E+00   -5.6620789E+00   -1.6157437E+01   -1.4000000E+01   -8.9864973E+00   -3.4192808E+00   -1.4000000E+01   -2.6630684E+00   -3.0000000E+01   -2.6350102E+00   -9.0191415E+00   -9.0818148E+00   -9.3630288E+00   -8.7787587E+00   -1.2001959E+01   -1.2652119E+01   -2.3711429E+01   -7.9819017E+00   -6.5635485E+00   -7.5643483E+00   -1.2734096E+01   -5.6770179E+00   -9.2844200E+00   -5.7082572E+00
    1.4670000E+01    6.4536096E+00   -6.4298237E+00   -3.9999999E+00   -3.2886940E+00   -3.3942231E+00   -4.1754115E+00   -1.0333697E+01   -3.5893168E+00   -2.6687431E+00   -6.6171827E+00   -6.4488457E+00   -5.6574652E+00   -1.6145153E+01   -1.4000000E+01   -8.9474427E+00   -3.4157648E+00   -1.4000000E+01   -2.6703615E+00   -3.0000000E+01   -2.6324987E+00   -9.0118603E+00   -9.0823399E+00   -9.3516258E+00   -8.7782526E+00   -1.1993855E+01   -1.2609029E+01   -2.3660883E+01   -7.9857298E+00   -6.5647214E+00   -7.5614802E+00   -1.2723773E+01   -5.6701709E+00   -9.2851509E+00   -5.7051607E+00
    1.4850000E+01    6.4498047E+00   -6.4259564E+00   -3.9999999E+00   -3.2879538E+00   -3.3914972E+00   -4.1666370E+00   -1.0318679E+01   -3.5909412E+00   -2.6625066E+00   -6.6097605E+00   -6.4488472E+00   -5.6529563E+00   -1.6133165E+01   -1.4000000E+01   -8.9110196E+00   -3.4123343E+00   -1.4000000E+01   -2.6777792E+00   -3.0000000E+01   -2.6299917E+00   -9.0049460E+00   -9.0830353E+00   -9.3406887E+00   -8.7777522E+00   -1.1985948E+01   -1.2568672E+01   -2.3613262E+01   -7.9894599E+00   -6.5658014E+00   -7.5586217E+00   -1.2713650E+01   -5.6634322E+00   -9.2857822E+00   -5.7020626E+00
    1.5030000E+01    6.4460968E+00   -6.4221864E+00   -3.9999999E+00   -3.2872082E+00   -3.3887915E+00   -4.1570242E+00   -1.0304237E+01   -3.5925346E+00   -2.6563716E+00   -6.6022088E+00   -6.4488488E+00   -5.6485509E+00   -1.6121471E+01   -1.4000000E+01   -8.8768492E+00   -3.4089926E+00   -1.4000000E+01   -2.6853260E+00   -3.0000000E+01   -2.6274894E+00   -8.9984110E+00   -9.0839162E+00   -9.3302290E+00   -8.7772575E+00   -1.1978236E+01   -1.2530669E+01   -2.3568184E+01   -7.9930933E+00   -6.5667902E+00   -7.5557730E+00   -1.2703726E+01   -5.6568004E+00   -9.2863154E+00   -5.6989629E+00
    1.5210000E+01    6.4424855E+00   -6.4185134E+00   -3.9999999E+00   -3.2864570E+00   -3.3861110E+00   -4.1465042E+00   -1.0290383E+01   -3.5940977E+00   -2.6503377E+00   -6.5945230E+00   -6.4488504E+00   -5.6442481E+00   -1.6110069E+01   -1.4000000E+01   -8.8446271E+00   -3.4057445E+00   -1.4000000E+01   -2.6930063E+00   -3.0000000E+01   -2.6249921E+00   -8.9922683E+00   -9.0849961E+00   -9.3202592E+00   -8.7767675E+00   -1.1970719E+01   -1.2494714E+01   -2.3525342E+01   -7.9966305E+00   -6.5676885E+00   -7.5529333E+00   -1.2694000E+01   -5.6502747E+00   -9.2867510E+00   -5.6958619E+00
    1.5390000E+01    6.4389714E+00   -6.4149380E+00   -3.9999999E+00   -3.2857003E+00   -3.3834602E+00   -4.1350149E+00   -1.0277132E+01   -3.5956310E+00   -2.6444058E+00   -6.5866988E+00   -6.4488519E+00   -5.6400467E+00   -1.6098962E+01   -1.4000000E+01   -8.8141047E+00   -3.4025960E+00   -1.4000000E+01   -2.7008250E+00   -3.0000000E+01   -2.6225001E+00   -8.9865313E+00   -9.0862873E+00   -9.3107937E+00   -8.7762807E+00   -1.1963397E+01   -1.2460556E+01   -2.3484490E+01   -8.0000710E+00   -6.5684962E+00   -7.5501011E+00   -1.2684473E+01   -5.6438541E+00   -9.2870888E+00   -5.6927599E+00
    1.5570000E+01    6.4355565E+00   -6.4114622E+00   -3.9999999E+00   -3.2849383E+00   -3.3808417E+00   -4.1225034E+00   -1.0264503E+01   -3.5971353E+00   -2.6385781E+00   -6.5787309E+00   -6.4488535E+00   -5.6359461E+00   -1.6088156E+01   -1.4000000E+01   -8.7850763E+00   -3.3995554E+00   -1.4000000E+01   -2.7087873E+00   -3.0000000E+01   -2.6200135E+00   -8.9812138E+00   -9.0877997E+00   -9.3018482E+00   -8.7757940E+00   -1.1956275E+01   -1.2427990E+01   -2.3445427E+01   -8.0034128E+00   -6.5692115E+00   -7.5472735E+00   -1.2675149E+01   -5.6375378E+00   -9.2873271E+00   -5.6896570E+00
    1.5750000E+01    6.4322444E+00   -6.4080898E+00   -3.9999999E+00   -3.2841710E+00   -3.3782562E+00   -4.1089287E+00   -1.0252517E+01   -3.5986113E+00   -2.6328585E+00   -6.5706137E+00   -6.4488551E+00   -5.6319457E+00   -1.6077663E+01   -1.4000000E+01   -8.7573698E+00   -3.3966331E+00   -1.4000000E+01   -2.7168983E+00   -3.0000000E+01   -2.6175327E+00   -8.9763301E+00   -9.0895400E+00   -9.2934411E+00   -8.7753030E+00   -1.1949360E+01   -1.2396841E+01   -2.3407993E+01   -8.0066522E+00   -6.5698313E+00   -7.5444463E+00   -1.2666036E+01   -5.6313253E+00   -9.2874624E+00   -5.6865535E+00
    1.5930000E+01    6.4290415E+00   -6.4048269E+00   -3.9999999E+00   -3.2833985E+00   -3.3757022E+00   -4.0942639E+00   -1.0241203E+01   -3.6000597E+00   -2.6272534E+00   -6.5623413E+00   -6.4488568E+00   -5.6280450E+00   -1.6067501E+01   -1.4000000E+01   -8.7308393E+00   -3.3938423E+00   -1.4000000E+01   -2.7251639E+00   -3.0000000E+01   -2.6150579E+00   -8.9718958E+00   -9.0915117E+00   -9.2855941E+00   -8.7748011E+00   -1.1942666E+01   -1.2366964E+01   -2.3372060E+01   -8.0097831E+00   -6.5703498E+00   -7.5416130E+00   -1.2657147E+01   -5.6252164E+00   -9.2874888E+00   -5.6834497E+00
    1.6110000E+01    6.4259568E+00   -6.4016829E+00   -3.9999999E+00   -3.2826209E+00   -3.3731749E+00   -4.0784981E+00   -1.0230596E+01   -3.6014815E+00   -2.6217722E+00   -6.5539078E+00   -6.4488584E+00   -5.6242440E+00   -1.6057699E+01   -1.4000000E+01   -8.7053602E+00   -3.3911995E+00   -1.4000000E+01   -2.7335900E+00   -3.0000000E+01   -2.6125894E+00   -8.9679284E+00   -9.0937136E+00   -9.2783342E+00   -8.7742787E+00   -1.1936209E+01   -1.2338233E+01   -2.3337531E+01   -8.0127964E+00   -6.5707582E+00   -7.5387643E+00   -1.2648501E+01   -5.6192111E+00   -9.2873976E+00   -5.6803457E+00
    1.6290000E+01    6.4230039E+00   -6.3986713E+00   -3.9999999E+00   -3.2818384E+00   -3.3706663E+00   -4.0616381E+00   -1.0220746E+01   -3.6028775E+00   -2.6164287E+00   -6.5453066E+00   -6.4488600E+00   -5.6205429E+00   -1.6048296E+01   -1.4000000E+01   -8.6808253E+00   -3.3887243E+00   -1.4000000E+01   -2.7421831E+00   -3.0000000E+01   -2.6101275E+00   -8.9644487E+00   -9.0961397E+00   -9.2716959E+00   -8.7737226E+00   -1.1930019E+01   -1.2310540E+01   -2.3304339E+01   -8.0156786E+00   -6.5710434E+00   -7.5358871E+00   -1.2640124E+01   -5.6133096E+00   -9.2871755E+00   -5.6772421E+00
    1.6470000E+01    6.4202020E+00   -6.3958113E+00   -3.9999999E+00   -3.2810512E+00   -3.3681652E+00   -4.0437088E+00   -1.0211718E+01   -3.6042489E+00   -2.6112425E+00   -6.5365314E+00   -6.4488617E+00   -5.6169424E+00   -1.6039352E+01   -1.4000000E+01   -8.6571411E+00   -3.3864397E+00   -1.4000000E+01   -2.7509498E+00   -3.0000000E+01   -2.6076726E+00   -8.9614838E+00   -9.0987786E+00   -9.2657255E+00   -8.7731140E+00   -1.1924133E+01   -1.2283793E+01   -2.3272447E+01   -8.0184106E+00   -6.5711869E+00   -7.5329628E+00   -1.2632055E+01   -5.6075129E+00   -9.2868041E+00   -5.6741392E+00
    1.6650000E+01    6.4175779E+00   -6.3931300E+00   -3.9999999E+00   -3.2802595E+00   -3.3656569E+00   -4.0247534E+00   -1.0203602E+01   -3.6055970E+00   -2.6062408E+00   -6.5275756E+00   -6.4488633E+00   -5.6134437E+00   -1.6030947E+01   -1.4000000E+01   -8.6342261E+00   -3.3843718E+00   -1.4000000E+01   -2.7598974E+00   -3.0000000E+01   -2.6052252E+00   -8.9590697E+00   -9.1016126E+00   -9.2604863E+00   -8.7724270E+00   -1.1918605E+01   -1.2257910E+01   -2.3241855E+01   -8.0209655E+00   -6.5711624E+00   -7.5299661E+00   -1.2624349E+01   -5.6018224E+00   -9.2862569E+00   -5.6710378E+00
    1.6830000E+01    6.4151692E+00   -6.3906646E+00   -3.9999999E+00   -3.2794636E+00   -3.3631237E+00   -4.0048332E+00   -1.0196523E+01   -3.6069231E+00   -2.6014615E+00   -6.5184342E+00   -6.4488650E+00   -5.6100487E+00   -1.6023194E+01   -1.4000000E+01   -8.6120082E+00   -3.3825495E+00   -1.4000000E+01   -2.7690333E+00   -3.0000000E+01   -2.6027858E+00   -8.9572568E+00   -9.1046173E+00   -9.2560659E+00   -8.7716261E+00   -1.1913510E+01   -1.2232822E+01   -2.3212602E+01   -8.0233060E+00   -6.5709331E+00   -7.5268617E+00   -1.2617080E+01   -5.5962403E+00   -9.2854975E+00   -5.6679385E+00
    1.7010000E+01    6.4130272E+00   -6.3884667E+00   -3.9999999E+00   -3.2786641E+00   -3.3605458E+00   -3.9840254E+00   -1.0190657E+01   -3.6082292E+00   -2.5969567E+00   -6.5091069E+00   -6.4488666E+00   -5.6067601E+00   -1.6016247E+01   -1.4000000E+01   -8.5904240E+00   -3.3810036E+00   -1.4000000E+01   -2.7783654E+00   -3.0000000E+01   -2.6003551E+00   -8.9561163E+00   -9.1077608E+00   -9.2525874E+00   -8.7706623E+00   -1.1908951E+01   -1.2208467E+01   -2.3184780E+01   -8.0253806E+00   -6.5704483E+00   -7.5236013E+00   -1.2610352E+01   -5.5907700E+00   -9.2844754E+00   -5.6648423E+00
    1.7190000E+01    6.4112229E+00   -6.3866074E+00   -3.9999999E+00   -3.2778614E+00   -3.3579020E+00   -3.9624219E+00   -1.0186246E+01   -3.6095175E+00   -2.5927982E+00   -6.4996086E+00   -6.4488683E+00   -5.6035818E+00   -1.6010319E+01   -1.4000000E+01   -8.5694180E+00   -3.3797662E+00   -1.4000000E+01   -2.7879015E+00   -3.0000000E+01   -2.5979338E+00   -8.9557498E+00   -9.1110028E+00   -9.2502234E+00   -8.7694685E+00   -1.1905069E+01   -1.2184793E+01   -2.3158544E+01   -8.0271185E+00   -6.5696381E+00   -7.5201186E+00   -1.2604308E+01   -5.5854160E+00   -9.2831210E+00   -5.6617507E+00
    1.7370000E+01    6.4098537E+00   -6.3851841E+00   -3.9999999E+00   -3.2770564E+00   -3.3551709E+00   -3.9401262E+00   -1.0183631E+01   -3.6107908E+00   -2.5890845E+00   -6.4899986E+00   -6.4488700E+00   -5.6005188E+00   -1.6005702E+01   -1.4000000E+01   -8.5489434E+00   -3.3788691E+00   -1.4000000E+01   -2.7976484E+00   -3.0000000E+01   -2.5955233E+00   -8.9563022E+00   -9.1142935E+00   -9.2492162E+00   -8.7679523E+00   -1.1902060E+01   -1.2161758E+01   -2.3134140E+01   -8.0284222E+00   -6.5684064E+00   -7.5163220E+00   -1.2599142E+01   -5.5801842E+00   -9.2813388E+00   -5.6586653E+00
    1.7550000E+01    6.4090531E+00   -6.3843302E+00   -3.9999999E+00   -3.2762500E+00   -3.3523324E+00   -3.9172513E+00   -1.0183285E+01   -3.6120528E+00   -2.5859503E+00   -6.4804659E+00   -6.4488716E+00   -5.5975772E+00   -1.6002797E+01   -1.4000000E+01   -8.5289671E+00   -3.3783432E+00   -1.4000000E+01   -2.8076083E+00   -3.0000000E+01   -2.5931248E+00   -8.9579789E+00   -9.1175714E+00   -9.2499051E+00   -8.7659858E+00   -1.1900190E+01   -1.2139335E+01   -2.3111936E+01   -8.0291584E+00   -6.5666212E+00   -7.5120853E+00   -1.2595125E+01   -5.5750820E+00   -9.2789978E+00   -5.6555886E+00
    1.7730000E+01    6.4090035E+00   -6.3842282E+00   -3.9999999E+00   -3.2754438E+00   -3.3493696E+00   -3.8939218E+00   -1.0185861E+01   -3.6133082E+00   -2.5835805E+00   -6.4715682E+00   -6.4488733E+00   -5.5947623E+00   -1.6002151E+01   -1.4000000E+01   -8.5094881E+00   -3.3782167E+00   -1.4000000E+01   -2.8177675E+00   -3.0000000E+01   -2.5907408E+00   -8.9610684E+00   -9.1207601E+00   -9.2527610E+00   -8.7633920E+00   -1.1899824E+01   -1.2117526E+01   -2.3092476E+01   -8.0291448E+00   -6.5641028E+00   -7.5072334E+00   -1.2592621E+01   -5.5701166E+00   -9.2759193E+00   -5.6525243E+00
    1.7910000E+01    6.4099226E+00   -6.3850967E+00   -3.9999999E+00   -3.2746504E+00   -3.3463164E+00   -3.8706163E+00   -1.0192100E+01   -3.6145458E+00   -2.5822266E+00   -6.4649069E+00   -6.4488749E+00   -5.5921057E+00   -1.6004428E+01   -1.4000000E+01   -8.4908255E+00   -3.3784985E+00   -1.4000000E+01   -2.8279361E+00   -3.0000000E+01   -2.5884060E+00   -8.9658700E+00   -9.1237236E+00   -9.2583036E+00   -8.7599824E+00   -1.1901405E+01   -1.2096678E+01   -2.3076734E+01   -8.0281645E+00   -6.5606708E+00   -7.5016109E+00   -1.2592105E+01   -5.5653515E+00   -9.2719322E+00   -5.6495182E+00
