# Time          5.0000E+01
# Units: Log10 mol/kgw
    Distance      pH               H+               Li+              Na+              Ca++             K+               Al+++            SiO2(aq)         CO2(aq)          O2(aq)           Methane(aq)      Fe++             Fe+++            HS-              SO4--            Mg++             Cl-              CH2O             Tracer           HCO3-            Al(OH)2+         AlO2-            AlOH++           FeOH+            FeOH++           FeSO4(aq)        FeSO4+           OH-              CO3--            FeCO3(aq)        FeCO3+           FeHCO3+          NaCO3-           NaHCO3(aq)   
    9.0000000E-02    5.8096840E+00   -5.8007969E+00   -3.9999999E+00   -4.7572425E+00   -4.9958677E+00   -5.0810929E+00   -6.8922380E+00   -4.5507498E+00   -2.6705170E+00   -3.4789806E+00   -6.4486862E+00   -7.2839531E+00   -1.4179537E+01   -1.4000000E+01   -1.4000003E+01   -5.1776642E+00   -1.4000000E+01   -4.6743964E+00   -3.0000000E+01   -3.2951283E+00   -6.7399587E+00   -8.0982895E+00   -6.4853296E+00   -1.1001338E+01   -1.0603402E+01   -1.9156869E+01   -2.6562584E+01   -8.6465058E+00   -7.9208077E+00   -1.0413608E+01   -1.1929762E+01   -7.8953033E+00   -1.2043598E+01   -7.8027523E+00
    2.7000000E-01    5.8490207E+00   -5.8394564E+00   -3.9999999E+00   -4.5216892E+00   -4.7322498E+00   -4.8525077E+00   -7.2899914E+00   -4.2789523E+00   -2.6731641E+00   -3.5020426E+00   -6.4486893E+00   -7.2309976E+00   -1.4459363E+01   -1.4000000E+01   -1.4000003E+01   -4.9117886E+00   -1.4000000E+01   -6.0201967E+00   -3.0000000E+01   -3.2577125E+00   -7.0644321E+00   -8.3440893E+00   -6.8469902E+00   -1.0911142E+01   -1.0847135E+01   -1.9109624E+01   -2.6850692E+01   -8.6064444E+00   -7.8419056E+00   -1.0287443E+01   -1.2138949E+01   -7.8077490E+00   -1.1732013E+01   -7.5312294E+00
    4.5000000E-01    5.8847608E+00   -5.8746025E+00   -3.9999999E+00   -4.3796634E+00   -4.5839868E+00   -4.6627982E+00   -7.5673357E+00   -4.1280525E+00   -2.6763333E+00   -3.5263019E+00   -6.4486920E+00   -7.2293861E+00   -1.4561056E+01   -1.4000000E+01   -1.4000003E+01   -4.7651683E+00   -1.4000000E+01   -6.8786101E+00   -3.0000000E+01   -3.2245018E+00   -7.2750246E+00   -8.4832018E+00   -7.0914302E+00   -1.0875634E+01   -1.0915924E+01   -1.9113039E+01   -2.6959657E+01   -8.5700658E+00   -7.7710623E+00   -1.0219998E+01   -1.2177054E+01   -7.7754040E+00   -1.1521670E+01   -7.3572671E+00
    6.3000000E-01    5.9163676E+00   -5.9056814E+00   -3.9999999E+00   -4.2792889E+00   -4.4821839E+00   -4.5139914E+00   -7.7796926E+00   -4.0271657E+00   -2.6788403E+00   -3.5522606E+00   -6.4486946E+00   -7.2470651E+00   -1.4651039E+01   -1.4000000E+01   -1.4000003E+01   -4.6653843E+00   -1.4000000E+01   -6.9898735E+00   -3.0000000E+01   -3.1948304E+00   -7.4283707E+00   -8.5733341E+00   -7.2746945E+00   -1.0863347E+01   -1.0976814E+01   -1.9135202E+01   -2.7056113E+01   -8.5378888E+00   -7.7080955E+00   -1.0179178E+01   -1.2210527E+01   -7.7656196E+00   -1.1360584E+01   -7.2283588E+00
    8.1000000E-01    5.9442444E+00   -5.9330806E+00   -3.9999999E+00   -4.2023376E+00   -4.4043451E+00   -4.3979698E+00   -7.9530801E+00   -3.9534319E+00   -2.6804594E+00   -3.5801695E+00   -6.4486969E+00   -7.2695472E+00   -1.4730339E+01   -1.4000000E+01   -1.4000003E+01   -4.5895286E+00   -1.4000000E+01   -6.9689825E+00   -3.0000000E+01   -3.1680538E+00   -7.5498054E+00   -8.6390153E+00   -7.4224737E+00   -1.0859440E+01   -1.1030505E+01   -1.9161752E+01   -2.7141275E+01   -8.5094943E+00   -7.6519097E+00   -1.0149527E+01   -1.2239488E+01   -7.7633265E+00   -1.1229493E+01   -7.1256637E+00
    9.9000000E-01    5.9686449E+00   -5.9570425E+00   -3.9999999E+00   -4.1402606E+00   -4.3406429E+00   -4.3064750E+00   -8.0986821E+00   -3.8965927E+00   -2.6809384E+00   -3.6103201E+00   -6.4486991E+00   -7.2894962E+00   -1.4799586E+01   -1.4000000E+01   -1.4000003E+01   -4.5276774E+00   -1.4000000E+01   -6.9392158E+00   -3.0000000E+01   -3.1436541E+00   -7.6500957E+00   -8.6905047E+00   -7.5457534E+00   -1.0856357E+01   -1.1077431E+01   -1.9185446E+01   -2.7215910E+01   -8.4846169E+00   -7.6016985E+00   -1.0122996E+01   -1.2263898E+01   -7.7607173E+00   -1.1119089E+01   -7.0401385E+00
    1.1700000E+00    5.9896339E+00   -5.9776239E+00   -3.9999999E+00   -4.0883493E+00   -4.2861802E+00   -4.2329182E+00   -8.2218964E+00   -3.8511284E+00   -2.6799363E+00   -3.6430737E+00   -6.4487012E+00   -7.3030801E+00   -1.4858890E+01   -1.4000000E+01   -1.4000003E+01   -4.4748967E+00   -1.4000000E+01   -6.9066077E+00   -3.0000000E+01   -3.1212172E+00   -7.7345742E+00   -8.7330052E+00   -7.6499059E+00   -1.0850225E+01   -1.1117673E+01   -1.9202520E+01   -2.7280227E+01   -8.4631832E+00   -7.5569576E+00   -1.0095314E+01   -1.2283459E+01   -7.7535788E+00   -1.1024193E+01   -6.9666773E+00
    1.3500000E+00    6.0070969E+00   -5.9947041E+00   -3.9999999E+00   -4.0437188E+00   -4.2382312E+00   -4.1724480E+00   -8.3248767E+00   -3.8135913E+00   -2.6769970E+00   -3.6788861E+00   -6.4487032E+00   -7.3081819E+00   -1.4907845E+01   -1.4000000E+01   -1.4000002E+01   -4.4284418E+00   -1.4000000E+01   -6.8710120E+00   -3.0000000E+01   -3.1003946E+00   -7.8056730E+00   -8.7691778E+00   -7.7372296E+00   -1.0839062E+01   -1.1150971E+01   -1.9210907E+01   -2.7333894E+01   -8.4453011E+00   -7.5174338E+00   -1.0064164E+01   -1.2297589E+01   -7.7394714E+00   -1.0941692E+01   -6.9020598E+00
    1.5300000E+00    6.0207080E+00   -6.0079524E+00   -3.9999999E+00   -4.0044523E+00   -4.1951402E+00   -4.1217770E+00   -8.4088844E+00   -3.7818333E+00   -2.6715201E+00   -3.7183450E+00   -6.4487051E+00   -7.3033668E+00   -1.4945429E+01   -1.4000000E+01   -1.4000002E+01   -4.3866422E+00   -1.4000000E+01   -6.8318824E+00   -3.0000000E+01   -3.0809073E+00   -7.8653437E+00   -8.8016265E+00   -7.8093351E+00   -1.0821773E+01   -1.1176653E+01   -1.9209212E+01   -2.7375947E+01   -8.4312919E+00   -7.4831593E+00   -1.0028181E+01   -1.2305354E+01   -7.7167005E+00   -1.0869722E+01   -6.8441003E+00
    1.7100000E+00    6.0299365E+00   -6.0168341E+00   -3.9999999E+00   -3.9691846E+00   -4.1557999E+00   -4.0785816E+00   -8.4733087E+00   -3.7543276E+00   -2.6627373E+00   -3.7622252E+00   -6.4487070E+00   -7.2873624E+00   -1.4970016E+01   -1.4000000E+01   -1.4000003E+01   -4.3483744E+00   -1.4000000E+01   -6.7884515E+00   -3.0000000E+01   -3.0625131E+00   -7.9140681E+00   -8.8318938E+00   -7.8661612E+00   -1.0797628E+01   -1.1193642E+01   -1.9196197E+01   -2.7404810E+01   -8.4216817E+00   -7.4544096E+00   -9.9864032E+00   -1.2305454E+01   -7.6837680E+00   -1.0807210E+01   -6.7911995E+00
    1.8900000E+00    6.0340611E+00   -6.0206236E+00   -3.9999999E+00   -3.9366934E+00   -4.1193249E+00   -4.0417587E+00   -8.5167125E+00   -3.7297063E+00   -2.6496947E+00   -3.8115785E+00   -6.4487090E+00   -7.2591087E+00   -1.4979407E+01   -1.4000000E+01   -1.4000003E+01   -4.3124727E+00   -1.4000000E+01   -6.7102447E+00   -3.0000000E+01   -3.0449750E+00   -7.9518867E+00   -8.8614633E+00   -7.9070130E+00   -1.0766302E+01   -1.1200481E+01   -1.9170838E+01   -2.7418336E+01   -8.4171874E+00   -7.4316557E+00   -9.9382765E+00   -1.2296213E+01   -7.6393950E+00   -1.0753422E+01   -6.7419074E+00
    2.0700000E+00    6.0334400E+00   -6.0196327E+00   -3.9999999E+00   -3.8939852E+00   -4.0806256E+00   -4.0467440E+00   -8.4481892E+00   -3.6929033E+00   -2.6313837E+00   -3.8674853E+00   -6.4487116E+00   -7.2480240E+00   -1.4974526E+01   -1.4000000E+01   -1.4000003E+01   -4.2569595E+00   -1.4000000E+01   -4.9461242E+00   -3.0000000E+01   -3.0268746E+00   -7.8875447E+00   -8.7983636E+00   -7.8408430E+00   -1.0757001E+01   -1.1197953E+01   -1.9162954E+01   -2.7418021E+01   -8.4173994E+00   -7.4129695E+00   -9.9116913E+00   -1.2277196E+01   -7.6117781E+00   -1.0693640E+01   -6.6819147E+00
    2.2500000E+00    6.0326393E+00   -6.0184755E+00   -3.9999999E+00   -3.8550811E+00   -4.0450665E+00   -4.0521730E+00   -8.4827636E+00   -3.6602703E+00   -2.6136544E+00   -3.9271309E+00   -6.4487143E+00   -7.2151593E+00   -1.4968977E+01   -1.4000000E+01   -1.4000003E+01   -4.2079188E+00   -1.4000000E+01   -4.8553963E+00   -3.0000000E+01   -3.0095488E+00   -7.9265545E+00   -8.8389745E+00   -7.8778855E+00   -1.0726060E+01   -1.1194871E+01   -1.9133183E+01   -2.7416880E+01   -8.4178043E+00   -7.3952776E+00   -9.8642133E+00   -1.2258348E+01   -7.5631024E+00   -1.0638603E+01   -6.6264737E+00
    2.4300000E+00    6.0320554E+00   -6.0175469E+00   -3.9999999E+00   -3.8193702E+00   -4.0121796E+00   -4.0580143E+00   -8.5144182E+00   -3.6310685E+00   -2.5968365E+00   -3.9910802E+00   -6.4487170E+00   -7.1712166E+00   -1.4964162E+01   -1.4000000E+01   -1.4000003E+01   -4.1640050E+00   -1.4000000E+01   -4.7900554E+00   -3.0000000E+01   -2.9929300E+00   -7.9621157E+00   -8.8757036E+00   -7.9117326E+00   -1.0683788E+01   -1.1192249E+01   -1.9092237E+01   -2.7416329E+01   -8.4180048E+00   -7.3781124E+00   -9.8060869E+00   -1.2240617E+01   -7.5040073E+00   -1.0587237E+01   -6.5749085E+00
    2.6100000E+00    6.0317659E+00   -6.0169236E+00   -3.9999999E+00   -3.7863892E+00   -3.9815990E+00   -4.0642452E+00   -8.5438539E+00   -3.6047612E+00   -2.5809568E+00   -4.0598896E+00   -6.4487197E+00   -7.1212910E+00   -1.4960323E+01   -1.4000000E+01   -1.4000004E+01   -4.1242569E+00   -1.4000000E+01   -4.7227312E+00   -3.0000000E+01   -2.9769663E+00   -7.9947812E+00   -8.9089483E+00   -7.9430121E+00   -1.0635205E+01   -1.1190254E+01   -1.9045218E+01   -2.7416621E+01   -8.4179222E+00   -7.3613419E+00   -9.7422824E+00   -1.2224123E+01   -7.4395396E+00   -1.0538950E+01   -6.5267058E+00
    2.7900000E+00    6.0318252E+00   -6.0166596E+00   -3.9999999E+00   -3.7557758E+00   -3.9530315E+00   -4.0708466E+00   -8.5717020E+00   -3.5809352E+00   -2.5660258E+00   -4.1342537E+00   -6.4487224E+00   -7.0678067E+00   -1.4957624E+01   -1.4000000E+01   -1.4000004E+01   -4.0879623E+00   -1.4000000E+01   -4.6507095E+00   -3.0000000E+01   -2.9616130E+00   -8.0250793E+00   -8.9391276E+00   -7.9723046E+00   -1.0582683E+01   -1.1189000E+01   -1.8994557E+01   -2.7417928E+01   -8.4175013E+00   -7.3448644E+00   -9.6751282E+00   -1.2208938E+01   -7.3720817E+00   -1.0493282E+01   -6.4814600E+00
    2.9700000E+00    6.0322975E+00   -6.0168182E+00   -3.9999999E+00   -3.7272425E+00   -3.9262389E+00   -4.0778006E+00   -8.5985400E+00   -3.5592674E+00   -2.5520694E+00   -4.2150115E+00   -6.4487252E+00   -7.0120064E+00   -1.4956255E+01   -1.4000000E+01   -1.4000005E+01   -4.0545799E+00   -1.4000000E+01   -4.5732048E+00   -3.0000000E+01   -2.9468312E+00   -8.0534642E+00   -8.9665680E+00   -8.0001267E+00   -1.0527403E+01   -1.1188615E+01   -1.8941501E+01   -2.7420450E+01   -8.4166773E+00   -7.3285751E+00   -9.6057674E+00   -1.2195154E+01   -7.3028401E+00   -1.0449842E+01   -6.4388458E+00
    3.1500000E+00    6.0332609E+00   -6.0174770E+00   -3.9999999E+00   -3.7005585E+00   -3.9010260E+00   -4.0850904E+00   -8.6249292E+00   -3.5395028E+00   -2.5391330E+00   -4.3031772E+00   -6.4487280E+00   -6.9546329E+00   -1.4956449E+01   -1.4000000E+01   -1.4000005E+01   -4.0236895E+00   -1.4000000E+01   -4.4895772E+00   -3.0000000E+01   -2.9325877E+00   -8.0803454E+00   -8.9915224E+00   -8.0269641E+00   -1.0470031E+01   -1.1189257E+01   -1.8886797E+01   -2.7424423E+01   -8.4153717E+00   -7.3123611E+00   -9.5348341E+00   -1.2182898E+01   -7.2325266E+00   -1.0408290E+01   -6.3986006E+00
    3.3300000E+00    6.0348090E+00   -6.0187292E+00   -3.9999999E+00   -3.6755374E+00   -3.8772313E+00   -4.0926995E+00   -8.6514353E+00   -3.5214391E+00   -2.5272824E+00   -4.3999797E+00   -6.4487308E+00   -6.8962378E+00   -1.4958482E+01   -1.4000000E+01   -1.4000006E+01   -3.9949594E+00   -1.4000000E+01   -4.3992029E+00   -3.0000000E+01   -2.9188543E+00   -8.1061049E+00   -9.0141856E+00   -8.0532913E+00   -1.0411026E+01   -1.1191111E+01   -1.8831000E+01   -2.7430131E+01   -8.4134903E+00   -7.2960992E+00   -9.4627600E+00   -1.2172329E+01   -7.1616659E+00   -1.0368317E+01   -6.3605105E+00
    3.5100000E+00    6.0370511E+00   -6.0206838E+00   -3.9999999E+00   -3.6520280E+00   -3.8547203E+00   -4.1006107E+00   -8.6786396E+00   -3.5049157E+00   -2.5166036E+00   -4.5069069E+00   -6.4487336E+00   -6.8373228E+00   -1.4962681E+01   -1.4000000E+01   -1.4000007E+01   -3.9681239E+00   -1.4000000E+01   -4.3015320E+00   -3.0000000E+01   -2.9056073E+00   -8.1311082E+00   -9.0347047E+00   -8.0795821E+00   -1.0350782E+01   -1.1194397E+01   -1.8774614E+01   -2.7437904E+01   -8.4109235E+00   -7.2796555E+00   -9.3899157E+00   -1.2163643E+01   -7.0907377E+00   -1.0329639E+01   -6.3244011E+00
    3.6900000E+00    6.0401095E+00   -6.0234627E+00   -3.9999999E+00   -3.6299069E+00   -3.8333806E+00   -4.1088059E+00   -8.7071380E+00   -3.4898050E+00   -2.5071994E+00   -4.6257492E+00   -6.4487364E+00   -6.7784044E+00   -1.4969409E+01   -1.4000000E+01   -1.4000008E+01   -3.9429679E+00   -1.4000000E+01   -4.1962236E+00   -3.0000000E+01   -2.8928271E+00   -8.1557086E+00   -9.0531883E+00   -8.1063115E+00   -1.0289693E+01   -1.1199356E+01   -1.8718159E+01   -2.7448108E+01   -8.4075489E+00   -7.2628874E+00   -9.3166772E+00   -1.2157064E+01   -7.0202399E+00   -1.0291992E+01   -6.2901300E+00
    3.8700000E+00    6.0441126E+00   -6.0271941E+00   -3.9999999E+00   -3.6090731E+00   -3.8131176E+00   -4.1172653E+00   -8.7375215E+00   -3.4760063E+00   -2.4991825E+00   -4.7586296E+00   -6.4487392E+00   -6.7200390E+00   -1.4979048E+01   -1.4000000E+01   -1.4000009E+01   -3.9193152E+00   -1.4000000E+01   -4.0833692E+00   -3.0000000E+01   -2.8804977E+00   -8.1802422E+00   -9.0697158E+00   -8.1339431E+00   -1.0228189E+01   -1.1206243E+01   -1.8662192E+01   -2.7461128E+01   -8.4032378E+00   -7.2456498E+00   -9.2434571E+00   -1.2152831E+01   -6.9507135E+00   -1.0255130E+01   -6.2575807E+00
    4.0500000E+00    6.0491807E+00   -6.0319983E+00   -3.9999999E+00   -3.5894433E+00   -3.7938510E+00   -4.1259673E+00   -8.7703307E+00   -3.4634393E+00   -2.4926603E+00   -4.9079963E+00   -6.4487420E+00   -6.6628212E+00   -1.4991955E+01   -1.4000000E+01   -1.4000011E+01   -3.8970199E+00   -1.4000000E+01   -3.9638032E+00   -3.0000000E+01   -2.8686060E+00   -8.2050100E+00   -9.0843473E+00   -8.1628981E+00   -1.0166743E+01   -1.1215296E+01   -1.8607308E+01   -2.7477323E+01   -8.3978698E+00   -7.2278092E+00   -9.1707176E+00   -1.2151170E+01   -6.8827407E+00   -1.0218837E+01   -6.2266569E+00
    4.2300000E+00    6.0554037E+00   -6.0379650E+00   -3.9999999E+00   -3.5709467E+00   -3.7755119E+00   -4.1348886E+00   -8.8059781E+00   -3.4520385E+00   -2.4877117E+00   -5.0765425E+00   -6.4487448E+00   -6.6073628E+00   -1.5008395E+01   -1.4000000E+01   -1.4000012E+01   -3.8759596E+00   -1.4000000E+01   -3.8394294E+00   -3.0000000E+01   -2.8571411E+00   -8.2302456E+00   -9.0971369E+00   -8.1934998E+00   -1.0105879E+01   -1.1226690E+01   -1.8554121E+01   -2.7496957E+01   -8.3913549E+00   -7.2092643E+00   -9.0989697E+00   -1.2152244E+01   -6.8169226E+00   -1.0182941E+01   -6.1972768E+00
    4.4100000E+00    6.0628107E+00   -6.0451232E+00   -3.9999999E+00   -3.5535201E+00   -3.7580398E+00   -4.1440044E+00   -8.8446425E+00   -3.4417473E+00   -2.4843554E+00   -5.2670139E+00   -6.4487476E+00   -6.5542518E+00   -1.5028449E+01   -1.4000000E+01   -1.4000013E+01   -3.8560299E+00   -1.4000000E+01   -3.7133697E+00   -3.0000000E+01   -2.8460925E+00   -8.2560703E+00   -9.1081476E+00   -8.2258983E+00   -1.0046154E+01   -1.1240478E+01   -1.8503217E+01   -2.7520114E+01   -8.3836641E+00   -7.1899756E+00   -9.0287625E+00   -1.2156097E+01   -6.7538371E+00   -1.0147339E+01   -6.1693674E+00
    4.5900000E+00    6.0713411E+00   -6.0534122E+00   -3.9999999E+00   -3.5371039E+00   -3.7413800E+00   -4.1532900E+00   -8.8861667E+00   -3.4325113E+00   -2.4825201E+00   -5.4819003E+00   -6.4487504E+00   -6.5039963E+00   -1.5051929E+01   -1.4000000E+01   -1.4000015E+01   -3.8371391E+00   -1.4000000E+01   -3.5896684E+00   -3.0000000E+01   -2.8354495E+00   -8.2824491E+00   -9.1174656E+00   -8.2599978E+00   -9.9881392E+00   -1.1256534E+01   -1.8455107E+01   -2.7546607E+01   -8.3748578E+00   -7.1699925E+00   -8.9606541E+00   -1.2162592E+01   -6.6939818E+00   -1.0112022E+01   -6.1428580E+00
    4.7700000E+00    6.0808325E+00   -6.0626695E+00   -3.9999999E+00   -3.5216376E+00   -3.7254808E+00   -4.1627222E+00   -8.9300180E+00   -3.4242737E+00   -2.4820307E+00   -5.7230797E+00   -6.4487531E+00   -6.4569660E+00   -1.5078345E+01   -1.4000000E+01   -1.4000017E+01   -3.8192049E+00   -1.4000000E+01   -3.4724688E+00   -3.0000000E+01   -2.8251993E+00   -8.3091750E+00   -9.1252087E+00   -8.2954286E+00   -9.9323657E+00   -1.1274528E+01   -1.8410161E+01   -2.7575946E+01   -8.3650983E+00   -7.1494643E+00   -8.8951646E+00   -1.2171388E+01   -6.6377141E+00   -1.0077079E+01   -6.1176756E+00
    4.9500000E+00    6.0910404E+00   -6.0726502E+00   -3.9999999E+00   -3.5070584E+00   -3.7102926E+00   -4.1722808E+00   -8.9753625E+00   -3.4169720E+00   -2.4826275E+00   -5.9915543E+00   -6.4487559E+00   -6.4133502E+00   -1.5106958E+01   -1.4000000E+01   -1.4000018E+01   -3.8021514E+00   -1.4000000E+01   -3.3650004E+00   -3.0000000E+01   -2.8153263E+00   -8.3359051E+00   -9.1315231E+00   -8.3316026E+00   -9.8792683E+00   -1.1293971E+01   -1.8368569E+01   -2.7607396E+01   -8.3546299E+00   -7.1286194E+00   -8.8327131E+00   -1.2181978E+01   -6.5852087E+00   -1.0042676E+01   -6.0937425E+00
    5.1300000E+00    6.1016872E+00   -6.0830767E+00   -3.9999999E+00   -3.4933015E+00   -3.6957669E+00   -4.1819498E+00   -9.0212477E+00   -3.4105386E+00   -2.4840152E+00   -6.2873999E+00   -6.4487586E+00   -6.3731499E+00   -1.5136934E+01   -1.4000000E+01   -1.4000020E+01   -3.7859083E+00   -1.4000000E+01   -3.2689403E+00   -3.0000000E+01   -2.8058127E+00   -8.3622441E+00   -9.1365685E+00   -8.3678461E+00   -9.8291263E+00   -1.1314305E+01   -1.8330335E+01   -2.7640126E+01   -8.3437300E+00   -7.1077168E+00   -8.7735620E+00   -1.2193791E+01   -6.5364498E+00   -1.0009008E+01   -6.0709763E+00
    5.3100000E+00    6.1125181E+00   -6.0936938E+00   -3.9999999E+00   -3.4803015E+00   -3.6818570E+00   -4.1917170E+00   -9.0668073E+00   -3.4049032E+00   -2.4859197E+00   -6.6099323E+00   -6.4487612E+00   -6.3362090E+00   -1.5167509E+01   -1.4000000E+01   -1.4000022E+01   -3.7704099E+00   -1.4000000E+01   -3.1844274E+00   -3.0000000E+01   -2.7966388E+00   -8.3878377E+00   -9.1405004E+00   -8.4035491E+00   -9.7820394E+00   -1.1335024E+01   -1.8295305E+01   -2.7673376E+01   -8.3326530E+00   -7.0869906E+00   -8.7177917E+00   -1.2206300E+01   -6.4912628E+00   -9.9762467E+00   -6.0492929E+00
    5.4900000E+00    6.1233379E+00   -6.1043060E+00   -3.9999999E+00   -3.4679954E+00   -3.6685187E+00   -4.2015741E+00   -9.1113953E+00   -3.3999960E+00   -2.4881261E+00   -6.9579847E+00   -6.4487639E+00   -6.3022678E+00   -1.5198097E+01   -1.4000000E+01   -1.4000023E+01   -3.7555959E+00   -1.4000000E+01   -3.1105339E+00   -3.0000000E+01   -2.7877845E+00   -8.4124330E+00   -9.1434560E+00   -8.4382625E+00   -9.7379441E+00   -1.1355738E+01   -1.8263223E+01   -2.7706564E+01   -8.3215936E+00   -7.0666147E+00   -8.6653191E+00   -1.2219098E+01   -6.4493693E+00   -9.9445027E+00   -6.0286097E+00
    5.6700000E+00    6.1340202E+00   -6.1147864E+00   -3.9999999E+00   -3.4563241E+00   -3.6557105E+00   -4.2115155E+00   -9.1546173E+00   -3.3957506E+00   -2.4904882E+00   -7.3301732E+00   -6.4487665E+00   -6.2710191E+00   -1.5228320E+01   -1.4000000E+01   -1.4000025E+01   -3.7414117E+00   -1.4000000E+01   -3.0458292E+00   -3.0000000E+01   -2.7792298E+00   -8.4358915E+00   -9.1455498E+00   -8.4717201E+00   -9.6966609E+00   -1.1376196E+01   -1.8233783E+01   -2.7739314E+01   -8.3106782E+00   -7.0466946E+00   -8.6159458E+00   -1.2231915E+01   -6.4104438E+00   -9.9138245E+00   -6.0088483E+00
    5.8500000E+00    6.1444959E+00   -6.1250657E+00   -3.9999999E+00   -3.4452337E+00   -3.6433945E+00   -4.2215377E+00   -9.1962874E+00   -3.3921061E+00   -2.4929186E+00   -7.7250862E+00   -6.4487691E+00   -6.2421527E+00   -1.5257969E+01   -1.4000000E+01   -1.4000027E+01   -3.7278077E+00   -1.4000000E+01   -2.9888027E+00   -3.0000000E+01   -2.7709559E+00   -8.4581676E+00   -9.1468745E+00   -8.5038065E+00   -9.6579493E+00   -1.1396261E+01   -1.8206680E+01   -2.7771424E+01   -8.2999752E+00   -7.0272794E+00   -8.5694130E+00   -1.2244596E+01   -6.3741581E+00   -9.8842085E+00   -5.9899366E+00
    6.0300000E+00    6.1547353E+00   -6.1351138E+00   -3.9999999E+00   -3.4346755E+00   -3.6315362E+00   -4.2316385E+00   -9.2363593E+00   -3.3890075E+00   -2.4953700E+00   -8.1413871E+00   -6.4487717E+00   -6.2153802E+00   -1.5286953E+01   -1.4000000E+01   -1.4000028E+01   -3.7147397E+00   -1.4000000E+01   -2.9380915E+00   -3.0000000E+01   -2.7629451E+00   -8.4792775E+00   -9.1475058E+00   -8.5345068E+00   -9.6215521E+00   -1.1415874E+01   -1.8181626E+01   -2.7802806E+01   -8.2895143E+00   -7.0083803E+00   -8.5254464E+00   -1.2257065E+01   -6.3402080E+00   -9.8556188E+00   -5.9718091E+00
    6.2100000E+00    6.1647312E+00   -6.1449233E+00   -3.9999999E+00   -3.4246062E+00   -3.6201044E+00   -4.2418167E+00   -9.2748657E+00   -3.3864057E+00   -2.4978197E+00   -8.5778563E+00   -6.4487742E+00   -6.1904475E+00   -1.5315250E+01   -1.4000000E+01   -1.4000030E+01   -3.7021681E+00   -1.4000000E+01   -2.8925616E+00   -3.0000000E+01   -2.7551812E+00   -8.4992699E+00   -9.1475063E+00   -8.5638619E+00   -9.5872227E+00   -1.1435020E+01   -1.8158370E+01   -2.7833441E+01   -8.2793020E+00   -6.9899873E+00   -8.4837841E+00   -1.2269294E+01   -6.3083240E+00   -9.8280030E+00   -5.9544068E+00
    6.3900000E+00    6.1744884E+00   -6.1544987E+00   -3.9999999E+00   -3.4149870E+00   -3.6090707E+00   -4.2520719E+00   -9.3118764E+00   -3.3842570E+00   -2.5002578E+00   -9.0333948E+00   -6.4487767E+00   -6.1671358E+00   -1.5342873E+01   -1.4000000E+01   -1.4000032E+01   -3.6900573E+00   -1.4000000E+01   -2.8513071E+00   -3.0000000E+01   -2.7476495E+00   -8.5182077E+00   -9.1469296E+00   -8.5919385E+00   -9.5547388E+00   -1.1453708E+01   -1.8136695E+01   -2.7863345E+01   -8.2693335E+00   -6.9720800E+00   -8.4441894E+00   -1.2281277E+01   -6.2782740E+00   -9.8013032E+00   -5.9376768E+00
    6.5700000E+00    6.1840166E+00   -6.1638494E+00   -3.9999999E+00   -3.4057835E+00   -3.5984095E+00   -4.2624043E+00   -9.3474748E+00   -3.3825226E+00   -2.5026807E+00   -9.5070042E+00   -6.4487793E+00   -6.1452595E+00   -1.5369847E+01   -1.4000000E+01   -1.4000033E+01   -3.6783755E+00   -1.4000000E+01   -2.8136162E+00   -3.0000000E+01   -2.7403365E+00   -8.5361566E+00   -9.1458222E+00   -8.6188113E+00   -9.5239057E+00   -1.1471956E+01   -1.8116419E+01   -2.7892547E+01   -8.2595989E+00   -6.9546345E+00   -8.4064547E+00   -1.2293020E+01   -6.2498596E+00   -9.7754621E+00   -5.9215717E+00
    6.7500000E+00    6.1933269E+00   -6.1729864E+00   -3.9999999E+00   -3.3969648E+00   -3.5880975E+00   -4.2728144E+00   -9.3817454E+00   -3.3811677E+00   -2.5050875E+00   -9.9977382E+00   -6.4487818E+00   -6.1246610E+00   -1.5396205E+01   -1.4000000E+01   -1.4000035E+01   -3.6670941E+00   -1.4000000E+01   -2.7789306E+00   -3.0000000E+01   -2.7332296E+00   -8.5531806E+00   -9.1442255E+00   -8.6445546E+00   -9.4945554E+00   -1.1489787E+01   -1.8097385E+01   -2.7921081E+01   -8.2500865E+00   -6.9376263E+00   -8.3703999E+00   -1.2304534E+01   -6.2229119E+00   -9.7504253E+00   -5.9060485E+00
    6.9300000E+00    6.2024310E+00   -6.1819210E+00   -3.9999999E+00   -3.3885032E+00   -3.5781135E+00   -4.2833032E+00   -9.4147693E+00   -3.3801614E+00   -2.5074786E+00   -1.0504574E+01   -6.4487843E+00   -6.1052066E+00   -1.5421979E+01   -1.4000000E+01   -1.4000036E+01   -3.6561871E+00   -1.4000000E+01   -2.7468095E+00   -3.0000000E+01   -2.7263177E+00   -8.5693393E+00   -9.1421762E+00   -8.6692391E+00   -9.4665431E+00   -1.1507222E+01   -1.8079462E+01   -2.7948985E+01   -8.2407847E+00   -6.9210320E+00   -8.3358696E+00   -1.2315830E+01   -6.1972866E+00   -9.7261425E+00   -5.8910688E+00
    7.1100000E+00    6.2113397E+00   -6.1906640E+00   -3.9999999E+00   -3.3803738E+00   -3.5684382E+00   -4.2938722E+00   -9.4466221E+00   -3.3794760E+00   -2.5098548E+00   -1.1026016E+01   -6.4487867E+00   -6.0867818E+00   -1.5447201E+01   -1.4000000E+01   -1.4000037E+01   -3.6456311E+00   -1.4000000E+01   -2.7169008E+00   -3.0000000E+01   -2.7195902E+00   -8.5846880E+00   -9.1397074E+00   -8.6929303E+00   -9.4397441E+00   -1.1524282E+01   -1.8062536E+01   -2.7976289E+01   -8.2316824E+00   -6.9048296E+00   -8.3027288E+00   -1.2326920E+01   -6.1728597E+00   -9.7025678E+00   -5.8765976E+00
    7.2900000E+00    6.2200635E+00   -6.1992257E+00   -3.9999999E+00   -3.3725541E+00   -3.5590538E+00   -4.3045230E+00   -9.4773739E+00   -3.3790864E+00   -2.5122169E+00   -1.1558738E+01   -6.4487892E+00   -6.0692883E+00   -1.5471900E+01   -1.4000000E+01   -1.4000039E+01   -3.6354048E+00   -1.4000000E+01   -2.6889196E+00   -3.0000000E+01   -2.7130376E+00   -8.5992774E+00   -9.1368491E+00   -8.7156888E+00   -9.4140502E+00   -1.1540988E+01   -1.8046511E+01   -2.8003028E+01   -8.2227688E+00   -6.8889985E+00   -8.2708602E+00   -1.2337815E+01   -6.1495239E+00   -9.6796586E+00   -5.8626033E+00
    7.4700000E+00    6.2286122E+00   -6.2076156E+00   -3.9999999E+00   -3.3650239E+00   -3.5499442E+00   -4.3152575E+00   -9.5070896E+00   -3.3789701E+00   -2.5145663E+00   -1.2092708E+01   -6.4487917E+00   -6.0526410E+00   -1.5496105E+01   -1.4000000E+01   -1.4000040E+01   -3.6254888E+00   -1.4000000E+01   -2.6626325E+00   -3.0000000E+01   -2.7066510E+00   -8.6131540E+00   -9.1336284E+00   -8.7375704E+00   -9.3893670E+00   -1.1557359E+01   -1.8031303E+01   -2.8029230E+01   -8.2140342E+00   -6.8735195E+00   -8.2401608E+00   -1.2348526E+01   -6.1271860E+00   -9.6573764E+00   -5.8490569E+00
    7.6500000E+00    6.2369950E+00   -6.2158428E+00   -3.9999999E+00   -3.3577646E+00   -3.5410945E+00   -4.3260779E+00   -9.5358297E+00   -3.3791065E+00   -2.5169039E+00   -1.2592999E+01   -6.4487941E+00   -6.0367656E+00   -1.5519841E+01   -1.4000000E+01   -1.4000042E+01   -3.6158653E+00   -1.4000000E+01   -2.6378461E+00   -3.0000000E+01   -2.7004222E+00   -8.6263611E+00   -9.1300700E+00   -8.7586271E+00   -9.3656114E+00   -1.1573411E+01   -1.8016838E+01   -2.8054923E+01   -8.2054690E+00   -6.8583748E+00   -8.2105399E+00   -1.2359063E+01   -6.1057641E+00   -9.6356853E+00   -5.8359323E+00
    7.8300000E+00    6.2452206E+00   -6.2239160E+00   -3.9999999E+00   -3.3507594E+00   -3.5324910E+00   -4.3369844E+00   -9.5636502E+00   -3.3794778E+00   -2.5192313E+00   -1.2939406E+01   -6.4487966E+00   -6.0215970E+00   -1.5543133E+01   -1.4000000E+01   -1.4000043E+01   -3.6065182E+00   -1.4000000E+01   -2.6144029E+00   -3.0000000E+01   -2.6943437E+00   -8.6389382E+00   -9.1261957E+00   -8.7789067E+00   -9.3427101E+00   -1.1589163E+01   -1.8003054E+01   -2.8080135E+01   -8.1970643E+00   -6.8435474E+00   -8.1819166E+00   -1.2369436E+01   -6.0851862E+00   -9.6145522E+00   -5.8232052E+00
    8.0100000E+00    6.2532983E+00   -6.2318443E+00   -3.9999999E+00   -3.3439868E+00   -3.5241265E+00   -4.3478220E+00   -9.5905736E+00   -3.3801103E+00   -2.5215499E+00   -1.2898646E+01   -6.4487990E+00   -6.0070615E+00   -1.5566009E+01   -1.4000000E+01   -1.4000044E+01   -3.5974429E+00   -1.4000000E+01   -2.5924636E+00   -3.0000000E+01   -2.6884077E+00   -8.6508905E+00   -9.1219926E+00   -8.7984233E+00   -9.3205804E+00   -1.1604632E+01   -1.7989878E+01   -2.8104893E+01   -8.1888108E+00   -6.8290203E+00   -8.1542010E+00   -1.2379655E+01   -6.0653713E+00   -9.5939390E+00   -5.8108466E+00
    8.1900000E+00    6.2613304E+00   -6.2397307E+00   -3.9999999E+00   -3.3369806E+00   -3.5163264E+00   -4.3474949E+00   -9.6162500E+00   -3.3841299E+00   -2.5238786E+00   -1.2481835E+01   -6.4488015E+00   -5.9919344E+00   -1.5588783E+01   -1.4000000E+01   -1.4000046E+01   -3.5892852E+00   -1.4000000E+01   -2.5921018E+00   -3.0000000E+01   -2.6825317E+00   -8.6616563E+00   -9.1166944E+00   -8.8167205E+00   -9.2978926E+00   -1.1620027E+01   -1.7976076E+01   -2.8129502E+01   -8.1806074E+00   -6.8146117E+00   -8.1259786E+00   -1.2389843E+01   -6.0450084E+00   -9.5731936E+00   -5.7983058E+00
    8.3700000E+00    6.2692295E+00   -6.2474871E+00   -3.9999999E+00   -3.3302029E+00   -3.5087287E+00   -4.3471299E+00   -9.6395905E+00   -3.3882457E+00   -2.5262060E+00   -1.2418206E+01   -6.4488038E+00   -5.9774509E+00   -1.5611183E+01   -1.4000000E+01   -1.4000047E+01   -3.5813252E+00   -1.4000000E+01   -2.5917404E+00   -3.0000000E+01   -2.6767904E+00   -8.6703304E+00   -9.1095701E+00   -8.8328020E+00   -9.2759726E+00   -1.1635167E+01   -1.7962893E+01   -2.8153703E+01   -8.1725398E+00   -6.8004794E+00   -8.0986527E+00   -1.2399900E+01   -6.0254120E+00   -9.5529411E+00   -5.7861221E+00
    8.5500000E+00    6.2769889E+00   -6.2551062E+00   -3.9999999E+00   -3.3236431E+00   -3.5013238E+00   -4.3467277E+00   -9.6623003E+00   -3.3924482E+00   -2.5285198E+00   -1.2403646E+01   -6.4488062E+00   -5.9635620E+00   -1.5633187E+01   -1.4000000E+01   -1.4000049E+01   -3.5735532E+00   -1.4000000E+01   -2.5913793E+00   -3.0000000E+01   -2.6711780E+00   -8.6786325E+00   -9.1023535E+00   -8.8483803E+00   -9.2547788E+00   -1.1650040E+01   -1.7950283E+01   -2.8177475E+01   -8.1646149E+00   -6.7866245E+00   -8.0721761E+00   -1.2409807E+01   -6.0065282E+00   -9.5331726E+00   -5.7742796E+00
    8.7300000E+00    6.2846138E+00   -6.2625933E+00   -3.9999999E+00   -3.3172892E+00   -3.4941022E+00   -4.3462874E+00   -9.6844107E+00   -3.3967288E+00   -2.5308197E+00   -1.2400286E+01   -6.4488086E+00   -5.9502232E+00   -1.5654810E+01   -1.4000000E+01   -1.4000050E+01   -3.5659613E+00   -1.4000000E+01   -2.5910185E+00   -3.0000000E+01   -2.6656892E+00   -8.6865844E+00   -9.0950556E+00   -8.8634821E+00   -9.2342617E+00   -1.1664655E+01   -1.7938201E+01   -2.8200836E+01   -8.1568274E+00   -6.7730358E+00   -8.0464942E+00   -1.2419567E+01   -5.9883073E+00   -9.5138651E+00   -5.7627609E+00
    8.9100000E+00    6.2921087E+00   -6.2699529E+00   -3.9999999E+00   -3.3111299E+00   -3.4870556E+00   -4.3458081E+00   -9.7059497E+00   -3.4010798E+00   -2.5331051E+00   -1.2399708E+01   -6.4488110E+00   -5.9373947E+00   -1.5676066E+01   -1.4000000E+01   -1.4000051E+01   -3.5585414E+00   -1.4000000E+01   -2.5906581E+00   -3.0000000E+01   -2.6603185E+00   -8.6942053E+00   -9.0876866E+00   -8.8781309E+00   -9.2143772E+00   -1.1679020E+01   -1.7926609E+01   -2.8223799E+01   -8.1491724E+00   -6.7597032E+00   -8.0215577E+00   -1.2429187E+01   -5.9707045E+00   -9.4949977E+00   -5.7515496E+00
    9.0900000E+00    6.2994777E+00   -6.2771890E+00   -3.9999999E+00   -3.3051546E+00   -3.4801768E+00   -4.3452893E+00   -9.7269416E+00   -3.4054939E+00   -2.5353753E+00   -1.2399834E+01   -6.4488134E+00   -5.9250408E+00   -1.5696964E+01   -1.4000000E+01   -1.4000053E+01   -3.5512855E+00   -1.4000000E+01   -2.5902979E+00   -3.0000000E+01   -2.6550612E+00   -8.7015125E+00   -9.0802559E+00   -8.8923477E+00   -9.1950859E+00   -1.1693144E+01   -1.7915470E+01   -2.8246377E+01   -8.1416460E+00   -6.7466175E+00   -7.9973226E+00   -1.2438667E+01   -5.9536798E+00   -9.4765511E+00   -5.7406305E+00
    9.2700000E+00    6.3067238E+00   -6.2843043E+00   -3.9999999E+00   -3.2993538E+00   -3.4734602E+00   -4.3447305E+00   -9.7474074E+00   -3.4099643E+00   -2.5376288E+00   -1.2400138E+01   -6.4488158E+00   -5.9131295E+00   -1.5717515E+01   -1.4000000E+01   -1.4000054E+01   -3.5441847E+00   -1.4000000E+01   -2.5899381E+00   -3.0000000E+01   -2.6499124E+00   -8.7085215E+00   -9.0727727E+00   -8.9061507E+00   -9.1763529E+00   -1.1707031E+01   -1.7904755E+01   -2.8268578E+01   -8.1342450E+00   -6.7337706E+00   -7.9737494E+00   -1.2448011E+01   -5.9371966E+00   -9.4585078E+00   -5.7299895E+00
    9.4500000E+00    6.3138492E+00   -6.2913012E+00   -3.9999999E+00   -3.2937182E+00   -3.4669020E+00   -4.3441313E+00   -9.7673638E+00   -3.4144845E+00   -2.5398633E+00   -1.2400481E+01   -6.4488182E+00   -5.9016316E+00   -1.5737723E+01   -1.4000000E+01   -1.4000055E+01   -3.5372287E+00   -1.4000000E+01   -2.5895785E+00   -3.0000000E+01   -2.6448679E+00   -8.7152454E+00   -9.0652459E+00   -8.9195551E+00   -9.1581473E+00   -1.1720687E+01   -1.7894434E+01   -2.8290410E+01   -8.1269671E+00   -6.7211558E+00   -7.9508031E+00   -1.2457217E+01   -5.9212220E+00   -9.4408525E+00   -5.7196132E+00
    9.6300000E+00    6.3208547E+00   -6.2981803E+00   -3.9999999E+00   -3.2882397E+00   -3.4605012E+00   -4.3434915E+00   -9.7868231E+00   -3.4190485E+00   -2.5420758E+00   -1.2400813E+01   -6.4488206E+00   -5.8905209E+00   -1.5757590E+01   -1.4000000E+01   -1.4000056E+01   -3.5304052E+00   -1.4000000E+01   -2.5892193E+00   -3.0000000E+01   -2.6399235E+00   -8.7216952E+00   -9.0576845E+00   -8.9325723E+00   -9.1404421E+00   -1.1734112E+01   -1.7884482E+01   -2.8311875E+01   -8.1198113E+00   -6.7087678E+00   -7.9284526E+00   -1.2466284E+01   -5.9057257E+00   -9.4235718E+00   -5.7094894E+00
    9.8100000E+00    6.3277398E+00   -6.3049409E+00   -3.9999999E+00   -3.2829102E+00   -3.4542595E+00   -4.3428108E+00   -9.8057911E+00   -3.4236507E+00   -2.5442618E+00   -1.2401055E+01   -6.4488230E+00   -5.8797734E+00   -1.5777114E+01   -1.4000000E+01   -1.4000058E+01   -3.5236992E+00   -1.4000000E+01   -2.5888603E+00   -3.0000000E+01   -2.6350754E+00   -8.7278786E+00   -9.0500977E+00   -8.9452094E+00   -9.1232142E+00   -1.1747306E+01   -1.7874876E+01   -2.8332973E+01   -8.1127783E+00   -6.6966030E+00   -7.9066711E+00   -1.2475206E+01   -5.8906803E+00   -9.4066546E+00   -5.6996064E+00
    9.9900000E+00    6.3345019E+00   -6.3115805E+00   -3.9999999E+00   -3.2777225E+00   -3.4481820E+00   -4.3420891E+00   -9.8242665E+00   -3.4282855E+00   -2.5464152E+00   -1.2400926E+01   -6.4488254E+00   -5.8693674E+00   -1.5796287E+01   -1.4000000E+01   -1.4000059E+01   -3.5170929E+00   -1.4000000E+01   -2.5885016E+00   -3.0000000E+01   -2.6303197E+00   -8.7338000E+00   -9.0424950E+00   -8.9574678E+00   -9.1064446E+00   -1.1760261E+01   -1.7865595E+01   -2.8353695E+01   -8.1058704E+00   -6.6846602E+00   -7.8854362E+00   -1.2483974E+01   -5.8760605E+00   -9.3900926E+00   -5.6899533E+00
    1.0170000E+01    6.3411357E+00   -6.3180937E+00   -3.9999999E+00   -3.2726695E+00   -3.4422761E+00   -4.3413265E+00   -9.8422381E+00   -3.4329474E+00   -2.5485271E+00   -1.2399326E+01   -6.4488278E+00   -5.8592828E+00   -1.5815092E+01   -1.4000000E+01   -1.4000060E+01   -3.5105659E+00   -1.4000000E+01   -2.5881433E+00   -3.0000000E+01   -2.6256530E+00   -8.7394593E+00   -9.0348867E+00   -8.9693420E+00   -9.0901188E+00   -1.1772969E+01   -1.7856618E+01   -2.8374025E+01   -8.0990930E+00   -6.6729408E+00   -7.8647299E+00   -1.2492575E+01   -5.8618432E+00   -9.3738804E+00   -5.6805198E+00
    1.0350000E+01    6.3476325E+00   -6.3244717E+00   -3.9999999E+00   -3.2677446E+00   -3.4365515E+00   -4.3405230E+00   -9.8596817E+00   -3.4376312E+00   -2.5505855E+00   -1.2391931E+01   -6.4488302E+00   -5.8495014E+00   -1.5833502E+01   -1.4000000E+01   -1.4000061E+01   -3.5040961E+00   -1.4000000E+01   -2.5877852E+00   -3.0000000E+01   -2.6210718E+00   -8.7448501E+00   -9.0272839E+00   -8.9808166E+00   -9.0742275E+00   -1.1785410E+01   -1.7847929E+01   -2.8393939E+01   -8.0924545E+00   -6.6614499E+00   -7.8445395E+00   -1.2500987E+01   -5.8480068E+00   -9.3580168E+00   -5.6712958E+00
    1.0530000E+01    6.3539789E+00   -6.3307010E+00   -3.9999999E+00   -3.2629415E+00   -3.4310185E+00   -4.3396788E+00   -9.8765556E+00   -3.4423314E+00   -2.5525736E+00   -1.2362627E+01   -6.4488326E+00   -5.8400065E+00   -1.5851477E+01   -1.4000000E+01   -1.4000063E+01   -3.4976611E+00   -1.4000000E+01   -2.5874274E+00   -3.0000000E+01   -2.6165728E+00   -8.7499581E+00   -9.0196991E+00   -8.9918639E+00   -9.0587676E+00   -1.1797558E+01   -1.7839511E+01   -2.8413396E+01   -8.0859684E+00   -6.6501973E+00   -7.8248587E+00   -1.2509181E+01   -5.8345316E+00   -9.3425056E+00   -5.6622718E+00
    1.0710000E+01    6.3601551E+00   -6.3367619E+00   -3.9999999E+00   -3.2582538E+00   -3.4256868E+00   -4.3387939E+00   -9.8927948E+00   -3.4470422E+00   -2.5544687E+00   -1.2261329E+01   -6.4488350E+00   -5.8307826E+00   -1.5868956E+01   -1.4000000E+01   -1.4000064E+01   -3.4912402E+00   -1.4000000E+01   -2.5870699E+00   -3.0000000E+01   -2.6121526E+00   -8.7547584E+00   -9.0121469E+00   -9.0024387E+00   -9.0437435E+00   -1.1809373E+01   -1.7831350E+01   -2.8432336E+01   -8.0796543E+00   -6.6391992E+00   -7.8056889E+00   -1.2517114E+01   -5.8213991E+00   -9.3273571E+00   -5.6534385E+00
    1.0890000E+01    6.3661329E+00   -6.3426258E+00   -3.9999999E+00   -3.2536756E+00   -3.4205634E+00   -4.3378686E+00   -9.9083024E+00   -3.4517574E+00   -2.5562390E+00   -1.1998286E+01   -6.4488375E+00   -5.8218155E+00   -1.5885855E+01   -1.4000000E+01   -1.4000065E+01   -3.4848158E+00   -1.4000000E+01   -2.5867128E+00   -3.0000000E+01   -2.6078081E+00   -8.7592112E+00   -9.0046442E+00   -9.0124729E+00   -9.0291696E+00   -1.1820799E+01   -1.7823431E+01   -2.8450676E+01   -8.0735406E+00   -6.6284806E+00   -7.7870414E+00   -1.2524724E+01   -5.8085922E+00   -9.3125904E+00   -5.6447866E+00
    1.1070000E+01    6.3718721E+00   -6.3482529E+00   -3.9999999E+00   -3.2492007E+00   -3.4156514E+00   -4.3369023E+00   -9.9229386E+00   -3.4564699E+00   -2.5578414E+00   -1.1548687E+01   -6.4488399E+00   -5.8130921E+00   -1.5902052E+01   -1.4000000E+01   -1.4000066E+01   -3.4783753E+00   -1.4000000E+01   -2.5863560E+00   -3.0000000E+01   -2.6035359E+00   -8.7632573E+00   -8.9972119E+00   -9.0218671E+00   -9.0150730E+00   -1.1831754E+01   -1.7815742E+01   -2.8468295E+01   -8.0676670E+00   -6.6180779E+00   -7.7689399E+00   -1.2531931E+01   -5.7960946E+00   -9.2982361E+00   -5.6363070E+00
    1.1250000E+01    6.3773171E+00   -6.3535871E+00   -3.9999999E+00   -3.2448229E+00   -3.4109487E+00   -4.3358942E+00   -9.9365060E+00   -3.4611714E+00   -2.5592167E+00   -1.0995089E+01   -6.4488424E+00   -5.8046004E+00   -1.5917380E+01   -1.4000000E+01   -1.4000067E+01   -3.4719127E+00   -1.4000000E+01   -2.5859997E+00   -3.0000000E+01   -2.5993325E+00   -8.7668114E+00   -8.9898760E+00   -9.0304798E+00   -9.0014975E+00   -1.1842127E+01   -1.7808272E+01   -2.8485026E+01   -8.0620894E+00   -6.6080432E+00   -7.7514253E+00   -1.2538617E+01   -5.7838911E+00   -9.2843403E+00   -5.6279898E+00
    1.1430000E+01    6.3823907E+00   -6.3585514E+00   -3.9999999E+00   -3.2405355E+00   -3.4064473E+00   -4.3348417E+00   -9.9487292E+00   -3.4658520E+00   -2.5602842E+00   -1.0406140E+01   -6.4488449E+00   -5.7963291E+00   -1.5931607E+01   -1.4000000E+01   -1.4000068E+01   -3.4654283E+00   -1.4000000E+01   -2.5856447E+00   -3.0000000E+01   -2.5951942E+00   -8.7697529E+00   -8.9826703E+00   -9.0381132E+00   -8.9885096E+00   -1.1851764E+01   -1.7801010E+01   -2.8500638E+01   -8.0568847E+00   -6.5984495E+00   -7.7345601E+00   -1.2544626E+01   -5.7719674E+00   -9.2709698E+00   -5.6198251E+00
    1.1610000E+01    6.3869874E+00   -6.3630401E+00   -3.9999999E+00   -3.2363313E+00   -3.4021330E+00   -4.3337397E+00   -9.9592295E+00   -3.4704992E+00   -2.5609345E+00   -9.8073718E+00   -6.4488473E+00   -5.7882689E+00   -1.5944414E+01   -1.4000000E+01   -1.4000068E+01   -3.4589293E+00   -1.4000000E+01   -2.5852940E+00   -3.0000000E+01   -2.5911170E+00   -8.7719148E+00   -8.9756387E+00   -9.0444943E+00   -8.9762054E+00   -1.1860452E+01   -1.7793947E+01   -2.8514814E+01   -8.0521584E+00   -6.5893982E+00   -7.7184368E+00   -1.2549742E+01   -5.7603102E+00   -9.2582190E+00   -5.6118018E+00
    1.1790000E+01    6.3909642E+00   -6.3669101E+00   -3.9999999E+00   -3.2322022E+00   -3.3979860E+00   -4.3325795E+00   -9.9674922E+00   -3.4750970E+00   -2.5610199E+00   -9.2059371E+00   -6.4488498E+00   -5.7804134E+00   -1.5955373E+01   -1.4000000E+01   -1.3999954E+01   -3.4524283E+00   -1.4000000E+01   -2.5849594E+00   -3.0000000E+01   -2.5870963E+00   -8.7730695E+00   -8.9688399E+00   -9.0492523E+00   -8.9647221E+00   -1.1867906E+01   -1.7786963E+01   -2.8527011E+01   -8.0480533E+00   -6.5810272E+00   -7.7031882E+00   -1.2553675E+01   -5.7489090E+00   -9.2462185E+00   -5.6039075E+00
    1.1970000E+01    6.3941310E+00   -6.3699712E+00   -3.9999999E+00   -3.2281389E+00   -3.3939816E+00   -4.3313464E+00   -9.9728340E+00   -3.4796248E+00   -2.5603453E+00   -8.6036852E+00   -6.4488524E+00   -5.7727671E+00   -1.5963909E+01   -1.4000000E+01   -1.3991925E+01   -3.4459423E+00   -1.4000000E+01   -2.5846886E+00   -3.0000000E+01   -2.5831268E+00   -8.7729145E+00   -8.9623514E+00   -9.0518941E+00   -8.9542546E+00   -1.1873742E+01   -1.7772265E+01   -2.8528859E+01   -8.0447595E+00   -6.5735210E+00   -7.6890042E+00   -1.2556036E+01   -5.7377636E+00   -9.2351439E+00   -5.5961278E+00
    1.2150000E+01    6.3962473E+00   -6.3719828E+00   -3.9999999E+00   -3.2241313E+00   -3.3900917E+00   -4.3300170E+00   -9.9743929E+00   -3.4840558E+00   -2.5586646E+00   -8.0011158E+00   -6.4488549E+00   -5.7653753E+00   -1.5969296E+01   -1.4000000E+01   -1.3633032E+01   -3.4394909E+00   -1.4000000E+01   -2.5846722E+00   -3.0000000E+01   -2.5792026E+00   -8.7710698E+00   -8.9562740E+00   -9.0517990E+00   -8.9450889E+00   -1.1877475E+01   -1.7406949E+01   -2.8176681E+01   -8.0425171E+00   -6.5671136E+00   -7.6761653E+00   -1.2556335E+01   -5.7269139E+00   -9.2252196E+00   -5.5884469E+00
    1.2330000E+01    6.3970339E+00   -6.3726660E+00   -3.9999999E+00   -3.2202116E+00   -3.3863013E+00   -4.3285180E+00   -9.9712212E+00   -3.4883283E+00   -2.5557124E+00   -7.3984897E+00   -6.4488575E+00   -5.7584163E+00   -1.5970676E+01   -1.4000000E+01   -1.2026124E+01   -3.4331195E+00   -1.4000000E+01   -2.5856684E+00   -3.0000000E+01   -2.5753382E+00   -8.7671435E+00   -8.9507746E+00   -9.0482968E+00   -8.9376817E+00   -1.1878525E+01   -1.5794039E+01   -2.6572465E+01   -8.0416060E+00   -6.5621002E+00   -7.6651416E+00   -1.2554006E+01   -5.7165512E+00   -9.2167712E+00   -5.5809107E+00
    1.2510000E+01    6.3949356E+00   -6.3705022E+00   -3.9999999E+00   -3.2195097E+00   -3.3836430E+00   -4.3239288E+00   -1.0217335E+01   -3.4903605E+00   -2.5513589E+00   -6.7946121E+00   -6.4488589E+00   -5.7507401E+00   -1.5963586E+01   -1.4000000E+01   -1.0182909E+01   -3.4286054E+00   -1.4000000E+01   -2.5904706E+00   -3.0000000E+01   -2.5730034E+00   -9.0179726E+00   -9.2058002E+00   -9.2967978E+00   -8.9323182E+00   -1.1873822E+01   -1.3943755E+01   -2.4722992E+01   -8.0436253E+00   -6.5616338E+00   -7.6576005E+00   -1.2547276E+01   -5.7068322E+00   -9.2159103E+00   -5.5780312E+00
    1.2690000E+01    6.3925694E+00   -6.3680705E+00   -3.9999999E+00   -3.2188051E+00   -3.3810006E+00   -4.3193080E+00   -1.0206599E+01   -3.4923654E+00   -2.5467447E+00   -6.7138376E+00   -6.4488603E+00   -5.7435280E+00   -1.5955842E+01   -1.4000000E+01   -9.8435190E+00   -3.4241266E+00   -1.4000000E+01   -2.5963032E+00   -3.0000000E+01   -2.5706758E+00   -9.0124863E+00   -9.2050464E+00   -9.2887158E+00   -8.9276865E+00   -1.1868732E+01   -1.3597759E+01   -2.4376688E+01   -8.0459127E+00   -6.5614431E+00   -7.6507983E+00   -1.2540165E+01   -5.6975841E+00   -9.2153219E+00   -5.5751561E+00
    1.2870000E+01    6.3901754E+00   -6.3656112E+00   -3.9999999E+00   -3.2180978E+00   -3.3783687E+00   -4.3146372E+00   -1.0195517E+01   -3.4943457E+00   -2.5421097E+00   -6.6906961E+00   -6.4488617E+00   -5.7365689E+00   -1.5948049E+01   -1.4000000E+01   -9.6471482E+00   -3.4196892E+00   -1.4000000E+01   -2.6024645E+00   -3.0000000E+01   -2.5683554E+00   -9.0067096E+00   -9.2040576E+00   -9.2803159E+00   -8.9233351E+00   -1.1863621E+01   -1.3395034E+01   -2.4173353E+01   -8.0482280E+00   -6.5612874E+00   -7.6442833E+00   -1.2533040E+01   -5.6885957E+00   -9.2147656E+00   -5.5722852E+00
    1.3050000E+01    6.3878083E+00   -6.3631791E+00   -3.9999999E+00   -3.2173879E+00   -3.3757423E+00   -4.3098906E+00   -1.0184584E+01   -3.4963017E+00   -2.5375084E+00   -6.6801807E+00   -6.4488632E+00   -5.7298049E+00   -1.5940346E+01   -1.4000000E+01   -9.5095959E+00   -3.4152990E+00   -1.4000000E+01   -2.6087787E+00   -3.0000000E+01   -2.5660417E+00   -9.0010258E+00   -9.2031078E+00   -9.2720363E+00   -8.9191515E+00   -1.1858572E+01   -1.3251322E+01   -2.4028925E+01   -8.0505163E+00   -6.5611120E+00   -7.6379426E+00   -1.2525983E+01   -5.6798086E+00   -9.2141863E+00   -5.5694183E+00
    1.3230000E+01    6.3854812E+00   -6.3607869E+00   -3.9999999E+00   -3.2166754E+00   -3.3731176E+00   -4.3050387E+00   -1.0173852E+01   -3.4982335E+00   -2.5329536E+00   -6.6726888E+00   -6.4488647E+00   -5.7232168E+00   -1.5932766E+01   -1.4000000E+01   -9.4036816E+00   -3.4109613E+00   -1.4000000E+01   -2.6152028E+00   -3.0000000E+01   -2.5637348E+00   -8.9954632E+00   -9.2021995E+00   -9.2639181E+00   -8.9151035E+00   -1.1853605E+01   -1.3139423E+01   -2.3916256E+01   -8.0527649E+00   -6.5609038E+00   -7.6317441E+00   -1.2519015E+01   -5.6712038E+00   -9.2135711E+00   -5.5665552E+00
    1.3410000E+01    6.3831965E+00   -6.3584373E+00   -3.9999999E+00   -3.2159601E+00   -3.3704914E+00   -4.3000480E+00   -1.0163338E+01   -3.5001411E+00   -2.5284478E+00   -6.6658882E+00   -6.4488662E+00   -5.7167955E+00   -1.5925315E+01   -1.4000000E+01   -9.3173820E+00   -3.4066812E+00   -1.4000000E+01   -2.6217277E+00   -3.0000000E+01   -2.5614347E+00   -8.9900324E+00   -9.2013382E+00   -9.2559747E+00   -8.9111795E+00   -1.1848724E+01   -1.3047304E+01   -2.3823329E+01   -8.0549713E+00   -6.5606604E+00   -7.6256760E+00   -1.2512139E+01   -5.6627719E+00   -9.2129175E+00   -5.5636959E+00
    1.3590000E+01    6.3809541E+00   -6.3561302E+00   -3.9999999E+00   -3.2152423E+00   -3.3678614E+00   -4.2948801E+00   -1.0153050E+01   -3.5020249E+00   -2.5239910E+00   -6.6591897E+00   -6.4488678E+00   -5.7105346E+00   -1.5917992E+01   -1.4000000E+01   -9.2443914E+00   -3.4024630E+00   -1.4000000E+01   -2.6283533E+00   -3.0000000E+01   -2.5591414E+00   -8.9847406E+00   -9.2005313E+00   -9.2482128E+00   -8.9073732E+00   -1.1843928E+01   -1.2968654E+01   -2.3743838E+01   -8.0571355E+00   -6.5603820E+00   -7.6197322E+00   -1.2505355E+01   -5.6545067E+00   -9.2122256E+00   -5.5608406E+00
    1.3770000E+01    6.3787532E+00   -6.3538648E+00   -3.9999999E+00   -3.2145219E+00   -3.3652261E+00   -4.2894921E+00   -1.0142991E+01   -3.5038849E+00   -2.5195825E+00   -6.6524406E+00   -6.4488693E+00   -5.7044289E+00   -1.5910795E+01   -1.4000000E+01   -9.1810107E+00   -3.3983106E+00   -1.4000000E+01   -2.6350819E+00   -3.0000000E+01   -2.5568549E+00   -8.9795947E+00   -9.1997870E+00   -9.2406390E+00   -8.9036799E+00   -1.1839216E+01   -1.2899767E+01   -2.3674081E+01   -8.0592582E+00   -6.5600692E+00   -7.6139079E+00   -1.2498660E+01   -5.6464028E+00   -9.2114962E+00   -5.5579891E+00
    1.3950000E+01    6.3765932E+00   -6.3516404E+00   -3.9999999E+00   -3.2137989E+00   -3.3625847E+00   -4.2838361E+00   -1.0133169E+01   -3.5057215E+00   -2.5152215E+00   -6.6455990E+00   -6.4488709E+00   -5.6984733E+00   -1.5903723E+01   -1.4000000E+01   -9.1248888E+00   -3.3942274E+00   -1.4000000E+01   -2.6419165E+00   -3.0000000E+01   -2.5545753E+00   -8.9746027E+00   -9.1991150E+00   -9.2332603E+00   -8.9000954E+00   -1.1834587E+01   -1.2838288E+01   -2.3611704E+01   -8.0613403E+00   -6.5597230E+00   -7.6081989E+00   -1.2492054E+01   -5.6384552E+00   -9.2107301E+00   -5.5551416E+00
    1.4130000E+01    6.3744733E+00   -6.3494563E+00   -3.9999999E+00   -3.2130734E+00   -3.3599377E+00   -4.2778595E+00   -1.0123592E+01   -3.5075349E+00   -2.5109072E+00   -6.6386513E+00   -6.4488725E+00   -5.6926634E+00   -1.5896772E+01   -1.4000000E+01   -9.0744396E+00   -3.3902161E+00   -1.4000000E+01   -2.6488605E+00   -3.0000000E+01   -2.5523025E+00   -8.9697735E+00   -9.1985256E+00   -9.2260852E+00   -8.8966160E+00   -1.1830038E+01   -1.2782625E+01   -2.3555120E+01   -8.0633825E+00   -6.5593441E+00   -7.6026015E+00   -1.2485534E+01   -5.6306594E+00   -9.2099281E+00   -5.5522982E+00
    1.4310000E+01    6.3723930E+00   -6.3473119E+00   -3.9999999E+00   -3.2123454E+00   -3.3572859E+00   -4.2715050E+00   -1.0114269E+01   -3.5093253E+00   -2.5066393E+00   -6.6315914E+00   -6.4488742E+00   -5.6869950E+00   -1.5889941E+01   -1.4000000E+01   -9.0285425E+00   -3.3862791E+00   -1.4000000E+01   -2.6559174E+00   -3.0000000E+01   -2.5500367E+00   -8.9651175E+00   -9.1980303E+00   -9.2191234E+00   -8.8932378E+00   -1.1825569E+01   -1.2731655E+01   -2.3503206E+01   -8.0653853E+00   -6.5589332E+00   -7.5971119E+00   -1.2479101E+01   -5.6230112E+00   -9.2090908E+00   -5.5494587E+00
    1.4490000E+01    6.3703517E+00   -6.3452069E+00   -3.9999999E+00   -3.2116150E+00   -3.3546312E+00   -4.2647109E+00   -1.0105211E+01   -3.5110930E+00   -2.5024172E+00   -6.6244147E+00   -6.4488758E+00   -5.6814640E+00   -1.5883230E+01   -1.4000000E+01   -8.9863763E+00   -3.3824185E+00   -1.4000000E+01   -2.6630909E+00   -3.0000000E+01   -2.5477779E+00   -8.9606461E+00   -9.1976416E+00   -9.2123860E+00   -8.8899574E+00   -1.1821178E+01   -1.2684551E+01   -2.3455139E+01   -8.0673493E+00   -6.5584909E+00   -7.5917265E+00   -1.2472752E+01   -5.6155066E+00   -9.2082187E+00   -5.5466234E+00
    1.4670000E+01    6.3683493E+00   -6.3431410E+00   -3.9999999E+00   -3.2108822E+00   -3.3519761E+00   -4.2574119E+00   -1.0096429E+01   -3.5128382E+00   -2.4982407E+00   -6.6171172E+00   -6.4488775E+00   -5.6760668E+00   -1.5876637E+01   -1.4000000E+01   -8.9473213E+00   -3.3786361E+00   -1.4000000E+01   -2.6703850E+00   -3.0000000E+01   -2.5455260E+00   -8.9563722E+00   -9.1973724E+00   -9.2058857E+00   -8.8867711E+00   -1.1816866E+01   -1.2640690E+01   -2.3410299E+01   -8.0692747E+00   -6.5580175E+00   -7.5864418E+00   -1.2466488E+01   -5.6081417E+00   -9.2073121E+00   -5.5437921E+00
    1.4850000E+01    6.3663859E+00   -6.3411143E+00   -3.9999999E+00   -3.2101469E+00   -3.3493237E+00   -4.2495401E+00   -1.0087939E+01   -3.5145613E+00   -2.4941100E+00   -6.6096946E+00   -6.4488792E+00   -5.6708000E+00   -1.5870163E+01   -1.4000000E+01   -8.9108978E+00   -3.3749336E+00   -1.4000000E+01   -2.6778038E+00   -3.0000000E+01   -2.5432812E+00   -8.9523095E+00   -9.1972366E+00   -9.1996364E+00   -8.8836755E+00   -1.1812633E+01   -1.2599589E+01   -2.3368206E+01   -8.0711613E+00   -6.5575129E+00   -7.5812543E+00   -1.2460309E+01   -5.6009132E+00   -9.2063708E+00   -5.5409649E+00
    1.5030000E+01    6.3644619E+00   -6.3391273E+00   -3.9999999E+00   -3.2094093E+00   -3.3466776E+00   -4.2410257E+00   -1.0079756E+01   -3.5162627E+00   -2.4900255E+00   -6.6021426E+00   -6.4488809E+00   -5.6656603E+00   -1.5863809E+01   -1.4000000E+01   -8.8767270E+00   -3.3713128E+00   -1.4000000E+01   -2.6853516E+00   -3.0000000E+01   -2.5410436E+00   -8.9484730E+00   -9.1972480E+00   -9.1936535E+00   -8.8806666E+00   -1.1808480E+01   -1.2560866E+01   -2.3328483E+01   -8.0730088E+00   -6.5569769E+00   -7.5761600E+00   -1.2454216E+01   -5.5938178E+00   -9.2053946E+00   -5.5381419E+00
    1.5210000E+01    6.3625782E+00   -6.3371810E+00   -3.9999999E+00   -3.2086693E+00   -3.3440417E+00   -4.2317990E+00   -1.0071898E+01   -3.5179425E+00   -2.4859882E+00   -6.5944564E+00   -6.4488826E+00   -5.6606448E+00   -1.5857580E+01   -1.4000000E+01   -8.8445045E+00   -3.3677756E+00   -1.4000000E+01   -2.6930330E+00   -3.0000000E+01   -2.5388131E+00   -8.9448784E+00   -9.1974207E+00   -9.1879540E+00   -8.8777407E+00   -1.1804409E+01   -1.2524212E+01   -2.3290829E+01   -8.0748163E+00   -6.5564086E+00   -7.5711552E+00   -1.2448210E+01   -5.5868525E+00   -9.2043825E+00   -5.5353230E+00
    1.5390000E+01    6.3607366E+00   -6.3352770E+00   -3.9999999E+00   -3.2079269E+00   -3.3414201E+00   -4.2217918E+00   -1.0064385E+01   -3.5196013E+00   -2.4819999E+00   -6.5866312E+00   -6.4488844E+00   -5.6557506E+00   -1.5851479E+01   -1.4000000E+01   -8.8139817E+00   -3.3643243E+00   -1.4000000E+01   -2.7008528E+00   -3.0000000E+01   -2.5365898E+00   -8.9415427E+00   -9.1977681E+00   -9.1825563E+00   -8.8748931E+00   -1.1800423E+01   -1.2489377E+01   -2.3254998E+01   -8.0765821E+00   -6.5558066E+00   -7.5662353E+00   -1.2442295E+01   -5.5800145E+00   -9.2033329E+00   -5.5325083E+00
    1.5570000E+01    6.3589396E+00   -6.3334179E+00   -3.9999999E+00   -3.2071823E+00   -3.3388166E+00   -4.2109392E+00   -1.0057241E+01   -3.5212395E+00   -2.4780630E+00   -6.5786619E+00   -6.4488862E+00   -5.6509754E+00   -1.5845514E+01   -1.4000000E+01   -8.7849529E+00   -3.3609617E+00   -1.4000000E+01   -2.7088162E+00   -3.0000000E+01   -2.5343738E+00   -8.9384835E+00   -9.1983031E+00   -9.1774809E+00   -8.8721188E+00   -1.1796527E+01   -1.2456151E+01   -2.3220794E+01   -8.0783037E+00   -6.5551685E+00   -7.5613952E+00   -1.2436476E+01   -5.5733011E+00   -9.2022433E+00   -5.5296978E+00
    1.5750000E+01    6.3571908E+00   -6.3316075E+00   -3.9999999E+00   -3.2064353E+00   -3.3362349E+00   -4.1991821E+00   -1.0050492E+01   -3.5228575E+00   -2.4741813E+00   -6.5705429E+00   -6.4488879E+00   -5.6463169E+00   -1.5839697E+01   -1.4000000E+01   -8.7572459E+00   -3.3576916E+00   -1.4000000E+01   -2.7169284E+00   -3.0000000E+01   -2.5321651E+00   -8.9357197E+00   -9.1990368E+00   -9.1727504E+00   -8.8694117E+00   -1.1792729E+01   -1.2424361E+01   -2.3188056E+01   -8.0799775E+00   -6.5544907E+00   -7.5566287E+00   -1.2430761E+01   -5.5667102E+00   -9.2011101E+00   -5.5268916E+00
    1.5930000E+01    6.3554957E+00   -6.3298511E+00   -3.9999999E+00   -3.2056861E+00   -3.3336779E+00   -4.1864692E+00   -1.0044169E+01   -3.5244557E+00   -2.4703603E+00   -6.5622688E+00   -6.4488898E+00   -5.6417730E+00   -1.5834045E+01   -1.4000000E+01   -8.7307148E+00   -3.3545187E+00   -1.4000000E+01   -2.7251953E+00   -3.0000000E+01   -2.5299640E+00   -8.9332715E+00   -9.1999788E+00   -9.1683905E+00   -8.8667642E+00   -1.1789040E+01   -1.2393858E+01   -2.3156652E+01   -8.0815980E+00   -6.5537680E+00   -7.5519285E+00   -1.2425161E+01   -5.5602397E+00   -9.1999280E+00   -5.5240896E+00
    1.6110000E+01    6.3538619E+00   -6.3281565E+00   -3.9999999E+00   -3.2049347E+00   -3.3311474E+00   -4.1727590E+00   -1.0038310E+01   -3.5260348E+00   -2.4666076E+00   -6.5538333E+00   -6.4488916E+00   -5.6373419E+00   -1.5828580E+01   -1.4000000E+01   -8.7052351E+00   -3.3514492E+00   -1.4000000E+01   -2.7336227E+00   -3.0000000E+01   -2.5277704E+00   -8.9311608E+00   -9.2011358E+00   -9.1644309E+00   -8.8641670E+00   -1.1785474E+01   -1.2364515E+01   -2.3126482E+01   -8.0831578E+00   -6.5529930E+00   -7.5472851E+00   -1.2419690E+01   -5.5538877E+00   -9.1986895E+00   -5.5212920E+00
    1.6290000E+01    6.3523000E+00   -6.3265342E+00   -3.9999999E+00   -3.2041811E+00   -3.3286442E+00   -4.1580219E+00   -1.0032960E+01   -3.5275954E+00   -2.4629339E+00   -6.5452302E+00   -6.4488934E+00   -5.6330223E+00   -1.5823335E+01   -1.4000000E+01   -8.6806995E+00   -3.3484908E+00   -1.4000000E+01   -2.7422171E+00   -3.0000000E+01   -2.5255844E+00   -8.9294125E+00   -9.2025114E+00   -9.1609070E+00   -8.8616078E+00   -1.1782055E+01   -1.2336224E+01   -2.3097469E+01   -8.0846462E+00   -6.5521555E+00   -7.5426864E+00   -1.2414370E+01   -5.5476528E+00   -9.1973841E+00   -5.5184989E+00
    1.6470000E+01    6.3508245E+00   -6.3249989E+00   -3.9999999E+00   -3.2034255E+00   -3.3261673E+00   -4.1422422E+00   -1.0028179E+01   -3.5291382E+00   -2.4593541E+00   -6.5364530E+00   -6.4488953E+00   -5.6288129E+00   -1.5818353E+01   -1.4000000E+01   -8.6570147E+00   -3.3456532E+00   -1.4000000E+01   -2.7509853E+00   -3.0000000E+01   -2.5234064E+00   -8.9280556E+00   -9.2041053E+00   -9.1578627E+00   -8.8590708E+00   -1.1778810E+01   -1.2308889E+01   -2.3069565E+01   -8.0860487E+00   -6.5512410E+00   -7.5381165E+00   -1.2409231E+01   -5.5415338E+00   -9.1959975E+00   -5.5157105E+00
    1.6650000E+01    6.3494558E+00   -6.3235709E+00   -3.9999999E+00   -3.2026680E+00   -3.3237139E+00   -4.1254191E+00   -1.0024042E+01   -3.5306640E+00   -2.4558884E+00   -6.5274955E+00   -6.4488971E+00   -5.6247131E+00   -1.5813695E+01   -1.4000000E+01   -8.6340988E+00   -3.3429480E+00   -1.4000000E+01   -2.7599343E+00   -3.0000000E+01   -2.5212364E+00   -8.9271255E+00   -9.2059128E+00   -9.1553538E+00   -8.8565348E+00   -1.1775780E+01   -1.2282427E+01   -2.3042747E+01   -8.0873452E+00   -6.5502297E+00   -7.5335546E+00   -1.2404312E+01   -5.5355301E+00   -9.1945097E+00   -5.5129270E+00
    1.6830000E+01    6.3482214E+00   -6.3222778E+00   -3.9999999E+00   -3.2019087E+00   -3.3212792E+00   -4.1075675E+00   -1.0020650E+01   -3.5321739E+00   -2.4525648E+00   -6.5183525E+00   -6.4488990E+00   -5.6207224E+00   -1.5809445E+01   -1.4000000E+01   -8.6118802E+00   -3.3403891E+00   -1.4000000E+01   -2.7690717E+00   -3.0000000E+01   -2.5190748E+00   -8.9266675E+00   -9.2079235E+00   -9.1534533E+00   -8.8539719E+00   -1.1773021E+01   -1.2256767E+01   -2.3017027E+01   -8.0885079E+00   -6.5490943E+00   -7.5289727E+00   -1.2399670E+01   -5.5296415E+00   -9.1928934E+00   -5.5101487E+00
    1.7010000E+01    6.3471593E+00   -6.3211576E+00   -3.9999999E+00   -3.2011479E+00   -3.3188560E+00   -4.0887186E+00   -1.0018140E+01   -3.5336691E+00   -2.4494214E+00   -6.5090236E+00   -6.4489009E+00   -5.6168413E+00   -1.5805717E+01   -1.4000000E+01   -8.5902952E+00   -3.3379927E+00   -1.4000000E+01   -2.7784055E+00   -3.0000000E+01   -2.5169219E+00   -8.9267412E+00   -9.2101213E+00   -9.1522588E+00   -8.8513441E+00   -1.1770609E+01   -1.2231845E+01   -2.2992454E+01   -8.0894990E+00   -6.5477974E+00   -7.5243333E+00   -1.2395381E+01   -5.5238684E+00   -9.1911114E+00   -5.5073763E+00
    1.7190000E+01    6.3463214E+00   -6.3202622E+00   -3.9999999E+00   -3.2003860E+00   -3.3164354E+00   -4.0689192E+00   -1.0016695E+01   -3.5351512E+00   -2.4465107E+00   -6.4995235E+00   -6.4489028E+00   -5.6130704E+00   -1.5802667E+01   -1.4000000E+01   -8.5692884E+00   -3.3357770E+00   -1.4000000E+01   -2.7879433E+00   -3.0000000E+01   -2.5147782E+00   -8.9274268E+00   -9.2124828E+00   -9.1519026E+00   -8.8486005E+00   -1.1768647E+01   -1.2207606E+01   -2.2969129E+01   -8.0902667E+00   -6.5462878E+00   -7.5195857E+00   -1.2391548E+01   -5.5182120E+00   -9.1891126E+00   -5.5046104E+00
    1.7370000E+01    6.3457785E+00   -6.3196625E+00   -3.9999999E+00   -3.1996233E+00   -3.3140064E+00   -4.0482309E+00   -1.0016568E+01   -3.5366222E+00   -2.4439040E+00   -6.4899117E+00   -6.4489047E+00   -5.6094114E+00   -1.5800506E+01   -1.4000000E+01   -8.5488130E+00   -3.3337624E+00   -1.4000000E+01   -2.7976919E+00   -3.0000000E+01   -2.5126443E+00   -8.9288346E+00   -9.2149764E+00   -9.1525661E+00   -8.8456714E+00   -1.1767277E+01   -1.2184003E+01   -2.2947217E+01   -8.0907403E+00   -6.5444954E+00   -7.5146609E+00   -1.2388314E+01   -5.5126742E+00   -9.1868271E+00   -5.5018521E+00
    1.7550000E+01    6.3456274E+00   -6.3194554E+00   -3.9999999E+00   -3.1988607E+00   -3.3115565E+00   -4.0267291E+00   -1.0018105E+01   -3.5380845E+00   -2.4416990E+00   -6.4803771E+00   -6.4489066E+00   -5.6058660E+00   -1.5799527E+01   -1.4000000E+01   -8.5288358E+00   -3.3319706E+00   -1.4000000E+01   -2.8076536E+00   -3.0000000E+01   -2.5105212E+00   -8.9311170E+00   -9.2175608E+00   -9.1544985E+00   -8.8424616E+00   -1.1766694E+01   -1.2161005E+01   -2.2926975E+01   -8.0908228E+00   -6.5423244E+00   -7.5094644E+00   -1.2385873E+01   -5.5072575E+00   -9.1841596E+00   -5.4991027E+00
    1.7730000E+01    6.3459999E+00   -6.3197726E+00   -3.9999999E+00   -3.1980990E+00   -3.3090728E+00   -4.0045056E+00   -1.0021780E+01   -3.5395414E+00   -2.4400288E+00   -6.4714778E+00   -6.4489085E+00   -5.6024354E+00   -1.5800125E+01   -1.4000000E+01   -8.5093559E+00   -3.3304251E+00   -1.4000000E+01   -2.8178147E+00   -3.0000000E+01   -2.5084104E+00   -8.9344837E+00   -9.2201828E+00   -9.1580415E+00   -8.8388406E+00   -1.1767160E+01   -1.2138612E+01   -2.2908797E+01   -8.0903828E+00   -6.5396450E+00   -7.5038670E+00   -1.2384490E+01   -5.5019643E+00   -9.1809809E+00   -5.4963647E+00
    1.7910000E+01    6.3470469E+00   -6.3207660E+00   -3.9999999E+00   -3.1973499E+00   -3.3065787E+00   -3.9820101E+00   -1.0028096E+01   -3.5409771E+00   -2.4390738E+00   -6.4648154E+00   -6.4489103E+00   -5.5991579E+00   -1.5802761E+01   -1.4000000E+01   -8.4906925E+00   -3.3291589E+00   -1.4000000E+01   -2.8279853E+00   -3.0000000E+01   -2.5063420E+00   -8.9391298E+00   -9.2227347E+00   -9.1635442E+00   -8.8346928E+00   -1.1768983E+01   -1.2117174E+01   -2.2893455E+01   -8.0892701E+00   -6.5363389E+00   -7.4977816E+00   -1.2384500E+01   -5.4968596E+00   -9.1771807E+00   -5.4936778E+00
