# Time          5.0000E+01
# Units: Bars
    Distance        CO2(g)           O2(g)            CH4(g)          
    9.0000000E-02    3.9796026E-02    2.0999299E-01    1.9000017E-04
    2.7000000E-01    3.9388328E-02    2.0997899E-01    1.9000052E-04
    4.5000000E-01    3.8993407E-02    2.0996496E-01    1.9000087E-04
    6.3000000E-01    3.8610067E-02    2.0995091E-01    1.9000121E-04
    8.1000000E-01    3.8237073E-02    2.0993685E-01    1.9000154E-04
    9.9000000E-01    3.7873248E-02    2.0992276E-01    1.9000186E-04
    1.1700000E+00    3.7517509E-02    2.0990867E-01    1.9000218E-04
    1.3500000E+00    3.7168864E-02    2.0989456E-01    1.9000250E-04
    1.5300000E+00    3.6826437E-02    2.0988043E-01    1.9000281E-04
    1.7100000E+00    3.6489416E-02    2.0986630E-01    1.9000311E-04
    1.8900000E+00    3.6157040E-02    2.0985215E-01    1.9000341E-04
    2.0700000E+00    3.5830747E-02    2.0983809E-01    1.9000370E-04
    2.2500000E+00    3.5513932E-02    2.0982410E-01    1.9000398E-04
    2.4300000E+00    3.5204054E-02    2.0981009E-01    1.9000426E-04
    2.6100000E+00    3.4900644E-02    2.0979607E-01    1.9000453E-04
    2.7900000E+00    3.4603285E-02    2.0978204E-01    1.9000480E-04
    2.9700000E+00    3.4311609E-02    2.0976798E-01    1.9000506E-04
    3.1500000E+00    3.4025286E-02    2.0975391E-01    1.9000531E-04
    3.3300000E+00    3.3744020E-02    2.0973983E-01    1.9000557E-04
    3.5100000E+00    3.3467547E-02    2.0972573E-01    1.9000581E-04
    3.6900000E+00    3.3195627E-02    2.0971161E-01    1.9000605E-04
    3.8700000E+00    3.2928046E-02    2.0969748E-01    1.9000629E-04
    4.0500000E+00    3.2664608E-02    2.0968333E-01    1.9000652E-04
    4.2300000E+00    3.2405134E-02    2.0966917E-01    1.9000675E-04
    4.4100000E+00    3.2149464E-02    2.0965500E-01    1.9000697E-04
    4.5900000E+00    3.1897449E-02    2.0964081E-01    1.9000719E-04
    4.7700000E+00    3.1648956E-02    2.0962660E-01    1.9000740E-04
    4.9500000E+00    3.1403860E-02    2.0961238E-01    1.9000761E-04
    5.1300000E+00    3.1162051E-02    2.0959814E-01    1.9000781E-04
    5.3100000E+00    3.0923426E-02    2.0958390E-01    1.9000801E-04
    5.4900000E+00    3.0687892E-02    2.0956963E-01    1.9000821E-04
    5.6700000E+00    3.0455365E-02    2.0955535E-01    1.9000840E-04
    5.8500000E+00    3.0225767E-02    2.0954106E-01    1.9000859E-04
    6.0300000E+00    2.9999031E-02    2.0952675E-01    1.9000877E-04
    6.2100000E+00    2.9775094E-02    2.0951243E-01    1.9000895E-04
    6.3900000E+00    2.9553901E-02    2.0949809E-01    1.9000912E-04
    6.5700000E+00    2.9335406E-02    2.0948374E-01    1.9000929E-04
    6.7500000E+00    2.9119567E-02    2.0946938E-01    1.9000946E-04
    6.9300000E+00    2.8906350E-02    2.0945500E-01    1.9000962E-04
    7.1100000E+00    2.8695726E-02    2.0944060E-01    1.9000978E-04
    7.2900000E+00    2.8487675E-02    2.0942620E-01    1.9000994E-04
    7.4700000E+00    2.8282181E-02    2.0941177E-01    1.9001009E-04
    7.6500000E+00    2.8079238E-02    2.0939734E-01    1.9001024E-04
    7.8300000E+00    2.7878844E-02    2.0938289E-01    1.9001038E-04
    8.0100000E+00    2.7681007E-02    2.0936842E-01    1.9001052E-04
    8.1900000E+00    2.7484340E-02    2.0935384E-01    1.9001065E-04
    8.3700000E+00    2.7289153E-02    2.0933914E-01    1.9001079E-04
    8.5500000E+00    2.7096759E-02    2.0932442E-01    1.9001092E-04
    8.7300000E+00    2.6907203E-02    2.0930970E-01    1.9001105E-04
    8.9100000E+00    2.6720540E-02    2.0929496E-01    1.9001117E-04
    9.0900000E+00    2.6536838E-02    2.0928021E-01    1.9001129E-04
    9.2700000E+00    2.6356175E-02    2.0926545E-01    1.9001140E-04
    9.4500000E+00    2.6178643E-02    2.0925067E-01    1.9001152E-04
    9.6300000E+00    2.6004349E-02    2.0923588E-01    1.9001162E-04
    9.8100000E+00    2.5833413E-02    2.0922108E-01    1.9001173E-04
    9.9900000E+00    2.5665973E-02    2.0920627E-01    1.9001183E-04
    1.0170000E+01    2.5502186E-02    2.0919144E-01    1.9001193E-04
    1.0350000E+01    2.5342224E-02    2.0917661E-01    1.9001202E-04
    1.0530000E+01    2.5186286E-02    2.0916176E-01    1.9001211E-04
    1.0710000E+01    2.5034590E-02    2.0914689E-01    1.9001220E-04
    1.0890000E+01    2.4887380E-02    2.0913202E-01    1.9001229E-04
    1.1070000E+01    2.4744929E-02    2.0911713E-01    1.9001237E-04
    1.1250000E+01    2.4607537E-02    2.0910223E-01    1.9001244E-04
    1.1430000E+01    2.4475541E-02    2.0908731E-01    1.9001252E-04
    1.1610000E+01    2.4349310E-02    2.0907239E-01    1.9001259E-04
    1.1790000E+01    2.4229256E-02    2.0905745E-01    1.9001266E-04
    1.1970000E+01    2.4115831E-02    2.0904249E-01    1.9001272E-04
    1.2150000E+01    2.4009536E-02    2.0902753E-01    1.9001278E-04
    1.2330000E+01    2.3910924E-02    2.0901255E-01    1.9001284E-04
    1.2510000E+01    2.3820052E-02    2.0899747E-01    1.9001289E-04
    1.2690000E+01    2.3729556E-02    2.0898276E-01    1.9001294E-04
    1.2870000E+01    2.3639964E-02    2.0896852E-01    1.9001300E-04
    1.3050000E+01    2.3551323E-02    2.0895475E-01    1.9001304E-04
    1.3230000E+01    2.3463682E-02    2.0894146E-01    1.9001309E-04
    1.3410000E+01    2.3377101E-02    2.0892863E-01    1.9001314E-04
    1.3590000E+01    2.3291641E-02    2.0891628E-01    1.9001318E-04
    1.3770000E+01    2.3207372E-02    2.0890441E-01    1.9001322E-04
    1.3950000E+01    2.3124370E-02    2.0889302E-01    1.9001326E-04
    1.4130000E+01    2.3042720E-02    2.0888210E-01    1.9001329E-04
    1.4310000E+01    2.2962514E-02    2.0887167E-01    1.9001333E-04
    1.4490000E+01    2.2883854E-02    2.0886171E-01    1.9001336E-04
    1.4670000E+01    2.2806852E-02    2.0885224E-01    1.9001339E-04
    1.4850000E+01    2.2731632E-02    2.0884326E-01    1.9001342E-04
    1.5030000E+01    2.2658328E-02    2.0883476E-01    1.9001345E-04
    1.5210000E+01    2.2587091E-02    2.0882675E-01    1.9001347E-04
    1.5390000E+01    2.2518083E-02    2.0881923E-01    1.9001349E-04
    1.5570000E+01    2.2451485E-02    2.0881220E-01    1.9001352E-04
    1.5750000E+01    2.2387495E-02    2.0880566E-01    1.9001354E-04
    1.5930000E+01    2.2326328E-02    2.0879961E-01    1.9001355E-04
    1.6110000E+01    2.2268225E-02    2.0879406E-01    1.9001357E-04
    1.6290000E+01    2.2213446E-02    2.0878901E-01    1.9001358E-04
    1.6470000E+01    2.2162280E-02    2.0878445E-01    1.9001360E-04
    1.6650000E+01    2.2115043E-02    2.0878040E-01    1.9001361E-04
    1.6830000E+01    2.2072081E-02    2.0877685E-01    1.9001362E-04
    1.7010000E+01    2.2033775E-02    2.0877380E-01    1.9001363E-04
    1.7190000E+01    2.2000545E-02    2.0877125E-01    1.9001363E-04
    1.7370000E+01    2.1972848E-02    2.0876921E-01    1.9001364E-04
    1.7550000E+01    2.1951189E-02    2.0876768E-01    1.9001364E-04
    1.7730000E+01    2.1936123E-02    2.0876665E-01    1.9001364E-04
    1.7910000E+01    2.1928256E-02    2.0876614E-01    1.9001365E-04
