# Time          5.0000E+01
# Units: Log10 mol/kgw
    Distance      pH               H+               Li+              Na+              Ca++             K+               Al+++            SiO2(aq)         CO2(aq)          O2(aq)           Methane(aq)      Fe++             Fe+++            HS-              SO4--            Mg++             Cl-              CH2O             Tracer           HCO3-            Al(OH)2+         AlO2-            AlOH++           FeOH+            FeOH++           FeSO4(aq)        FeSO4+           OH-              CO3--            FeCO3(aq)        FeCO3+           FeHCO3+          NaCO3-           NaHCO3(aq)   
    9.0000000E-02    5.7848152E+00   -5.7785766E+00   -3.9999999E+00   -5.1639791E+00   -5.5506739E+00   -5.2896735E+00   -6.4002395E+00   -5.1084021E+00   -3.0573344E+00   -3.4641161E+00   -6.4486689E+00   -7.3282430E+00   -1.3780926E+01   -1.4000000E+01   -1.4000003E+01   -5.7485709E+00   -1.4000000E+01   -3.2729261E+00   -3.0000000E+01   -3.7096178E+00   -6.2765881E+00   -7.6846564E+00   -6.0054103E+00   -1.1062343E+01   -1.0216870E+01   -1.9179040E+01   -2.6131702E+01   -8.6741737E+00   -8.3684862E+00   -1.0883515E+01   -1.1946614E+01   -8.3431446E+00   -1.2886908E+01   -8.6183901E+00
    2.7000000E-01    5.8065407E+00   -5.8000945E+00   -3.9999999E+00   -5.0166776E+00   -5.3132990E+00   -5.2793585E+00   -6.5388359E+00   -4.8817459E+00   -3.0599618E+00   -3.4641292E+00   -6.4486694E+00   -7.2526595E+00   -1.4360864E+01   -1.4000000E+01   -1.4000003E+01   -5.4934482E+00   -1.4000000E+01   -3.2725796E+00   -3.0000000E+01   -3.6903021E+00   -6.3733888E+00   -7.7380062E+00   -6.1232894E+00   -1.0965670E+01   -1.0776091E+01   -1.9105179E+01   -2.6714163E+01   -8.6522308E+00   -8.3267978E+00   -1.0767960E+01   -1.2487383E+01   -8.2490981E+00   -1.2698782E+01   -8.4522070E+00
    4.5000000E-01    5.8267819E+00   -5.8201433E+00   -3.9999999E+00   -4.9112211E+00   -5.1629711E+00   -5.2613563E+00   -6.7426221E+00   -4.7417136E+00   -3.0625803E+00   -3.4641425E+00   -6.4486699E+00   -7.1979268E+00   -1.4419707E+01   -1.4000000E+01   -1.4000004E+01   -5.3413958E+00   -1.4000000E+01   -3.2722334E+00   -3.0000000E+01   -3.6724774E+00   -6.5382264E+00   -7.8623615E+00   -6.3077678E+00   -1.0891286E+01   -1.0815626E+01   -1.9052043E+01   -2.6775345E+01   -8.6317879E+00   -8.2881315E+00   -1.0676155E+01   -1.2509894E+01   -8.1773314E+00   -1.2555460E+01   -8.3293287E+00
    6.3000000E-01    5.8466635E+00   -5.8398347E+00   -3.9999999E+00   -4.8297973E+00   -5.0548760E+00   -5.2339826E+00   -6.9277840E+00   -4.6373039E+00   -3.0652465E+00   -3.4641560E+00   -6.4486704E+00   -7.1582464E+00   -1.4477482E+01   -1.4000000E+01   -1.4000004E+01   -5.2337028E+00   -1.4000000E+01   -3.2718875E+00   -3.0000000E+01   -3.6550619E+00   -6.6851425E+00   -7.9695143E+00   -6.4739708E+00   -1.0832308E+01   -1.0854442E+01   -1.9013945E+01   -2.6835435E+01   -8.6117064E+00   -8.2502397E+00   -1.0600160E+01   -1.2532088E+01   -8.1210187E+00   -1.2436938E+01   -8.2308885E+00
    8.1000000E-01    5.8659181E+00   -5.8589047E+00   -3.9999999E+00   -4.7639198E+00   -4.9718211E+00   -5.1963594E+00   -7.0845959E+00   -4.5551673E+00   -3.0679256E+00   -3.4641696E+00   -6.4486709E+00   -7.1300710E+00   -1.4533429E+01   -1.4000000E+01   -1.4000004E+01   -5.1513940E+00   -1.4000000E+01   -3.2715419E+00   -3.0000000E+01   -3.6382921E+00   -6.8049163E+00   -8.0507790E+00   -6.6124218E+00   -1.0785445E+01   -1.0892028E+01   -1.8987305E+01   -2.6893627E+01   -8.5922578E+00   -8.2136380E+00   -1.0536915E+01   -1.2553676E+01   -8.0768335E+00   -1.2335230E+01   -8.1486287E+00
    9.9000000E-01    5.8843917E+00   -5.8772020E+00   -3.9999999E+00   -4.7088773E+00   -4.9054366E+00   -5.1488748E+00   -7.2194645E+00   -4.4883696E+00   -3.0705983E+00   -3.4641833E+00   -6.4486714E+00   -7.1110720E+00   -1.4587113E+01   -1.4000000E+01   -1.4000004E+01   -5.0858175E+00   -1.4000000E+01   -3.2711965E+00   -3.0000000E+01   -3.6223051E+00   -6.9042435E+00   -8.1131589E+00   -6.7296703E+00   -1.0748515E+01   -1.0928092E+01   -1.8969775E+01   -2.6949458E+01   -8.5735984E+00   -8.1786250E+00   -1.0484368E+01   -1.2574490E+01   -8.0425743E+00   -1.2245912E+01   -8.0779701E+00
    1.1700000E+00    5.9020677E+00   -5.8947105E+00   -3.9999999E+00   -4.6617913E+00   -4.8510080E+00   -5.0932260E+00   -7.3385151E+00   -4.4326112E+00   -3.0732609E+00   -3.4641972E+00   -6.4486718E+00   -7.0996223E+00   -1.4638492E+01   -1.4000000E+01   -1.4000005E+01   -5.0322089E+00   -1.4000000E+01   -3.2708514E+00   -3.0000000E+01   -3.6071149E+00   -6.9892775E+00   -8.1628409E+00   -6.8318550E+00   -1.0719904E+01   -1.0962605E+01   -1.8959722E+01   -2.7002877E+01   -8.5557458E+00   -8.1452335E+00   -1.0440920E+01   -1.2594514E+01   -8.0166253E+00   -1.2166135E+01   -8.0160465E+00
    1.3500000E+00    5.9189875E+00   -5.9114715E+00   -3.9999999E+00   -4.6207810E+00   -4.8055697E+00   -5.0320161E+00   -7.4457387E+00   -4.3850951E+00   -3.0759190E+00   -3.4642112E+00   -6.4486723E+00   -7.0945211E+00   -1.4687693E+01   -1.4000000E+01   -1.4000005E+01   -4.9875929E+00   -1.4000000E+01   -3.2705066E+00   -3.0000000E+01   -3.5926851E+00   -7.0639272E+00   -8.2036509E+00   -6.9229260E+00   -1.0698372E+01   -1.0995653E+01   -1.8955946E+01   -2.7054012E+01   -8.5386583E+00   -8.1133854E+00   -1.0405293E+01   -1.2613798E+01   -7.9977499E+00   -1.2093942E+01   -7.9609412E+00
    1.5300000E+00    5.9352148E+00   -5.9275482E+00   -3.9999999E+00   -4.5845542E+00   -4.7670817E+00   -4.9681300E+00   -7.5437435E+00   -4.3439320E+00   -3.0785854E+00   -3.4642253E+00   -6.4486727E+00   -7.0948390E+00   -1.4734903E+01   -1.4000000E+01   -1.4000005E+01   -4.9499264E+00   -1.4000000E+01   -3.2701621E+00   -3.0000000E+01   -3.5789649E+00   -7.1306778E+00   -8.2379470E+00   -7.0054308E+00   -1.0682926E+01   -1.1027364E+01   -1.8957521E+01   -2.7103058E+01   -8.5222718E+00   -8.0829647E+00   -1.0376445E+01   -1.2632419E+01   -7.9849696E+00   -1.2027926E+01   -7.9113120E+00
    1.7100000E+00    5.9508231E+00   -5.9430134E+00   -3.9999999E+00   -4.5521884E+00   -4.7340384E+00   -4.9041837E+00   -7.6343554E+00   -4.3077985E+00   -3.0812811E+00   -3.4642395E+00   -6.4486731E+00   -7.0998276E+00   -1.4780339E+01   -1.4000000E+01   -1.4000005E+01   -4.9177024E+00   -1.4000000E+01   -3.2698178E+00   -3.0000000E+01   -3.5659007E+00   -7.1912135E+00   -8.2672662E+00   -7.0811247E+00   -1.0672747E+01   -1.1057882E+01   -1.8963706E+01   -2.7150238E+01   -8.5065121E+00   -8.0538423E+00   -1.0353504E+01   -1.2650474E+01   -7.9774854E+00   -1.1967038E+01   -7.8661843E+00
    1.8900000E+00    5.9658939E+00   -5.9579480E+00   -3.9999999E+00   -4.5230006E+00   -4.7052735E+00   -4.8422269E+00   -7.7189486E+00   -4.2757336E+00   -3.0840376E+00   -3.4642538E+00   -6.4486735E+00   -7.1088693E+00   -1.4824240E+01   -1.4000000E+01   -1.4000004E+01   -4.8897466E+00   -1.4000000E+01   -3.2694679E+00   -3.0000000E+01   -3.5534417E+00   -7.2467509E+00   -8.2926617E+00   -7.1513041E+00   -1.0667138E+01   -1.1087368E+01   -1.8973888E+01   -2.7195800E+01   -8.4912969E+00   -8.0258835E+00   -1.0335724E+01   -1.2668074E+01   -7.9746316E+00   -1.1910464E+01   -7.8248257E+00
    2.0700000E+00    5.9817661E+00   -5.9736639E+00   -3.9999999E+00   -4.4856184E+00   -4.6736725E+00   -4.8418705E+00   -7.6917787E+00   -4.2343193E+00   -3.0868811E+00   -3.4642683E+00   -6.4486741E+00   -7.1311254E+00   -1.4870629E+01   -1.4000000E+01   -1.4000004E+01   -4.8424539E+00   -1.4000000E+01   -3.2493116E+00   -3.0000000E+01   -3.5402470E+00   -7.1890818E+00   -8.2032483E+00   -7.1090149E+00   -1.0674004E+01   -1.1118638E+01   -1.8997452E+01   -2.7244094E+01   -8.4752590E+00   -7.9963244E+00   -1.0329726E+01   -1.2686806E+01   -7.9843397E+00   -1.1844180E+01   -7.7745796E+00
    2.2500000E+00    5.9968294E+00   -5.9885786E+00   -3.9999999E+00   -4.4523042E+00   -4.6446284E+00   -4.8416327E+00   -7.7765949E+00   -4.1982985E+00   -3.0896558E+00   -3.4642828E+00   -6.4486746E+00   -7.1555827E+00   -1.4914458E+01   -1.4000000E+01   -1.4000004E+01   -4.8004227E+00   -1.4000000E+01   -3.2300494E+00   -3.0000000E+01   -3.5278004E+00   -7.2449557E+00   -8.2289956E+00   -7.1794834E+00   -1.0683856E+01   -1.1148119E+01   -1.9023155E+01   -2.7289736E+01   -8.4600379E+00   -7.9683458E+00   -1.0327446E+01   -1.2704466E+01   -7.9969657E+00   -1.1783513E+01   -7.7291338E+00
    2.4300000E+00    6.0112839E+00   -6.0028900E+00   -3.9999999E+00   -4.4223203E+00   -4.6177726E+00   -4.8414987E+00   -7.8588820E+00   -4.1663152E+00   -3.0923909E+00   -3.4642974E+00   -6.4486752E+00   -7.1818482E+00   -1.4956521E+01   -1.4000000E+01   -1.4000004E+01   -4.7626341E+00   -1.4000000E+01   -3.2116055E+00   -3.0000000E+01   -3.5159287E+00   -7.2994736E+00   -8.2546046E+00   -7.2480043E+00   -1.0696109E+01   -1.1176417E+01   -1.9050620E+01   -2.7333546E+01   -8.4454314E+00   -7.9415682E+00   -1.0328131E+01   -1.2721495E+01   -8.0119524E+00   -1.1727354E+01   -7.6875817E+00
    2.6100000E+00    6.0251813E+00   -6.0166494E+00   -3.9999999E+00   -4.3951092E+00   -4.5928101E+00   -4.8414648E+00   -7.9360150E+00   -4.1376455E+00   -3.0950886E+00   -3.4643122E+00   -6.4486757E+00   -7.2095236E+00   -1.4996970E+01   -1.4000000E+01   -1.4000003E+01   -4.7283397E+00   -1.4000000E+01   -3.1939130E+00   -3.0000000E+01   -3.5045820E+00   -7.3499107E+00   -8.2772470E+00   -7.3119031E+00   -1.0710313E+01   -1.1203631E+01   -1.9079453E+01   -2.7375677E+01   -8.4313873E+00   -7.9158883E+00   -1.0331281E+01   -1.2737944E+01   -8.0288528E+00   -1.1675045E+01   -7.6493168E+00
    2.7900000E+00    6.0385649E+00   -6.0298999E+00   -3.9999999E+00   -4.3702398E+00   -4.5695014E+00   -4.8415275E+00   -8.0086003E+00   -4.1117459E+00   -3.0977505E+00   -3.4643270E+00   -6.4486762E+00   -7.2382240E+00   -1.5035927E+01   -1.4000000E+01   -1.4000003E+01   -4.6969715E+00   -1.4000000E+01   -3.1769131E+00   -3.0000000E+01   -3.4937182E+00   -7.3967898E+00   -8.2973588E+00   -7.3717447E+00   -1.0726041E+01   -1.1229845E+01   -1.9109272E+01   -2.7416261E+01   -8.4178618E+00   -7.8912199E+00   -1.0336429E+01   -1.2753856E+01   -8.0472420E+00   -1.1626069E+01   -7.6138667E+00
    2.9700000E+00    6.0514736E+00   -6.0426798E+00   -3.9999999E+00   -4.3473720E+00   -4.5476491E+00   -4.8416837E+00   -8.0772051E+00   -4.0881935E+00   -3.1003786E+00   -3.4643420E+00   -6.4486767E+00   -7.2675845E+00   -1.5073505E+01   -1.4000000E+01   -1.4000003E+01   -4.6680884E+00   -1.4000000E+01   -3.1605537E+00   -3.0000000E+01   -3.4833000E+00   -7.4406031E+00   -8.3153547E+00   -7.4280591E+00   -1.0742891E+01   -1.1255133E+01   -1.9139715E+01   -2.7455412E+01   -8.4048158E+00   -7.8674855E+00   -1.0343134E+01   -1.2769269E+01   -8.0667189E+00   -1.1580011E+01   -7.5808548E+00
    3.1500000E+00    6.0639422E+00   -6.0550238E+00   -3.9999999E+00   -4.3262331E+00   -4.5270887E+00   -4.8419303E+00   -8.1422924E+00   -4.0666533E+00   -3.1029744E+00   -3.4643571E+00   -6.4486772E+00   -7.2972668E+00   -1.5109805E+01   -1.4000000E+01   -1.4000003E+01   -4.6413410E+00   -1.4000000E+01   -3.1447882E+00   -3.0000000E+01   -3.4732939E+00   -7.4817462E+00   -8.3315605E+00   -7.4812761E+00   -1.0760490E+01   -1.1279562E+01   -1.9170446E+01   -2.7493235E+01   -8.3922141E+00   -7.8446159E+00   -1.0350993E+01   -1.2784219E+01   -8.0869127E+00   -1.1536529E+01   -7.5499752E+00
    3.3300000E+00    6.0760021E+00   -6.0669628E+00   -3.9999999E+00   -4.3066012E+00   -4.5076819E+00   -4.8422642E+00   -8.2042445E+00   -4.0468554E+00   -3.1055394E+00   -3.4643723E+00   -6.4486777E+00   -7.3269649E+00   -1.5144915E+01   -1.4000000E+01   -1.4000003E+01   -4.6164481E+00   -1.4000000E+01   -3.1295750E+00   -3.0000000E+01   -3.4636697E+00   -7.5205409E+00   -8.3462355E+00   -7.5317478E+00   -1.0778502E+01   -1.1303192E+01   -1.9201162E+01   -2.7529822E+01   -8.3800251E+00   -7.8225489E+00   -1.0359638E+01   -1.2798737E+01   -8.1074888E+00   -1.1495342E+01   -7.5209768E+00
    3.5100000E+00    6.0876815E+00   -6.0785249E+00   -3.9999999E+00   -4.2882936E+00   -4.4893112E+00   -4.8426823E+00   -8.2633810E+00   -4.0285794E+00   -3.1080752E+00   -3.4643876E+00   -6.4486782E+00   -7.3564116E+00   -1.5178918E+01   -1.4000000E+01   -1.4000002E+01   -4.5931798E+00   -1.4000000E+01   -3.1148768E+00   -3.0000000E+01   -3.4544006E+00   -7.5572526E+00   -8.3595884E+00   -7.5797670E+00   -1.0796632E+01   -1.1326077E+01   -1.9231596E+01   -2.7565258E+01   -8.3682204E+00   -7.8012285E+00   -1.0368750E+01   -1.2812849E+01   -8.1281539E+00   -1.1456210E+01   -7.4936502E+00
    3.6900000E+00    6.0990057E+00   -6.0897353E+00   -3.9999999E+00   -4.2711580E+00   -4.4718758E+00   -4.8431819E+00   -8.3199725E+00   -4.0116433E+00   -3.1105831E+00   -3.4644031E+00   -6.4486787E+00   -7.3853822E+00   -1.5211886E+01   -1.4000000E+01   -1.4000002E+01   -4.5713462E+00   -1.4000000E+01   -3.1006598E+00   -3.0000000E+01   -3.4454622E+00   -7.5921027E+00   -8.3717900E+00   -7.6255798E+00   -1.0814631E+01   -1.1348267E+01   -1.9261527E+01   -2.7599618E+01   -8.3567743E+00   -7.7806043E+00   -1.0378053E+01   -1.2826583E+01   -8.1486597E+00   -1.1418933E+01   -7.4678193E+00
    3.8700000E+00    6.1099979E+00   -6.1006167E+00   -3.9999999E+00   -4.2550662E+00   -4.4552890E+00   -4.8437602E+00   -8.3742504E+00   -3.9958950E+00   -3.1130644E+00   -3.4644187E+00   -6.4486791E+00   -7.4136970E+00   -1.5243886E+01   -1.4000000E+01   -1.4000002E+01   -4.5507882E+00   -1.4000000E+01   -3.0868934E+00   -3.0000000E+01   -3.4368324E+00   -7.6252781E+00   -8.3829811E+00   -7.6693957E+00   -1.0832297E+01   -1.1369805E+01   -1.9290776E+01   -2.7632973E+01   -8.3456636E+00   -7.7606307E+00   -1.0387326E+01   -1.2839961E+01   -8.1688057E+00   -1.1383337E+01   -7.4433345E+00
    4.0500000E+00    6.1206789E+00   -6.1111899E+00   -3.9999999E+00   -4.2399094E+00   -4.4394753E+00   -4.8444143E+00   -8.4264143E+00   -3.9812060E+00   -3.1155202E+00   -3.4644344E+00   -6.4486796E+00   -7.4412215E+00   -1.5274979E+01   -1.4000000E+01   -1.4000002E+01   -4.5313716E+00   -1.4000000E+01   -3.0735501E+00   -3.0000000E+01   -3.4284916E+00   -7.6569382E+00   -8.3932792E+00   -7.7113943E+00   -1.0849474E+01   -1.1390732E+01   -1.9319210E+01   -2.7665383E+01   -8.3348671E+00   -7.7412665E+00   -1.0396393E+01   -1.2853004E+01   -8.1884379E+00   -1.1349273E+01   -7.4200673E+00
    4.2300000E+00    6.1310676E+00   -6.1214737E+00   -3.9999999E+00   -4.2255946E+00   -4.4243688E+00   -4.8451417E+00   -8.4766378E+00   -3.9674674E+00   -3.1179518E+00   -3.4644503E+00   -6.4486801E+00   -7.4678638E+00   -1.5305218E+01   -1.4000000E+01   -1.4000002E+01   -4.5129820E+00   -1.4000000E+01   -3.0606045E+00   -3.0000000E+01   -3.4204216E+00   -7.6872199E+00   -8.4027835E+00   -7.7517310E+00   -1.0866053E+01   -1.1411085E+01   -1.9346739E+01   -2.7696907E+01   -8.3243658E+00   -7.7224739E+00   -1.0405126E+01   -1.2865733E+01   -8.2074474E+00   -1.1316612E+01   -7.3979071E+00
    4.4100000E+00    6.1411815E+00   -6.1314853E+00   -3.9999999E+00   -4.2120415E+00   -4.4099114E+00   -4.8459398E+00   -8.5250730E+00   -3.9545854E+00   -3.1203600E+00   -3.4644663E+00   -6.4486805E+00   -7.4935713E+00   -1.5334655E+01   -1.4000000E+01   -1.4000002E+01   -4.4955211E+00   -1.4000000E+01   -3.0480337E+00   -3.0000000E+01   -3.4126059E+00   -7.7162420E+00   -8.4115779E+00   -7.7905413E+00   -1.0881964E+01   -1.1430897E+01   -1.9373311E+01   -2.7727596E+01   -8.3141421E+00   -7.7042188E+00   -1.0413441E+01   -1.2878164E+01   -8.2257656E+00   -1.1285238E+01   -7.3767576E+00
    4.5900000E+00    6.1510363E+00   -6.1412403E+00   -3.9999999E+00   -4.1991805E+00   -4.3960522E+00   -4.8468062E+00   -8.5718540E+00   -3.9424793E+00   -3.1227460E+00   -3.4644825E+00   -6.4486810E+00   -7.5183246E+00   -1.5363336E+01   -1.4000000E+01   -1.4000002E+01   -4.4789039E+00   -1.4000000E+01   -3.0358165E+00   -3.0000000E+01   -3.4050297E+00   -7.7441079E+00   -8.4197342E+00   -7.8279442E+00   -1.0897172E+01   -1.1450200E+01   -1.9398908E+01   -2.7757498E+01   -8.3041801E+00   -7.6864700E+00   -1.0421286E+01   -1.2890315E+01   -8.2433587E+00   -1.1255053E+01   -7.3565343E+00
    4.7700000E+00    6.1606465E+00   -6.1507531E+00   -3.9999999E+00   -4.1869510E+00   -4.3827455E+00   -4.8477384E+00   -8.6170996E+00   -3.9310788E+00   -3.1251106E+00   -3.4644988E+00   -6.4486814E+00   -7.5421316E+00   -1.5391304E+01   -1.4000000E+01   -1.4000001E+01   -4.4630563E+00   -1.4000000E+01   -3.0239336E+00   -3.0000000E+01   -3.3976790E+00   -7.7709086E+00   -8.4273143E+00   -7.8640448E+00   -1.0911671E+01   -1.1469022E+01   -1.9423539E+01   -2.7786658E+01   -8.2944651E+00   -7.6691986E+00   -1.0428644E+01   -1.2902201E+01   -8.2602213E+00   -1.1225966E+01   -7.3371630E+00
    4.9500000E+00    6.1700257E+00   -6.1600371E+00   -3.9999999E+00   -4.1752994E+00   -4.3699509E+00   -4.8487343E+00   -8.6609158E+00   -3.9203225E+00   -3.1274546E+00   -3.4645153E+00   -6.4486819E+00   -7.5650207E+00   -1.5418596E+01   -1.4000000E+01   -1.4000001E+01   -4.4479136E+00   -1.4000000E+01   -3.0123672E+00   -3.0000000E+01   -3.3905414E+00   -7.7967242E+00   -8.4343717E+00   -7.8989361E+00   -1.0925476E+01   -1.1487389E+01   -1.9447234E+01   -2.7815116E+01   -8.2849836E+00   -7.6523785E+00   -1.0435516E+01   -1.2913836E+01   -8.2763698E+00   -1.1197899E+01   -7.3185781E+00
    5.1300000E+00    6.1791859E+00   -6.1691043E+00   -3.9999999E+00   -4.1641788E+00   -4.3576320E+00   -4.8497915E+00   -8.7033977E+00   -3.9101564E+00   -3.1297790E+00   -3.4645319E+00   -6.4486823E+00   -7.5870350E+00   -1.5445249E+01   -1.4000000E+01   -1.4000001E+01   -4.4334187E+00   -1.4000000E+01   -3.0011009E+00   -3.0000000E+01   -3.3836052E+00   -7.8216261E+00   -8.4409530E+00   -7.9327015E+00   -1.0938619E+01   -1.1505326E+01   -1.9470036E+01   -2.7842909E+01   -8.2757232E+00   -7.6359853E+00   -1.0441922E+01   -1.2925232E+01   -8.2918362E+00   -1.1170782E+01   -7.3007211E+00
    5.3100000E+00    6.1881387E+00   -6.1779661E+00   -3.9999999E+00   -4.1535475E+00   -4.3457564E+00   -4.8509080E+00   -8.7446307E+00   -3.9005328E+00   -3.1320845E+00   -3.4645488E+00   -6.4486828E+00   -7.6082264E+00   -1.5471297E+01   -1.4000000E+01   -1.4000001E+01   -4.4195209E+00   -1.4000000E+01   -2.9901195E+00   -3.0000000E+01   -3.3768597E+00   -7.8456777E+00   -8.4470992E+00   -7.9654155E+00   -1.0951140E+01   -1.1522855E+01   -1.9491999E+01   -2.7870071E+01   -8.2666725E+00   -7.6199966E+00   -1.0447894E+01   -1.2936404E+01   -8.3066620E+00   -1.1144550E+01   -7.2835399E+00
    5.4900000E+00    6.1968944E+00   -6.1866329E+00   -3.9999999E+00   -4.1433684E+00   -4.3342946E+00   -4.8520816E+00   -8.7846919E+00   -3.8914095E+00   -3.1343718E+00   -3.4645657E+00   -6.4486832E+00   -7.6286515E+00   -1.5496770E+01   -1.4000000E+01   -1.4000001E+01   -4.4061755E+00   -1.4000000E+01   -2.9794089E+00   -3.0000000E+01   -3.3702951E+00   -7.8689361E+00   -8.4528460E+00   -7.9971453E+00   -1.0963086E+01   -1.1539997E+01   -1.9513179E+01   -2.7896635E+01   -8.2578208E+00   -7.6043919E+00   -1.0453466E+01   -1.2947361E+01   -8.3208944E+00   -1.1119146E+01   -7.2669877E+00
    5.6700000E+00    6.2054629E+00   -6.1951142E+00   -3.9999999E+00   -4.1336083E+00   -4.3232200E+00   -4.8533104E+00   -8.8236514E+00   -3.8827488E+00   -3.1366417E+00   -3.4645829E+00   -6.4486837E+00   -7.6483680E+00   -1.5521698E+01   -1.4000000E+01   -1.4000001E+01   -4.3933422E+00   -1.4000000E+01   -2.9689561E+00   -3.0000000E+01   -3.3639022E+00   -7.8914524E+00   -8.4582253E+00   -8.0279516E+00   -1.0974505E+01   -1.1556771E+01   -1.9533635E+01   -2.7922631E+01   -8.2491582E+00   -7.5891520E+00   -1.0458680E+01   -1.2958114E+01   -8.3345822E+00   -1.1094517E+01   -7.2510223E+00
    5.8500000E+00    6.2138533E+00   -6.2034191E+00   -3.9999999E+00   -4.1242374E+00   -4.3125083E+00   -4.8545925E+00   -8.8615729E+00   -3.8745167E+00   -3.1388948E+00   -3.4646002E+00   -6.4486841E+00   -7.6674318E+00   -1.5546105E+01   -1.4000000E+01   -1.4000001E+01   -4.3809850E+00   -1.4000000E+01   -2.9587490E+00   -3.0000000E+01   -3.3576725E+00   -7.9132730E+00   -8.4632652E+00   -8.0578894E+00   -1.0985444E+01   -1.1573195E+01   -1.9553424E+01   -2.7948085E+01   -8.2406757E+00   -7.5742590E+00   -1.0463573E+01   -1.2968672E+01   -8.3477734E+00   -1.1070618E+01   -7.2356057E+00
    6.0300000E+00    6.2220739E+00   -6.2115560E+00   -3.9999999E+00   -4.1152290E+00   -4.3021377E+00   -4.8559260E+00   -8.8985147E+00   -3.8666832E+00   -3.1411318E+00   -3.4646177E+00   -6.4486845E+00   -7.6858959E+00   -1.5570018E+01   -1.4000000E+01   -1.4000001E+01   -4.3690717E+00   -1.4000000E+01   -2.9487763E+00   -3.0000000E+01   -3.3515983E+00   -7.9344397E+00   -8.4679908E+00   -8.0870091E+00   -1.0995948E+01   -1.1589285E+01   -1.9572599E+01   -2.7973024E+01   -8.2323647E+00   -7.5596964E+00   -1.0468183E+01   -1.2979046E+01   -8.3605133E+00   -1.1047405E+01   -7.2207033E+00
    6.2100000E+00    6.2301326E+00   -6.2195327E+00   -3.9999999E+00   -4.1065587E+00   -4.2920881E+00   -4.8573091E+00   -8.9345302E+00   -3.8592208E+00   -3.1433532E+00   -3.4646353E+00   -6.4486850E+00   -7.7038091E+00   -1.5593459E+01   -1.4000000E+01   -1.4000001E+01   -4.3575728E+00   -1.4000000E+01   -2.9390275E+00   -3.0000000E+01   -3.3456721E+00   -7.9549909E+00   -8.4724245E+00   -8.1153563E+00   -1.1006058E+01   -1.1605058E+01   -1.9591209E+01   -2.7997471E+01   -8.2242173E+00   -7.5454488E+00   -1.0472544E+01   -1.2989244E+01   -8.3728436E+00   -1.1024837E+01   -7.2062839E+00
    6.3900000E+00    6.2380368E+00   -6.2273564E+00   -3.9999999E+00   -4.0982048E+00   -4.2823411E+00   -4.8587403E+00   -8.9696683E+00   -3.8521048E+00   -3.1455598E+00   -3.4646532E+00   -6.4486854E+00   -7.7212157E+00   -1.5616450E+01   -1.4000000E+01   -1.4000001E+01   -4.3464621E+00   -1.4000000E+01   -2.9294927E+00   -3.0000000E+01   -3.3398871E+00   -7.9749614E+00   -8.4765865E+00   -8.1429731E+00   -1.1015811E+01   -1.1620528E+01   -1.9609301E+01   -2.8021450E+01   -8.2162260E+00   -7.5315018E+00   -1.0476685E+01   -1.2999273E+01   -8.3848023E+00   -1.1002881E+01   -7.1923187E+00
    6.5700000E+00    6.2457935E+00   -6.2350341E+00   -3.9999999E+00   -4.0901472E+00   -4.2728798E+00   -4.8602177E+00   -9.0039745E+00   -3.8453128E+00   -3.1477520E+00   -3.4646712E+00   -6.4486858E+00   -7.7381555E+00   -1.5639011E+01   -1.4000000E+01   -1.4000001E+01   -4.3357153E+00   -1.4000000E+01   -2.9201627E+00   -3.0000000E+01   -3.3342371E+00   -7.9943830E+00   -8.4804949E+00   -8.1698983E+00   -1.1025240E+01   -1.1635708E+01   -1.9626912E+01   -2.8044980E+01   -8.2083838E+00   -7.5178419E+00   -1.0480635E+01   -1.3009141E+01   -8.3964228E+00   -1.0981501E+01   -7.1787817E+00
    6.7500000E+00    6.2534091E+00   -6.2425721E+00   -3.9999999E+00   -4.0823678E+00   -4.2636887E+00   -4.8617399E+00   -9.0374907E+00   -3.8388246E+00   -3.1499307E+00   -3.4646895E+00   -6.4486863E+00   -7.7546640E+00   -1.5661162E+01   -1.4000000E+01   -1.4000001E+01   -4.3253106E+00   -1.4000000E+01   -2.9110290E+00   -3.0000000E+01   -3.3287159E+00   -8.0132853E+00   -8.4841660E+00   -8.1961675E+00   -1.1034374E+01   -1.1650612E+01   -1.9644081E+01   -2.8068083E+01   -8.2006842E+00   -7.5044565E+00   -1.0484416E+01   -1.3018856E+01   -8.4077350E+00   -1.0960669E+01   -7.1656487E+00
    6.9300000E+00    6.2608898E+00   -6.2499767E+00   -3.9999999E+00   -4.0748501E+00   -4.2547535E+00   -4.8633052E+00   -9.0702558E+00   -3.8326214E+00   -3.1520964E+00   -3.4647079E+00   -6.4486867E+00   -7.7707726E+00   -1.5682920E+01   -1.4000000E+01   -1.4000001E+01   -4.3152278E+00   -1.4000000E+01   -2.9020834E+00   -3.0000000E+01   -3.3233181E+00   -8.0316953E+00   -8.4876145E+00   -8.2218139E+00   -1.1043239E+01   -1.1665251E+01   -1.9660838E+01   -2.8090776E+01   -8.1931209E+00   -7.4913336E+00   -1.0488048E+01   -1.3028423E+01   -8.4187651E+00   -1.0940354E+01   -7.1528979E+00
    7.1100000E+00    6.2682416E+00   -6.2572536E+00   -3.9999999E+00   -4.0675787E+00   -4.2460611E+00   -4.8649124E+00   -9.1023065E+00   -3.8266863E+00   -3.1542499E+00   -3.4647265E+00   -6.4486871E+00   -7.7865095E+00   -1.5704303E+01   -1.4000000E+01   -1.4000001E+01   -4.3054488E+00   -1.4000000E+01   -2.8933184E+00   -3.0000000E+01   -3.3180385E+00   -8.0496383E+00   -8.4908539E+00   -8.2468684E+00   -1.1051857E+01   -1.1679638E+01   -1.9677213E+01   -2.8113078E+01   -8.1856880E+00   -7.4784619E+00   -1.0491548E+01   -1.3037851E+01   -8.4295361E+00   -1.0920532E+01   -7.1405088E+00
    7.2900000E+00    6.2754701E+00   -6.2644085E+00   -3.9999999E+00   -4.0605398E+00   -4.2375991E+00   -4.8665598E+00   -9.1336772E+00   -3.8210038E+00   -3.1563920E+00   -3.4647453E+00   -6.4486876E+00   -7.8018997E+00   -1.5725327E+01   -1.4000000E+01   -1.4000001E+01   -4.2959565E+00   -1.4000000E+01   -2.8847267E+00   -3.0000000E+01   -3.3128721E+00   -8.0671376E+00   -8.4938962E+00   -8.2713599E+00   -1.1060249E+01   -1.1693783E+01   -1.9693230E+01   -2.8135005E+01   -8.1783797E+00   -7.4658308E+00   -1.0494932E+01   -1.3047145E+01   -8.4400684E+00   -1.0901177E+01   -7.1284627E+00
    7.4700000E+00    6.2825808E+00   -6.2714469E+00   -3.9999999E+00   -4.0537206E+00   -4.2293564E+00   -4.8682463E+00   -9.1644008E+00   -3.8155595E+00   -3.1585237E+00   -3.4647643E+00   -6.4486880E+00   -7.8169661E+00   -1.5746009E+01   -1.4000000E+01   -1.4000001E+01   -4.2867355E+00   -1.4000000E+01   -2.8763018E+00   -3.0000000E+01   -3.3078143E+00   -8.0842153E+00   -8.4967524E+00   -8.2953161E+00   -1.1068430E+01   -1.1707697E+01   -1.9708914E+01   -2.8156575E+01   -8.1711904E+00   -7.4534299E+00   -1.0498212E+01   -1.3056312E+01   -8.4503804E+00   -1.0882268E+01   -7.1167424E+00
    7.6500000E+00    6.2895794E+00   -6.2783743E+00   -3.9999999E+00   -4.0471093E+00   -4.2213224E+00   -4.8699705E+00   -9.1945089E+00   -3.8103403E+00   -3.1606464E+00   -3.4647835E+00   -6.4486884E+00   -7.8317292E+00   -1.5766364E+01   -1.4000000E+01   -1.4000001E+01   -4.2777715E+00   -1.4000000E+01   -2.8680372E+00   -3.0000000E+01   -3.3028609E+00   -8.1008925E+00   -8.4994324E+00   -8.3187632E+00   -1.1076416E+01   -1.1721392E+01   -1.9724284E+01   -2.8177805E+01   -8.1641145E+00   -7.4412492E+00   -1.0501399E+01   -1.3065358E+01   -8.4604888E+00   -1.0863781E+01   -7.1053318E+00
    7.8300000E+00    6.2964716E+00   -6.2851964E+00   -3.9999999E+00   -4.0406949E+00   -4.2134873E+00   -4.8717311E+00   -9.2240329E+00   -3.8053342E+00   -3.1627616E+00   -3.4648030E+00   -6.4486889E+00   -7.8462087E+00   -1.5786411E+01   -1.4000000E+01   -1.4000001E+01   -4.2690513E+00   -1.4000000E+01   -2.8599269E+00   -3.0000000E+01   -3.2980078E+00   -8.1171894E+00   -8.5019450E+00   -8.3417271E+00   -1.1084222E+01   -1.1734878E+01   -1.9739361E+01   -2.8198711E+01   -8.1571463E+00   -7.4292788E+00   -1.0504504E+01   -1.3074292E+01   -8.4704089E+00   -1.0845697E+01   -7.0942160E+00
    8.0100000E+00    6.3032633E+00   -6.2919192E+00   -3.9999999E+00   -4.0344673E+00   -4.2058423E+00   -4.8735236E+00   -9.2530046E+00   -3.8005301E+00   -3.1648718E+00   -3.4648226E+00   -6.4486893E+00   -7.8604203E+00   -1.5806166E+01   -1.4000000E+01   -1.4000001E+01   -4.2605629E+00   -1.4000000E+01   -2.8519675E+00   -3.0000000E+01   -3.2932511E+00   -8.1331259E+00   -8.5042981E+00   -8.3642338E+00   -1.1091857E+01   -1.1748168E+01   -1.9754161E+01   -2.8219313E+01   -8.1502797E+00   -7.4175088E+00   -1.0507531E+01   -1.3083121E+01   -8.4801531E+00   -1.0827995E+01   -7.0833812E+00
    8.1900000E+00    6.3100520E+00   -6.2986410E+00   -3.9999999E+00   -4.0279680E+00   -4.1991897E+00   -4.8639708E+00   -9.2845324E+00   -3.7961246E+00   -3.1669948E+00   -3.4648426E+00   -6.4486897E+00   -7.8572883E+00   -1.5825998E+01   -1.4000000E+01   -1.4000001E+01   -4.2527865E+00   -1.4000000E+01   -2.8518361E+00   -3.0000000E+01   -3.2885123E+00   -8.1516090E+00   -8.5092038E+00   -8.3892902E+00   -1.1082145E+01   -1.1761528E+01   -1.9751600E+01   -2.8239967E+01   -8.1434181E+00   -7.4057659E+00   -1.0493226E+01   -1.3092031E+01   -8.4725635E+00   -1.0810041E+01   -7.0722885E+00
    8.3700000E+00    6.3167449E+00   -6.3052680E+00   -3.9999999E+00   -4.0216576E+00   -4.1927354E+00   -4.8545719E+00   -9.3132361E+00   -3.7919188E+00   -3.1691155E+00   -3.4648629E+00   -6.4486901E+00   -7.8618466E+00   -1.5845456E+01   -1.4000000E+01   -1.4000001E+01   -4.2451630E+00   -1.4000000E+01   -2.8517047E+00   -3.0000000E+01   -3.2838682E+00   -8.1674510E+00   -8.5116599E+00   -8.4116130E+00   -1.1080216E+01   -1.1774606E+01   -1.9756721E+01   -2.8260235E+01   -8.1366535E+00   -7.3942168E+00   -1.0486796E+01   -1.3100748E+01   -8.4727544E+00   -1.0792464E+01   -7.0614770E+00
    8.5500000E+00    6.3233361E+00   -6.3117943E+00   -3.9999999E+00   -4.0155266E+00   -4.1864592E+00   -4.8453305E+00   -9.3414063E+00   -3.7879030E+00   -3.1712242E+00   -3.4648835E+00   -6.4486906E+00   -7.8704641E+00   -1.5864631E+01   -1.4000000E+01   -1.4000001E+01   -4.2376977E+00   -1.4000000E+01   -2.8515733E+00   -3.0000000E+01   -3.2793151E+00   -8.1829548E+00   -8.5139814E+00   -8.4334991E+00   -1.1082444E+01   -1.1787497E+01   -1.9765893E+01   -2.8280207E+01   -8.1299918E+00   -7.3828638E+00   -1.0484612E+01   -1.3109364E+01   -8.4770911E+00   -1.0775259E+01   -7.0509336E+00
    8.7300000E+00    6.3298292E+00   -6.3182236E+00   -3.9999999E+00   -4.0095661E+00   -4.1803443E+00   -4.8362499E+00   -9.3690751E+00   -3.7840676E+00   -3.1733214E+00   -3.4649043E+00   -6.4486910E+00   -7.8811945E+00   -1.5883527E+01   -1.4000000E+01   -1.4000001E+01   -4.2303931E+00   -1.4000000E+01   -2.8514419E+00   -3.0000000E+01   -3.2748494E+00   -8.1981452E+00   -8.5161857E+00   -8.4549770E+00   -1.1086881E+01   -1.1800202E+01   -1.9777169E+01   -2.8299888E+01   -8.1234292E+00   -7.3716994E+00   -1.0484722E+01   -1.3117878E+01   -8.4836242E+00   -1.0758409E+01   -7.0406461E+00
    8.9100000E+00    6.3362278E+00   -6.3245594E+00   -3.9999999E+00   -4.0037679E+00   -4.1743769E+00   -4.8273332E+00   -9.3962617E+00   -3.7804038E+00   -3.1754073E+00   -3.4649253E+00   -6.4486914E+00   -7.8929763E+00   -1.5902153E+01   -1.4000000E+01   -1.4000001E+01   -4.2232490E+00   -1.4000000E+01   -2.8513106E+00   -3.0000000E+01   -3.2704680E+00   -8.2130346E+00   -8.5182779E+00   -8.4760625E+00   -1.1092460E+01   -1.1812726E+01   -1.9789489E+01   -2.8319286E+01   -8.1169621E+00   -7.3607168E+00   -1.0486056E+01   -1.3126292E+01   -8.4912888E+00   -1.0741899E+01   -7.0306031E+00
    9.0900000E+00    6.3425352E+00   -6.3308048E+00   -3.9999999E+00   -3.9981244E+00   -4.1685457E+00   -4.8185830E+00   -9.4229835E+00   -3.7769033E+00   -3.1774822E+00   -3.4649465E+00   -6.4486918E+00   -7.9052300E+00   -1.5920515E+01   -1.4000000E+01   -1.4000000E+01   -4.2162634E+00   -1.4000000E+01   -2.8511793E+00   -3.0000000E+01   -3.2661678E+00   -8.2276343E+00   -8.5202628E+00   -8.4967699E+00   -1.1098600E+01   -1.1825074E+01   -1.9802272E+01   -2.8338409E+01   -8.1105872E+00   -7.3499096E+00   -1.0488031E+01   -1.3134606E+01   -8.4995027E+00   -1.0725714E+01   -7.0207941E+00
    9.2700000E+00    6.3487544E+00   -6.3369630E+00   -3.9999999E+00   -3.9926284E+00   -4.1628423E+00   -4.8100012E+00   -9.4492571E+00   -3.7735586E+00   -3.1795463E+00   -3.4649680E+00   -6.4486923E+00   -7.9176427E+00   -1.5938621E+01   -1.4000000E+01   -1.4000000E+01   -4.2094320E+00   -1.4000000E+01   -2.8510481E+00   -3.0000000E+01   -3.2619460E+00   -8.2419548E+00   -8.5221448E+00   -8.5171128E+00   -1.1104984E+01   -1.1837250E+01   -1.9815207E+01   -2.8357266E+01   -8.1043014E+00   -7.3392717E+00   -1.0490326E+01   -1.3142823E+01   -8.5079503E+00   -1.0709844E+01   -7.0112092E+00
    9.4500000E+00    6.3548883E+00   -6.3430368E+00   -3.9999999E+00   -3.9872734E+00   -4.1572603E+00   -4.8015893E+00   -9.4750976E+00   -3.7703625E+00   -3.1815999E+00   -3.4649897E+00   -6.4486927E+00   -7.9300487E+00   -1.5956480E+01   -1.4000000E+01   -1.4000000E+01   -4.2027490E+00   -1.4000000E+01   -2.8509169E+00   -3.0000000E+01   -3.2577999E+00   -8.2560059E+00   -8.5239281E+00   -8.5371038E+00   -1.1111444E+01   -1.1849260E+01   -1.9828128E+01   -2.8375865E+01   -8.0981018E+00   -7.3287976E+00   -1.0492771E+01   -1.3150945E+01   -8.5164632E+00   -1.0694274E+01   -7.0018389E+00
    9.6300000E+00    6.3609395E+00   -6.3490287E+00   -3.9999999E+00   -3.9820529E+00   -4.1517954E+00   -4.7933482E+00   -9.5005193E+00   -3.7673081E+00   -3.1836431E+00   -3.4650117E+00   -6.4486931E+00   -7.9423625E+00   -1.5974099E+01   -1.4000000E+01   -1.4000000E+01   -4.1962070E+00   -1.4000000E+01   -2.8507858E+00   -3.0000000E+01   -3.2537269E+00   -8.2697968E+00   -8.5256165E+00   -8.5567545E+00   -1.1117892E+01   -1.1861108E+01   -1.9840950E+01   -2.8394213E+01   -8.0919859E+00   -7.3184820E+00   -1.0495275E+01   -1.3158976E+01   -8.5249534E+00   -1.0678993E+01   -6.9926745E+00
    9.8100000E+00    6.3669105E+00   -6.3549413E+00   -3.9999999E+00   -3.9769613E+00   -4.1464454E+00   -4.7852780E+00   -9.5255354E+00   -3.7643893E+00   -3.1856757E+00   -3.4650339E+00   -6.4486935E+00   -7.9545421E+00   -1.5991485E+01   -1.4000000E+01   -1.4000000E+01   -4.1897971E+00   -1.4000000E+01   -2.8506547E+00   -3.0000000E+01   -3.2497245E+00   -8.2833360E+00   -8.5272138E+00   -8.5760759E+00   -1.1124284E+01   -1.1872799E+01   -1.9853631E+01   -2.8412318E+01   -8.0859510E+00   -7.3083198E+00   -1.0497791E+01   -1.3166917E+01   -8.5333769E+00   -1.0663991E+01   -6.9837079E+00
    9.9900000E+00    6.3728034E+00   -6.3607765E+00   -3.9999999E+00   -3.9719928E+00   -4.1412094E+00   -4.7773784E+00   -9.5501579E+00   -3.7616000E+00   -3.1876978E+00   -3.4650564E+00   -6.4486940E+00   -7.9665686E+00   -1.6008644E+01   -1.4000000E+01   -1.4000000E+01   -4.1835094E+00   -1.4000000E+01   -2.8505236E+00   -3.0000000E+01   -3.2457905E+00   -8.2966315E+00   -8.5287233E+00   -8.5950779E+00   -1.1130597E+01   -1.1884337E+01   -1.9866151E+01   -2.8430186E+01   -8.0799951E+00   -7.2983066E+00   -1.0500297E+01   -1.3174770E+01   -8.5417122E+00   -1.0649258E+01   -6.9749312E+00
    1.0170000E+01    6.3786201E+00   -6.3665363E+00   -3.9999999E+00   -3.9671425E+00   -4.1360882E+00   -4.7696480E+00   -9.5743975E+00   -3.7589346E+00   -3.1897090E+00   -3.4650792E+00   -6.4486944E+00   -7.9784347E+00   -1.6025581E+01   -1.4000000E+01   -1.4000000E+01   -4.1773335E+00   -1.4000000E+01   -2.8503926E+00   -3.0000000E+01   -3.2419226E+00   -8.3096903E+00   -8.5301487E+00   -8.6137696E+00   -1.1136825E+01   -1.1895726E+01   -1.9878505E+01   -2.8447824E+01   -8.0741162E+00   -7.2884381E+00   -1.0502780E+01   -1.3182536E+01   -8.5499499E+00   -1.0634785E+01   -6.9663370E+00
    1.0350000E+01    6.3843621E+00   -6.3722221E+00   -3.9999999E+00   -3.9624054E+00   -4.1310829E+00   -4.7620850E+00   -9.5982633E+00   -3.7563880E+00   -3.1917086E+00   -3.4651022E+00   -6.4486948E+00   -7.9901385E+00   -1.6042300E+01   -1.4000000E+01   -1.4000000E+01   -4.1712586E+00   -1.4000000E+01   -2.8502616E+00   -3.0000000E+01   -3.2381187E+00   -8.3225188E+00   -8.5314934E+00   -8.6321586E+00   -1.1142962E+01   -1.1906968E+01   -1.9890691E+01   -2.8465234E+01   -8.0683128E+00   -7.2787107E+00   -1.0505236E+01   -1.3190217E+01   -8.5580864E+00   -1.0620563E+01   -6.9579184E+00
    1.0530000E+01    6.3900302E+00   -6.3778348E+00   -3.9999999E+00   -3.9577769E+00   -4.1261948E+00   -4.7546866E+00   -9.6217625E+00   -3.7539551E+00   -3.1936956E+00   -3.4651254E+00   -6.4486953E+00   -8.0016808E+00   -1.6058804E+01   -1.4000000E+01   -1.4000000E+01   -4.1652747E+00   -1.4000000E+01   -2.8501306E+00   -3.0000000E+01   -3.2343767E+00   -8.3351225E+00   -8.5327608E+00   -8.6502511E+00   -1.1149010E+01   -1.1918066E+01   -1.9902709E+01   -2.8482421E+01   -8.0625840E+00   -7.2691214E+00   -1.0507663E+01   -1.3197813E+01   -8.5661203E+00   -1.0606585E+01   -6.9496689E+00
    1.0710000E+01    6.3956248E+00   -6.3833746E+00   -3.9999999E+00   -3.9532526E+00   -4.1214244E+00   -4.7474488E+00   -9.6448992E+00   -3.7516312E+00   -3.1956683E+00   -3.4651490E+00   -6.4486957E+00   -8.0130624E+00   -1.6075094E+01   -1.4000000E+01   -1.4000000E+01   -4.1593734E+00   -1.4000000E+01   -2.8499997E+00   -3.0000000E+01   -3.2306948E+00   -8.3475054E+00   -8.5339546E+00   -8.6680516E+00   -1.1154968E+01   -1.1929020E+01   -1.9914560E+01   -2.8499384E+01   -8.0569296E+00   -7.2596680E+00   -1.0510059E+01   -1.3205321E+01   -8.5740506E+00   -1.0592843E+01   -6.9415822E+00
    1.0890000E+01    6.4011450E+00   -6.3888408E+00   -3.9999999E+00   -3.9488285E+00   -4.1167707E+00   -4.7403653E+00   -9.6676412E+00   -3.7494109E+00   -3.1976240E+00   -3.4651728E+00   -6.4486962E+00   -8.0242833E+00   -1.6091168E+01   -1.4000000E+01   -1.4000000E+01   -4.1535479E+00   -1.4000000E+01   -2.8498688E+00   -3.0000000E+01   -3.2270709E+00   -8.3596365E+00   -8.5350453E+00   -8.6855282E+00   -1.1160838E+01   -1.1939828E+01   -1.9926245E+01   -2.8516123E+01   -8.0513502E+00   -7.2503490E+00   -1.0512422E+01   -1.3212738E+01   -8.5818753E+00   -1.0579334E+01   -6.9336522E+00
    1.1070000E+01    6.4065887E+00   -6.3942312E+00   -3.9999999E+00   -3.9445005E+00   -4.1122307E+00   -4.7334338E+00   -9.6900075E+00   -3.7472898E+00   -3.1995586E+00   -3.4651969E+00   -6.4486966E+00   -8.0353412E+00   -1.6107017E+01   -1.4000000E+01   -1.4000000E+01   -4.1477941E+00   -1.4000000E+01   -2.8497380E+00   -3.0000000E+01   -3.2235032E+00   -8.3715397E+00   -8.5360610E+00   -8.7027023E+00   -1.1166619E+01   -1.1950485E+01   -1.9937761E+01   -2.8532629E+01   -8.0458480E+00   -7.2411648E+00   -1.0514753E+01   -1.3220059E+01   -8.5895906E+00   -1.0566052E+01   -6.9258731E+00
    1.1250000E+01    6.4119515E+00   -6.3995412E+00   -3.9999999E+00   -3.9402649E+00   -4.1077991E+00   -4.7266528E+00   -9.7119955E+00   -3.7452638E+00   -3.2014661E+00   -3.4652212E+00   -6.4486971E+00   -8.0462304E+00   -1.6122630E+01   -1.4000000E+01   -1.4000000E+01   -4.1421106E+00   -1.4000000E+01   -2.8496072E+00   -3.0000000E+01   -3.2199899E+00   -8.3832216E+00   -8.5370174E+00   -8.7195762E+00   -1.1172311E+01   -1.1960984E+01   -1.9949103E+01   -2.8548891E+01   -8.0404275E+00   -7.2321181E+00   -1.0517046E+01   -1.3227272E+01   -8.5971888E+00   -1.0552998E+01   -6.9182395E+00
    1.1430000E+01    6.4172257E+00   -6.4047634E+00   -3.9999999E+00   -3.9361180E+00   -4.1034685E+00   -4.7200208E+00   -9.7335809E+00   -3.7433289E+00   -3.2033371E+00   -3.4652459E+00   -6.4486975E+00   -8.0569396E+00   -1.6137983E+01   -1.4000000E+01   -1.4000000E+01   -4.1364986E+00   -1.4000000E+01   -2.8494764E+00   -3.0000000E+01   -3.2165294E+00   -8.3946727E+00   -8.5379200E+00   -8.7361328E+00   -1.1177909E+01   -1.1971308E+01   -1.9960260E+01   -2.8564885E+01   -8.0350961E+00   -7.2232146E+00   -1.0519297E+01   -1.3234361E+01   -8.6046572E+00   -1.0540173E+01   -6.9107460E+00
    1.1610000E+01    6.4223994E+00   -6.4098855E+00   -3.9999999E+00   -3.9320563E+00   -4.0992296E+00   -4.7135358E+00   -9.7547223E+00   -3.7414812E+00   -3.2051578E+00   -3.4652708E+00   -6.4486980E+00   -8.0674500E+00   -1.6153039E+01   -1.4000000E+01   -1.4000000E+01   -4.1309616E+00   -1.4000000E+01   -2.8493457E+00   -3.0000000E+01   -3.2131199E+00   -8.4058763E+00   -8.5387764E+00   -8.7523432E+00   -1.1183407E+01   -1.1981433E+01   -1.9971213E+01   -2.8580576E+01   -8.0298660E+00   -7.2144646E+00   -1.0521499E+01   -1.3241300E+01   -8.6119754E+00   -1.0527584E+01   -6.9033874E+00
    1.1790000E+01    6.4274536E+00   -6.4148889E+00   -3.9999999E+00   -3.9280762E+00   -4.0950714E+00   -4.7071959E+00   -9.7753546E+00   -3.7397169E+00   -3.2069079E+00   -3.4652961E+00   -6.4486984E+00   -8.0777314E+00   -1.6167743E+01   -1.4000000E+01   -1.4000000E+01   -4.1255047E+00   -1.4000000E+01   -2.8492150E+00   -3.0000000E+01   -3.2097597E+00   -8.4168048E+00   -8.5395963E+00   -8.7681610E+00   -1.1188793E+01   -1.1991322E+01   -1.9981932E+01   -2.8595907E+01   -8.0247559E+00   -7.2058851E+00   -1.0523636E+01   -1.3248049E+01   -8.6191114E+00   -1.0515245E+01   -6.8961585E+00
    1.1970000E+01    6.4323600E+00   -6.4197449E+00   -3.9999999E+00   -3.9241740E+00   -4.0909822E+00   -4.7009987E+00   -9.7953770E+00   -3.7380318E+00   -3.2085570E+00   -3.4653216E+00   -6.4486989E+00   -8.0877368E+00   -1.6182008E+01   -1.4000000E+01   -1.3999972E+01   -4.1201340E+00   -1.4000000E+01   -2.8490844E+00   -3.0000000E+01   -3.2064470E+00   -8.4274148E+00   -8.5403937E+00   -8.7835142E+00   -1.1194050E+01   -1.2000918E+01   -1.9992342E+01   -2.8610763E+01   -8.0197943E+00   -7.1975029E+00   -1.0525691E+01   -1.3254550E+01   -8.6260166E+00   -1.0503178E+01   -6.8890538E+00
    1.2150000E+01    6.4370753E+00   -6.4244104E+00   -3.9999999E+00   -3.9203460E+00   -4.0869500E+00   -4.6949422E+00   -9.8146369E+00   -3.7364217E+00   -3.2100601E+00   -3.4653475E+00   -6.4486994E+00   -8.0973946E+00   -1.6195705E+01   -1.4000000E+01   -1.3911478E+01   -4.1148555E+00   -1.4000000E+01   -2.8489538E+00   -3.0000000E+01   -3.2031800E+00   -8.4376400E+00   -8.5411882E+00   -8.7982932E+00   -1.1199149E+01   -1.2010134E+01   -1.9913934E+01   -2.8536580E+01   -8.0150243E+00   -7.1893591E+00   -1.0527631E+01   -1.3260715E+01   -8.6326176E+00   -1.0491422E+01   -6.8820677E+00
    1.2330000E+01    6.4415349E+00   -6.4288208E+00   -3.9999999E+00   -3.9165888E+00   -4.0829633E+00   -4.6890241E+00   -9.8329034E+00   -3.7348823E+00   -3.2113508E+00   -3.4653736E+00   -6.4486998E+00   -8.1065657E+00   -1.6208639E+01   -1.4000000E+01   -1.1103555E+01   -4.1096752E+00   -1.4000000E+01   -2.8488233E+00   -3.0000000E+01   -3.1999568E+00   -8.4473790E+00   -8.5420079E+00   -8.8123319E+00   -1.1204014E+01   -1.2018841E+01   -1.7115606E+01   -2.5742198E+01   -8.0105105E+00   -7.1815164E+00   -1.0529382E+01   -1.3266412E+01   -8.6387735E+00   -1.0480036E+01   -6.8751953E+00
    1.2510000E+01    6.4443475E+00   -6.4316028E+00   -3.9999999E+00   -3.9159277E+00   -4.0802091E+00   -4.6839756E+00   -1.0031965E+01   -3.7347241E+00   -3.2123375E+00   -3.4654000E+00   -6.4487001E+00   -7.9002992E+00   -1.6215666E+01   -1.4000000E+01   -7.5603878E+00   -4.1061049E+00   -1.4000000E+01   -2.8486927E+00   -3.0000000E+01   -3.1980971E+00   -8.6410584E+00   -8.7300622E+00   -9.0087246E+00   -1.0995031E+01   -1.2023200E+01   -1.3366436E+01   -2.2206436E+01   -8.0076643E+00   -7.1767447E+00   -1.0318606E+01   -1.3269043E+01   -8.4307767E+00   -1.0474736E+01   -6.8727416E+00
    1.2690000E+01    6.4471432E+00   -6.4343681E+00   -3.9999999E+00   -3.9152716E+00   -4.0774722E+00   -4.6790361E+00   -1.0045879E+01   -3.7345684E+00   -3.2133245E+00   -3.4654260E+00   -6.4487003E+00   -7.8432915E+00   -1.6223410E+01   -1.4000000E+01   -7.2594325E+00   -4.1025784E+00   -1.4000000E+01   -2.8485623E+00   -3.0000000E+01   -3.1962550E+00   -8.6496228E+00   -8.7330351E+00   -9.0199860E+00   -1.0935323E+01   -1.2028290E+01   -1.3008735E+01   -2.1913599E+01   -8.0048352E+00   -7.1720083E+00   -1.0257123E+01   -1.3272424E+01   -8.3720553E+00   -1.0469475E+01   -6.8703100E+00
    1.2870000E+01    6.4499198E+00   -6.4371145E+00   -3.9999999E+00   -3.9146204E+00   -4.0747502E+00   -4.6742206E+00   -1.0058000E+01   -3.7344258E+00   -3.2143086E+00   -3.4654512E+00   -6.4487005E+00   -7.8261986E+00   -1.6231320E+01   -1.4000000E+01   -7.0833745E+00   -4.0990973E+00   -1.4000000E+01   -2.8484318E+00   -3.0000000E+01   -3.1944292E+00   -8.6564306E+00   -8.7342898E+00   -9.0294724E+00   -1.0915548E+01   -1.2033566E+01   -1.2815844E+01   -2.1745823E+01   -8.0020254E+00   -7.1673079E+00   -1.0235588E+01   -1.3276005E+01   -8.3532641E+00   -1.0464254E+01   -6.8678992E+00
    1.3050000E+01    6.4526793E+00   -6.4398440E+00   -3.9999999E+00   -3.9139741E+00   -4.0720413E+00   -4.6695246E+00   -1.0069999E+01   -3.7342961E+00   -3.2152903E+00   -3.4654758E+00   -6.4487008E+00   -7.8230621E+00   -1.6239270E+01   -1.4000000E+01   -6.9584584E+00   -4.0956625E+00   -1.4000000E+01   -2.8483014E+00   -3.0000000E+01   -3.1926183E+00   -8.6631497E+00   -8.7354899E+00   -9.0388537E+00   -1.0909746E+01   -1.2038898E+01   -1.2688050E+01   -2.1629226E+01   -7.9992330E+00   -7.1626402E+00   -1.0228041E+01   -1.3279655E+01   -8.3484434E+00   -1.0459070E+01   -6.8655077E+00
    1.3230000E+01    6.4554226E+00   -6.4425575E+00   -3.9999999E+00   -3.9133325E+00   -4.0693439E+00   -4.6649436E+00   -1.0081894E+01   -3.7341789E+00   -3.2162699E+00   -3.4654997E+00   -6.4487010E+00   -7.8251841E+00   -1.6247208E+01   -1.4000000E+01   -6.8615666E+00   -4.0922746E+00   -1.4000000E+01   -2.8481711E+00   -3.0000000E+01   -3.1908217E+00   -8.6697946E+00   -8.7366481E+00   -9.0481452E+00   -1.0909219E+01   -1.2044233E+01   -1.2593537E+01   -2.1540640E+01   -7.9964569E+00   -7.1580034E+00   -1.0225782E+01   -1.3283323E+01   -8.3488948E+00   -1.0453921E+01   -6.8631349E+00
    1.3410000E+01    6.4581503E+00   -6.4452556E+00   -3.9999999E+00   -3.9126956E+00   -4.0666565E+00   -4.6604733E+00   -1.0093687E+01   -3.7340740E+00   -3.2172476E+00   -3.4655229E+00   -6.4487013E+00   -7.8293229E+00   -1.6255115E+01   -1.4000000E+01   -6.7824013E+00   -4.0889337E+00   -1.4000000E+01   -2.8480407E+00   -3.0000000E+01   -3.1890389E+00   -8.6763672E+00   -8.7377653E+00   -9.0573493E+00   -1.0910723E+01   -1.2049551E+01   -1.2518766E+01   -2.1469747E+01   -7.9936966E+00   -7.1533968E+00   -1.0225568E+01   -1.3286987E+01   -8.3513760E+00   -1.0448806E+01   -6.8607803E+00
    1.3590000E+01    6.4608628E+00   -6.4479386E+00   -3.9999999E+00   -3.9120634E+00   -4.0639782E+00   -4.6561096E+00   -1.0105379E+01   -3.7339808E+00   -3.2182233E+00   -3.4655453E+00   -6.4487016E+00   -7.8342273E+00   -1.6262983E+01   -1.4000000E+01   -6.7154691E+00   -4.0856401E+00   -1.4000000E+01   -2.8479104E+00   -3.0000000E+01   -3.1872697E+00   -8.6828690E+00   -8.7388422E+00   -9.0664678E+00   -1.0913007E+01   -1.2054845E+01   -1.2456991E+01   -2.1411046E+01   -7.9909517E+00   -7.1488195E+00   -1.0226148E+01   -1.3290640E+01   -8.3546357E+00   -1.0443725E+01   -6.8584435E+00
    1.3770000E+01    6.4635602E+00   -6.4506068E+00   -3.9999999E+00   -3.9114358E+00   -4.0613081E+00   -4.6518486E+00   -1.0116974E+01   -3.7338993E+00   -3.2191972E+00   -3.4655670E+00   -6.4487018E+00   -7.8394101E+00   -1.6270810E+01   -1.4000000E+01   -6.6574907E+00   -4.0823934E+00   -1.4000000E+01   -2.8477802E+00   -3.0000000E+01   -3.1855139E+00   -8.6893013E+00   -8.7398796E+00   -9.0755024E+00   -1.0915584E+01   -1.2060112E+01   -1.2404448E+01   -2.1361255E+01   -7.9882221E+00   -7.1442711E+00   -1.0227033E+01   -1.3294278E+01   -8.3581864E+00   -1.0438676E+01   -6.8561243E+00
    1.3950000E+01    6.4662429E+00   -6.4532604E+00   -3.9999999E+00   -3.9108128E+00   -4.0586458E+00   -4.6476866E+00   -1.0128472E+01   -3.7338290E+00   -3.2201693E+00   -3.4655880E+00   -6.4487021E+00   -7.8446822E+00   -1.6278595E+01   -1.4000000E+01   -6.6063510E+00   -4.0791931E+00   -1.4000000E+01   -2.8476500E+00   -3.0000000E+01   -3.1837712E+00   -8.6956653E+00   -8.7408783E+00   -9.0844546E+00   -1.0918265E+01   -1.2065351E+01   -1.2358832E+01   -2.1318259E+01   -7.9855073E+00   -7.1397510E+00   -1.0228035E+01   -1.3297901E+01   -8.3618388E+00   -1.0433659E+01   -6.8538224E+00
    1.4130000E+01    6.4689111E+00   -6.4558997E+00   -3.9999999E+00   -3.9101942E+00   -4.0559909E+00   -4.6436202E+00   -1.0139875E+01   -3.7337696E+00   -3.2211396E+00   -3.4656082E+00   -6.4487023E+00   -7.8499704E+00   -1.6286338E+01   -1.4000000E+01   -6.5606058E+00   -4.0760385E+00   -1.4000000E+01   -2.8475198E+00   -3.0000000E+01   -3.1820413E+00   -8.7019625E+00   -8.7418390E+00   -9.0933259E+00   -1.0920976E+01   -1.2070562E+01   -1.2318624E+01   -2.1280614E+01   -7.9828073E+00   -7.1352590E+00   -1.0229080E+01   -1.3301507E+01   -8.3655195E+00   -1.0428674E+01   -6.8515375E+00
    1.4310000E+01    6.4715650E+00   -6.4585248E+00   -3.9999999E+00   -3.9095800E+00   -4.0533433E+00   -4.6396458E+00   -1.0151186E+01   -3.7337210E+00   -3.2221082E+00   -3.4656277E+00   -6.4487026E+00   -7.8552470E+00   -1.6294040E+01   -1.4000000E+01   -6.5192249E+00   -4.0729289E+00   -1.4000000E+01   -2.8473897E+00   -3.0000000E+01   -3.1803242E+00   -8.7081939E+00   -8.7427627E+00   -9.1021177E+00   -1.0923689E+01   -1.2075745E+01   -1.2282768E+01   -2.1247289E+01   -7.9801217E+00   -7.1307944E+00   -1.0230139E+01   -1.3305098E+01   -8.3692007E+00   -1.0423720E+01   -6.8492694E+00
    1.4490000E+01    6.4742048E+00   -6.4611359E+00   -3.9999999E+00   -3.9089702E+00   -4.0507031E+00   -4.6357602E+00   -1.0162405E+01   -3.7336828E+00   -3.2230750E+00   -3.4656463E+00   -6.4487029E+00   -7.8605016E+00   -1.6301701E+01   -1.4000000E+01   -6.4814476E+00   -4.0698632E+00   -1.4000000E+01   -2.8472596E+00   -3.0000000E+01   -3.1786196E+00   -8.7143608E+00   -8.7436500E+00   -9.1108313E+00   -1.0926393E+01   -1.2080901E+01   -1.2250492E+01   -2.1217526E+01   -7.9774504E+00   -7.1263570E+00   -1.0231202E+01   -1.3308674E+01   -8.3728717E+00   -1.0418797E+01   -6.8470178E+00
    1.4670000E+01    6.4768306E+00   -6.4637333E+00   -3.9999999E+00   -3.9083647E+00   -4.0480704E+00   -4.6319603E+00   -1.0173534E+01   -3.7336548E+00   -3.2240399E+00   -3.4656642E+00   -6.4487032E+00   -7.8657305E+00   -1.6309322E+01   -1.4000000E+01   -6.4466965E+00   -4.0668404E+00   -1.4000000E+01   -2.8471296E+00   -3.0000000E+01   -3.1769273E+00   -8.7204642E+00   -8.7445018E+00   -9.1194680E+00   -1.0929085E+01   -1.2086029E+01   -1.2221215E+01   -2.1190746E+01   -7.9747933E+00   -7.1219464E+00   -1.0232264E+01   -1.3312233E+01   -8.3765286E+00   -1.0413905E+01   -6.8447825E+00
    1.4850000E+01    6.4794426E+00   -6.4663170E+00   -3.9999999E+00   -3.9077634E+00   -4.0454451E+00   -4.6282430E+00   -1.0184574E+01   -3.7336366E+00   -3.2250031E+00   -3.4656813E+00   -6.4487034E+00   -7.8709324E+00   -1.6316902E+01   -1.4000000E+01   -6.4145223E+00   -4.0638597E+00   -1.4000000E+01   -2.8469995E+00   -3.0000000E+01   -3.1752472E+00   -8.7265052E+00   -8.7453188E+00   -9.1280290E+00   -1.0931764E+01   -1.2091131E+01   -1.2194487E+01   -2.1166501E+01   -7.9721501E+00   -7.1175623E+00   -1.0233325E+01   -1.3315778E+01   -8.3801700E+00   -1.0409042E+01   -6.8425633E+00
    1.5030000E+01    6.4820409E+00   -6.4688872E+00   -3.9999999E+00   -3.9071664E+00   -4.0428270E+00   -4.6246054E+00   -1.0195526E+01   -3.7336282E+00   -3.2259642E+00   -3.4656975E+00   -6.4487037E+00   -7.8761070E+00   -1.6324443E+01   -1.4000000E+01   -6.3845693E+00   -4.0609206E+00   -1.4000000E+01   -2.8468696E+00   -3.0000000E+01   -3.1735790E+00   -8.7324848E+00   -8.7461019E+00   -9.1365154E+00   -1.0934429E+01   -1.2096205E+01   -1.2169951E+01   -2.1144436E+01   -7.9695208E+00   -7.1132043E+00   -1.0234383E+01   -1.3319306E+01   -8.3837955E+00   -1.0404209E+01   -6.8403598E+00
    1.5210000E+01    6.4846254E+00   -6.4714438E+00   -3.9999999E+00   -3.9065734E+00   -4.0402153E+00   -4.6210447E+00   -1.0206392E+01   -3.7336291E+00   -3.2269233E+00   -3.4657130E+00   -6.4487040E+00   -7.8812542E+00   -1.6331944E+01   -1.4000000E+01   -6.3565504E+00   -4.0580230E+00   -1.4000000E+01   -2.8467396E+00   -3.0000000E+01   -3.1719226E+00   -8.7384039E+00   -8.7468518E+00   -9.1449279E+00   -1.0937079E+01   -1.2101253E+01   -1.2147321E+01   -2.1124264E+01   -7.9669055E+00   -7.1088723E+00   -1.0235439E+01   -1.3322819E+01   -8.3874047E+00   -1.0399406E+01   -6.8381720E+00
    1.5390000E+01    6.4871962E+00   -6.4739867E+00   -3.9999999E+00   -3.9059846E+00   -4.0376087E+00   -4.6175579E+00   -1.0217172E+01   -3.7336393E+00   -3.2278801E+00   -3.4657276E+00   -6.4487043E+00   -7.8863739E+00   -1.6339405E+01   -1.4000000E+01   -6.3302310E+00   -4.0551676E+00   -1.4000000E+01   -2.8466097E+00   -3.0000000E+01   -3.1702778E+00   -8.7442630E+00   -8.7475694E+00   -9.1532673E+00   -1.0939716E+01   -1.2106274E+01   -1.2126361E+01   -2.1105748E+01   -7.9643040E+00   -7.1045663E+00   -1.0236491E+01   -1.3326316E+01   -8.3909974E+00   -1.0394632E+01   -6.8359996E+00
    1.5570000E+01    6.4897529E+00   -6.4765158E+00   -3.9999999E+00   -3.9053998E+00   -4.0350044E+00   -4.6141425E+00   -1.0227865E+01   -3.7336584E+00   -3.2288342E+00   -3.4657413E+00   -6.4487046E+00   -7.8914658E+00   -1.6346826E+01   -1.4000000E+01   -6.3054167E+00   -4.0523564E+00   -1.4000000E+01   -2.8464799E+00   -3.0000000E+01   -3.1686445E+00   -8.7500625E+00   -8.7482554E+00   -9.1615335E+00   -1.0942338E+01   -1.2111268E+01   -1.2106878E+01   -2.1088696E+01   -7.9617167E+00   -7.1002861E+00   -1.0237541E+01   -1.3329797E+01   -8.3945731E+00   -1.0389887E+01   -6.8338424E+00
    1.5750000E+01    6.4922953E+00   -6.4790306E+00   -3.9999999E+00   -3.9048190E+00   -4.0323987E+00   -4.6107956E+00   -1.0238471E+01   -3.7336864E+00   -3.2297850E+00   -3.4657542E+00   -6.4487049E+00   -7.8965293E+00   -1.6354204E+01   -1.4000000E+01   -6.2819445E+00   -4.0495928E+00   -1.4000000E+01   -2.8463501E+00   -3.0000000E+01   -3.1670225E+00   -8.7558023E+00   -8.7489105E+00   -9.1697260E+00   -1.0944945E+01   -1.2116233E+01   -1.2088707E+01   -2.1072942E+01   -7.9591440E+00   -7.0960321E+00   -1.0238587E+01   -1.3333260E+01   -8.3981310E+00   -1.0385172E+01   -6.8317001E+00
    1.5930000E+01    6.4948225E+00   -6.4815305E+00   -3.9999999E+00   -3.9042422E+00   -4.0297856E+00   -4.6075147E+00   -1.0248987E+01   -3.7337228E+00   -3.2307316E+00   -3.4657662E+00   -6.4487052E+00   -7.9015633E+00   -1.6361539E+01   -1.4000000E+01   -6.2596767E+00   -4.0468821E+00   -1.4000000E+01   -2.8462203E+00   -3.0000000E+01   -3.1654116E+00   -8.7614818E+00   -8.7495354E+00   -9.1778436E+00   -1.0947538E+01   -1.2121169E+01   -1.2071709E+01   -2.1058346E+01   -7.9565866E+00   -7.0918048E+00   -1.0239629E+01   -1.3336704E+01   -8.4016699E+00   -1.0380487E+01   -6.8295725E+00
    1.6110000E+01    6.4973335E+00   -6.4840143E+00   -3.9999999E+00   -3.9036692E+00   -4.0271573E+00   -4.6042971E+00   -1.0259410E+01   -3.7337676E+00   -3.2316728E+00   -3.4657773E+00   -6.4487055E+00   -7.9065657E+00   -1.6368826E+01   -1.4000000E+01   -6.2384957E+00   -4.0442320E+00   -1.4000000E+01   -2.8460905E+00   -3.0000000E+01   -3.1638116E+00   -8.7670994E+00   -8.7501311E+00   -9.1858836E+00   -1.0950115E+01   -1.2126073E+01   -1.2055766E+01   -2.1044788E+01   -7.9540455E+00   -7.0876052E+00   -1.0240666E+01   -1.3340126E+01   -8.4051877E+00   -1.0375833E+01   -6.8274595E+00
    1.6290000E+01    6.4998265E+00   -6.4864802E+00   -3.9999999E+00   -3.9031000E+00   -4.0245030E+00   -4.6011402E+00   -1.0269734E+01   -3.7338206E+00   -3.2326066E+00   -3.4657875E+00   -6.4487058E+00   -7.9115338E+00   -1.6376061E+01   -1.4000000E+01   -6.2183003E+00   -4.0416528E+00   -1.4000000E+01   -2.8459608E+00   -3.0000000E+01   -3.1622224E+00   -8.7726525E+00   -8.7506983E+00   -9.1938415E+00   -1.0952675E+01   -1.2130941E+01   -1.2040772E+01   -2.1032161E+01   -7.9515227E+00   -7.0834348E+00   -1.0241696E+01   -1.3343523E+01   -8.4086813E+00   -1.0371211E+01   -6.8253608E+00
    1.6470000E+01    6.5022988E+00   -6.4889255E+00   -3.9999999E+00   -3.9025347E+00   -4.0218097E+00   -4.5980415E+00   -1.0279949E+01   -3.7338815E+00   -3.2335301E+00   -3.4657967E+00   -6.4487062E+00   -7.9164627E+00   -1.6383234E+01   -1.4000000E+01   -6.1990028E+00   -4.0391576E+00   -1.4000000E+01   -2.8458312E+00   -3.0000000E+01   -3.1606439E+00   -8.7781366E+00   -8.7512379E+00   -9.2017101E+00   -1.0955216E+01   -1.2135769E+01   -1.2026637E+01   -2.1020370E+01   -7.9490207E+00   -7.0792963E+00   -1.0242718E+01   -1.3346890E+01   -8.4121457E+00   -1.0366625E+01   -6.8232762E+00
    1.6650000E+01    6.5047461E+00   -6.4913461E+00   -3.9999999E+00   -3.9019731E+00   -4.0190612E+00   -4.5949983E+00   -1.0290038E+01   -3.7339502E+00   -3.2344391E+00   -3.4658051E+00   -6.4487065E+00   -7.9213455E+00   -1.6390334E+01   -1.4000000E+01   -6.1805267E+00   -4.0367627E+00   -1.4000000E+01   -2.8457016E+00   -3.0000000E+01   -3.1590758E+00   -8.7835447E+00   -8.7517512E+00   -9.2094782E+00   -1.0957736E+01   -1.2140547E+01   -1.2013275E+01   -2.1009325E+01   -7.9465437E+00   -7.0751935E+00   -1.0243729E+01   -1.3350217E+01   -8.4155739E+00   -1.0362077E+01   -6.8212055E+00
    1.6830000E+01    6.5071625E+00   -6.4937358E+00   -3.9999999E+00   -3.9014151E+00   -4.0162388E+00   -4.5920081E+00   -1.0299981E+01   -3.7340264E+00   -3.2353272E+00   -3.4658125E+00   -6.4487068E+00   -7.9261714E+00   -1.6397343E+01   -1.4000000E+01   -6.1628050E+00   -4.0344871E+00   -1.4000000E+01   -2.8455720E+00   -3.0000000E+01   -3.1575180E+00   -8.7888660E+00   -8.7522398E+00   -9.2171290E+00   -1.0960229E+01   -1.2145264E+01   -1.2000610E+01   -2.0998940E+01   -7.9440979E+00   -7.0711325E+00   -1.0244723E+01   -1.3353492E+01   -8.4189550E+00   -1.0357574E+01   -6.8191485E+00
    1.7010000E+01    6.5095386E+00   -6.4960854E+00   -3.9999999E+00   -3.9008608E+00   -4.0133217E+00   -4.5890684E+00   -1.0309741E+01   -3.7341099E+00   -3.2361850E+00   -3.4658189E+00   -6.4487071E+00   -7.9309245E+00   -1.6404232E+01   -1.4000000E+01   -6.1457784E+00   -4.0323525E+00   -1.4000000E+01   -2.8454424E+00   -3.0000000E+01   -3.1559703E+00   -8.7940845E+00   -8.7527060E+00   -9.2246372E+00   -1.0962689E+01   -1.2149901E+01   -1.1988565E+01   -2.0989130E+01   -7.9416925E+00   -7.0671222E+00   -1.0245694E+01   -1.3356697E+01   -8.4222727E+00   -1.0353125E+01   -6.8171048E+00
    1.7190000E+01    6.5118608E+00   -6.4983812E+00   -3.9999999E+00   -3.9003100E+00   -4.0102869E+00   -4.5861764E+00   -1.0319267E+01   -3.7342005E+00   -3.2369986E+00   -3.4658244E+00   -6.4487075E+00   -7.9355809E+00   -1.6410960E+01   -1.4000000E+01   -6.1293945E+00   -4.0303826E+00   -1.4000000E+01   -2.8453129E+00   -3.0000000E+01   -3.1544324E+00   -8.7991761E+00   -8.7531533E+00   -9.2319649E+00   -1.0965107E+01   -1.2154431E+01   -1.1977066E+01   -2.0979800E+01   -7.9393412E+00   -7.0631762E+00   -1.0246632E+01   -1.3359804E+01   -8.4255031E+00   -1.0348743E+01   -6.8150743E+00
    1.7370000E+01    6.5141086E+00   -6.5006027E+00   -3.9999999E+00   -3.8997626E+00   -4.0071110E+00   -4.5833293E+00   -1.0328483E+01   -3.7342980E+00   -3.2377472E+00   -3.4658289E+00   -6.4487078E+00   -7.9401051E+00   -1.6417467E+01   -1.4000000E+01   -6.1136063E+00   -4.0286025E+00   -1.4000000E+01   -2.8451835E+00   -3.0000000E+01   -3.1529042E+00   -8.8041053E+00   -8.7535869E+00   -9.2390563E+00   -1.0967465E+01   -1.2158813E+01   -1.1966029E+01   -2.0970843E+01   -7.9370644E+00   -7.0593145E+00   -1.0247520E+01   -1.3362772E+01   -8.4286103E+00   -1.0344448E+01   -6.8130565E+00
    1.7550000E+01    6.5162518E+00   -6.5027198E+00   -3.9999999E+00   -3.8992185E+00   -4.0037703E+00   -4.5805245E+00   -1.0337276E+01   -3.7344019E+00   -3.2384005E+00   -3.4658323E+00   -6.4487082E+00   -7.9444444E+00   -1.6423661E+01   -1.4000000E+01   -6.0983722E+00   -4.0270378E+00   -1.4000000E+01   -2.8450540E+00   -3.0000000E+01   -3.1513853E+00   -8.8088193E+00   -8.7540145E+00   -9.2458283E+00   -1.0969744E+01   -1.2162986E+01   -1.1955360E+01   -2.0962125E+01   -7.9348923E+00   -7.0555672E+00   -1.0248337E+01   -1.3365540E+01   -8.4315414E+00   -1.0340271E+01   -6.8110511E+00
    1.7730000E+01    6.5182457E+00   -6.5046877E+00   -3.9999999E+00   -3.8986774E+00   -4.0002423E+00   -4.5777593E+00   -1.0345478E+01   -3.7345120E+00   -3.2389132E+00   -3.4658348E+00   -6.4487085E+00   -7.9485207E+00   -1.6429408E+01   -1.4000000E+01   -6.0836544E+00   -4.0257137E+00   -1.4000000E+01   -2.8449246E+00   -3.0000000E+01   -3.1498753E+00   -8.8132401E+00   -8.7544475E+00   -9.2521582E+00   -1.0971908E+01   -1.2166862E+01   -1.1944944E+01   -2.0953476E+01   -7.9328696E+00   -7.0519784E+00   -1.0249048E+01   -1.3368019E+01   -8.4342179E+00   -1.0336254E+01   -6.8090573E+00
    1.7910000E+01    6.5200238E+00   -6.5064399E+00   -3.9999999E+00   -3.8981394E+00   -3.9965080E+00   -4.5750307E+00   -1.0352840E+01   -3.7346277E+00   -3.2392188E+00   -3.4658362E+00   -6.4487089E+00   -7.9522176E+00   -1.6434510E+01   -1.4000000E+01   -6.0694231E+00   -4.0246538E+00   -1.4000000E+01   -2.8447953E+00   -3.0000000E+01   -3.1483741E+00   -8.8172522E+00   -8.7549034E+00   -9.2578639E+00   -1.0973908E+01   -1.2170307E+01   -1.1934633E+01   -2.0944666E+01   -7.9310629E+00   -7.0486147E+00   -1.0249605E+01   -1.3370075E+01   -8.4365233E+00   -1.0332465E+01   -6.8070752E+00
