# Time          5.0000E+01
# Units: Log10 mol/kgw
    Distance      pH               H+               Li+              Na+              Ca++             K+               Al+++            SiO2(aq)         CO2(aq)          O2(aq)           Methane(aq)      Fe++             Fe+++            HS-              SO4--            Mg++             Cl-              CH2O             Tracer           HCO3-            Al(OH)2+         AlO2-            AlOH++           FeOH+            FeOH++           FeSO4(aq)        FeSO4+           OH-              CO3--            FeCO3(aq)        FeCO3+           FeHCO3+          NaCO3-           NaHCO3(aq)   
    9.0000000E-02    5.7857790E+00   -5.7773124E+00   -3.9999999E+00   -5.0114910E+00   -5.3149443E+00   -5.2579685E+00   -6.5187934E+00   -4.8767496E+00   -2.6693963E+00   -3.4758396E+00   -6.4486835E+00   -7.3177800E+00   -1.3947558E+01   -1.4000000E+01   -1.4000003E+01   -5.5019982E+00   -1.4000000E+01   -4.1763402E+00   -3.0000000E+01   -3.3183615E+00   -6.4109739E+00   -7.8171146E+00   -6.1337701E+00   -1.1057770E+01   -1.0393308E+01   -1.9187161E+01   -2.6325469E+01   -8.6708589E+00   -7.9692762E+00   -1.0492379E+01   -1.1741125E+01   -7.9506183E+00   -1.2344539E+01   -8.0793395E+00
    2.7000000E-01    5.8002078E+00   -5.7914369E+00   -3.9999999E+00   -4.8136562E+00   -5.0557074E+00   -5.1913895E+00   -6.7726457E+00   -4.6153684E+00   -2.6676344E+00   -3.4927451E+00   -6.4486845E+00   -7.2193290E+00   -1.4320673E+01   -1.4000000E+01   -1.4000003E+01   -5.2334502E+00   -1.4000000E+01   -5.0612785E+00   -3.0000000E+01   -3.3018460E+00   -6.6383928E+00   -8.0156759E+00   -6.3746556E+00   -1.0945830E+01   -1.0753456E+01   -1.9091267E+01   -2.6702300E+01   -8.6561059E+00   -7.9373696E+00   -1.0364571E+01   -1.2086042E+01   -7.8369143E+00   -1.2116083E+01   -7.8656362E+00
    4.5000000E-01    5.8170860E+00   -5.8080220E+00   -3.9999999E+00   -4.6825133E+00   -4.9015577E+00   -5.1012585E+00   -6.9975998E+00   -4.4569432E+00   -2.6688141E+00   -3.5095378E+00   -6.4486855E+00   -7.1565302E+00   -1.4368495E+01   -1.4000000E+01   -1.4000004E+01   -5.0788185E+00   -1.4000000E+01   -5.8965411E+00   -3.0000000E+01   -3.2858342E+00   -6.8319247E+00   -8.1754515E+00   -6.5841373E+00   -1.0867059E+01   -1.0785806E+01   -1.9030935E+01   -2.6753704E+01   -8.6389150E+00   -7.9035514E+00   -1.0270413E+01   -1.2103619E+01   -7.7593209E+00   -1.1952361E+01   -7.7191058E+00
    6.3000000E-01    5.8335007E+00   -5.8241586E+00   -3.9999999E+00   -4.5851063E+00   -4.7945092E+00   -4.9989600E+00   -7.1708246E+00   -4.3449014E+00   -2.6701741E+00   -3.5270765E+00   -6.4486865E+00   -7.1147400E+00   -1.4415088E+01   -1.4000000E+01   -1.4000004E+01   -4.9723642E+00   -1.4000000E+01   -6.5344566E+00   -3.0000000E+01   -3.2704813E+00   -6.9745356E+00   -8.2852330E+00   -6.7422801E+00   -1.0809716E+01   -1.0817316E+01   -1.8991491E+01   -2.6803698E+01   -8.6222026E+00   -7.8709009E+00   -1.0198310E+01   -1.2120956E+01   -7.7033349E+00   -1.1823482E+01   -7.6069399E+00
    8.1000000E-01    5.8489594E+00   -5.8393551E+00   -3.9999999E+00   -4.5080119E+00   -4.7140264E+00   -4.8951687E+00   -7.3112374E+00   -4.2594526E+00   -2.6712892E+00   -3.5455463E+00   -6.4486874E+00   -7.0862906E+00   -1.4458985E+01   -1.4000000E+01   -1.4000005E+01   -4.8926742E+00   -1.4000000E+01   -6.7869161E+00   -3.0000000E+01   -3.2558560E+00   -7.0861189E+00   -8.3658990E+00   -6.8684886E+00   -1.0766620E+01   -1.0847009E+01   -1.8965256E+01   -2.6850804E+01   -8.6064629E+00   -7.8399834E+00   -1.0141150E+01   -1.2137136E+01   -7.6613520E+00   -1.1716583E+01   -7.5157812E+00
    9.9000000E-01    5.8633408E+00   -5.8534891E+00   -3.9999999E+00   -4.4444452E+00   -4.6502557E+00   -4.7969557E+00   -7.4300092E+00   -4.1910677E+00   -2.6720105E+00   -3.5650575E+00   -6.4486883E+00   -7.0665792E+00   -1.4499810E+01   -1.4000000E+01   -1.4000005E+01   -4.8297517E+00   -1.4000000E+01   -6.8221322E+00   -3.0000000E+01   -3.2419296E+00   -7.1780977E+00   -8.4291148E+00   -6.9740610E+00   -1.0733295E+01   -1.0874635E+01   -1.8947637E+01   -2.6894658E+01   -8.5918157E+00   -7.8108877E+00   -1.0094429E+01   -1.2151887E+01   -7.6287455E+00   -1.1624972E+01   -7.4388184E+00
    1.1700000E+00    5.8765527E+00   -5.8664665E+00   -3.9999999E+00   -4.3904963E+00   -4.5976315E+00   -4.7078036E+00   -7.5327959E+00   -4.1344771E+00   -2.6721933E+00   -3.5857236E+00   -6.4486892E+00   -7.0525385E+00   -1.4537268E+01   -1.4000000E+01   -1.4000005E+01   -4.7779889E+00   -1.4000000E+01   -6.8100242E+00   -3.0000000E+01   -3.2286477E+00   -7.2563274E+00   -8.4809207E+00   -7.0647549E+00   -1.0706770E+01   -1.0900000E+01   -1.8935583E+01   -2.6934987E+01   -8.5783515E+00   -7.7836462E+00   -1.0055126E+01   -1.2164968E+01   -7.6024015E+00   -1.1544780E+01   -7.3720910E+00
    1.3500000E+00    5.8884635E+00   -5.8781539E+00   -3.9999999E+00   -4.3436979E+00   -4.5527124E+00   -4.6287294E+00   -7.6225898E+00   -4.0864687E+00   -2.6716485E+00   -3.6076750E+00   -6.4486900E+00   -7.0419494E+00   -1.4570943E+01   -1.4000000E+01   -1.4000005E+01   -4.7339184E+00   -1.4000000E+01   -6.7896398E+00   -3.0000000E+01   -3.2159507E+00   -7.3240784E+00   -8.5248502E+00   -7.1437031E+00   -1.0684964E+01   -1.0922829E+01   -1.8926888E+01   -2.6971401E+01   -8.5661999E+00   -7.7583250E+00   -1.0021104E+01   -1.2176054E+01   -7.5800487E+00   -1.1473613E+01   -7.3130762E+00
    1.5300000E+00    5.8988752E+00   -5.8883515E+00   -3.9999999E+00   -4.3023821E+00   -4.5132692E+00   -4.5593740E+00   -7.7008856E+00   -4.0449335E+00   -2.6701202E+00   -3.6310650E+00   -6.4486908E+00   -7.0330908E+00   -1.4600225E+01   -1.4000000E+01   -1.4000005E+01   -4.6952884E+00   -1.4000000E+01   -6.7668533E+00   -3.0000000E+01   -3.2037790E+00   -7.3832551E+00   -8.5632035E+00   -7.2126068E+00   -1.0666360E+01   -1.0942719E+01   -1.8919848E+01   -2.7003308E+01   -8.5555570E+00   -7.7350568E+00   -9.9907885E+00   -1.2184686E+01   -7.5599137E+00   -1.1409943E+01   -7.2600500E+00
    1.7100000E+00    5.9075007E+00   -5.8967706E+00   -3.9999999E+00   -4.2653558E+00   -4.4778231E+00   -4.4987477E+00   -7.7681617E+00   -4.0083993E+00   -2.6672635E+00   -3.6560757E+00   -6.4486915E+00   -7.0245460E+00   -1.4624237E+01   -1.4000000E+01   -1.4000005E+01   -4.6605988E+00   -1.4000000E+01   -6.7423817E+00   -3.0000000E+01   -3.1920731E+00   -7.4349224E+00   -8.5976198E+00   -7.2722389E+00   -1.0649832E+01   -1.0959087E+01   -1.8913058E+01   -2.7029850E+01   -8.5467083E+00   -7.7140647E+00   -9.9629995E+00   -1.2190230E+01   -7.5405265E+00   -1.1352807E+01   -7.2117630E+00
    1.8900000E+00    5.9139403E+00   -5.9030103E+00   -3.9999999E+00   -4.2316965E+00   -4.4453608E+00   -4.4457604E+00   -7.8241050E+00   -3.9757556E+00   -2.6626185E+00   -3.6829261E+00   -6.4486923E+00   -7.0151053E+00   -1.4641766E+01   -1.4000000E+01   -1.4000005E+01   -4.6287777E+00   -1.4000000E+01   -6.7089171E+00   -3.0000000E+01   -3.1807714E+00   -7.4795779E+00   -8.6293960E+00   -7.3226928E+00   -1.0634574E+01   -1.0971127E+01   -1.8905319E+01   -2.7049833E+01   -8.5400521E+00   -7.6956821E+00   -9.9368723E+00   -1.2191824E+01   -7.5206218E+00   -1.1301622E+01   -7.1672340E+00
    2.0700000E+00    5.9187979E+00   -5.9076382E+00   -3.9999999E+00   -4.1880278E+00   -4.4086819E+00   -4.4471419E+00   -7.7634123E+00   -3.9321097E+00   -2.6556314E+00   -3.7116722E+00   -6.4486934E+00   -7.0160218E+00   -1.4654505E+01   -1.4000000E+01   -1.4000005E+01   -4.5749736E+00   -1.4000000E+01   -5.0005858E+00   -3.0000000E+01   -3.1686768E+00   -7.4109980E+00   -8.5511009E+00   -7.2582330E+00   -1.0631349E+01   -1.0980098E+01   -1.8908194E+01   -2.7065393E+01   -8.5349453E+00   -7.6779923E+00   -9.9220496E+00   -1.2189686E+01   -7.5104069E+00   -1.1241248E+01   -7.1119679E+00
    2.2500000E+00    5.9229196E+00   -5.9115380E+00   -3.9999999E+00   -4.1487110E+00   -4.3749894E+00   -4.4488455E+00   -7.8165922E+00   -3.8935983E+00   -2.6483494E+00   -3.7414467E+00   -6.4486946E+00   -7.0128708E+00   -1.4664918E+01   -1.4000000E+01   -1.4000005E+01   -4.5274029E+00   -1.4000000E+01   -4.9007235E+00   -3.0000000E+01   -3.1570314E+00   -7.4576997E+00   -8.5895592E+00   -7.3083430E+00   -1.0624768E+01   -1.0987442E+01   -1.8906936E+01   -2.7078531E+01   -8.5305825E+00   -7.6615120E+00   -9.9043043E+00   -1.2186337E+01   -7.4965415E+00   -1.1186403E+01   -7.0614867E+00
    2.4300000E+00    5.9267110E+00   -5.9151141E+00   -3.9999999E+00   -4.1129628E+00   -4.3438326E+00   -4.4508567E+00   -7.8656679E+00   -3.8591370E+00   -2.6411146E+00   -3.7723398E+00   -6.4486957E+00   -7.0063091E+00   -1.4674393E+01   -1.4000000E+01   -1.4000005E+01   -4.4847804E+00   -1.4000000E+01   -4.8583113E+00   -3.0000000E+01   -3.1457702E+00   -7.5009053E+00   -8.6251820E+00   -7.3546469E+00   -1.0615087E+01   -1.0994145E+01   -1.8902214E+01   -2.7090652E+01   -8.5265568E+00   -7.6457663E+00   -9.8838294E+00   -1.2182705E+01   -7.4796231E+00   -1.1135835E+01   -7.0149448E+00
    2.6100000E+00    5.9302676E+00   -5.9184616E+00   -3.9999999E+00   -4.0801972E+00   -4.3148574E+00   -4.4531716E+00   -7.9106151E+00   -3.8280254E+00   -2.6339976E+00   -3.8043864E+00   -6.4486969E+00   -6.9969038E+00   -1.4683214E+01   -1.4000000E+01   -1.4000005E+01   -4.4461852E+00   -1.4000000E+01   -4.8246749E+00   -3.0000000E+01   -3.1348680E+00   -7.5404033E+00   -8.6575668E+00   -7.3970271E+00   -1.0602778E+01   -1.1000399E+01   -1.8894599E+01   -2.7102044E+01   -8.5227721E+00   -7.6306330E+00   -9.8610735E+00   -1.2178957E+01   -7.4601952E+00   -1.1088837E+01   -6.9717318E+00
    2.7900000E+00    5.9336268E+00   -5.9216172E+00   -3.9999999E+00   -4.0499615E+00   -4.2877790E+00   -4.4557861E+00   -7.9520764E+00   -3.7997297E+00   -2.6270136E+00   -3.8376544E+00   -6.4486980E+00   -6.9851232E+00   -1.4691490E+01   -1.4000000E+01   -1.4000005E+01   -4.4109307E+00   -1.4000000E+01   -4.7918511E+00   -3.0000000E+01   -3.1243020E+00   -7.5767650E+00   -8.6872103E+00   -7.4360910E+00   -1.0588274E+01   -1.1006278E+01   -1.8884562E+01   -2.7112824E+01   -8.5191907E+00   -7.6160509E+00   -9.8364471E+00   -1.2175147E+01   -7.4387051E+00   -1.1044897E+01   -6.9313735E+00
    2.9700000E+00    5.9368160E+00   -5.9246082E+00   -3.9999999E+00   -4.0218992E+00   -4.2623652E+00   -4.4586389E+00   -7.9904124E+00   -3.7738105E+00   -2.6201674E+00   -3.8722245E+00   -6.4486992E+00   -6.9713494E+00   -1.4699301E+01   -1.4000000E+01   -1.4000006E+01   -4.3784929E+00   -1.4000000E+01   -4.7582771E+00   -3.0000000E+01   -3.1140492E+00   -7.6102993E+00   -8.7143661E+00   -7.4721737E+00   -1.0571931E+01   -1.1011836E+01   -1.8872489E+01   -2.7123075E+01   -8.5157848E+00   -7.6019682E+00   -9.8102838E+00   -1.2171308E+01   -7.4155135E+00   -1.1003607E+01   -6.8934908E+00
    3.1500000E+00    5.9398571E+00   -5.9274560E+00   -3.9999999E+00   -3.9957241E+00   -4.2384242E+00   -4.4617142E+00   -8.0261523E+00   -3.7499366E+00   -2.6134623E+00   -3.9081859E+00   -6.4487003E+00   -6.9558919E+00   -1.4706712E+01   -1.4000000E+01   -1.4000006E+01   -4.3484606E+00   -1.4000000E+01   -4.7235847E+00   -3.0000000E+01   -3.1040906E+00   -7.6414941E+00   -8.7394786E+00   -7.5057841E+00   -1.0554038E+01   -1.1017117E+01   -1.8858691E+01   -2.7132866E+01   -8.5125319E+00   -7.5883428E+00   -9.7828537E+00   -1.2167466E+01   -7.3909123E+00   -1.0964642E+01   -6.8577793E+00
    3.3300000E+00    5.9427704E+00   -5.9301807E+00   -3.9999999E+00   -3.9712032E+00   -4.2157954E+00   -4.4650074E+00   -8.0596570E+00   -3.7278449E+00   -2.6069018E+00   -3.9456367E+00   -6.4487015E+00   -6.9390029E+00   -1.4713781E+01   -1.4000000E+01   -1.4000006E+01   -4.3205064E+00   -1.4000000E+01   -4.6876440E+00   -3.0000000E+01   -3.0944093E+00   -7.6706722E+00   -8.7628302E+00   -7.5372642E+00   -1.0534826E+01   -1.1022161E+01   -1.8843424E+01   -2.7142258E+01   -8.5094117E+00   -7.5751370E+00   -9.7543737E+00   -1.2163646E+01   -7.3651380E+00   -1.0927732E+01   -6.8239898E+00
    3.5100000E+00    5.9455755E+00   -5.9328015E+00   -3.9999999E+00   -3.9481443E+00   -4.1943435E+00   -4.4685143E+00   -8.0912038E+00   -3.7073197E+00   -2.6004907E+00   -3.9846839E+00   -6.4487027E+00   -6.9208899E+00   -1.4720564E+01   -1.4000000E+01   -1.4000006E+01   -4.2943651E+00   -1.4000000E+01   -4.6503747E+00   -3.0000000E+01   -3.0849901E+00   -7.6980740E+00   -8.7846218E+00   -7.5668733E+00   -1.0514486E+01   -1.1027007E+01   -1.8826897E+01   -2.7151312E+01   -8.5064042E+00   -7.5623149E+00   -9.7250176E+00   -1.2159871E+01   -7.3383839E+00   -1.0892649E+01   -6.7919153E+00
    3.6900000E+00    5.9482918E+00   -5.9353377E+00   -3.9999999E+00   -3.9263874E+00   -4.1739529E+00   -4.4722305E+00   -8.1210337E+00   -3.6881822E+00   -2.5942345E+00   -4.0254452E+00   -6.4487038E+00   -6.9017266E+00   -1.4727119E+01   -1.4000000E+01   -1.4000007E+01   -4.2698189E+00   -1.4000000E+01   -4.6117070E+00   -3.0000000E+01   -3.0758189E+00   -7.7239034E+00   -8.8050186E+00   -7.5948340E+00   -1.0493171E+01   -1.1031693E+01   -1.8809286E+01   -2.7160088E+01   -8.5034898E+00   -7.5498424E+00   -9.6949267E+00   -1.2156166E+01   -7.3108106E+00   -1.0859201E+01   -6.7613823E+00
    3.8700000E+00    5.9509388E+00   -5.9378085E+00   -3.9999999E+00   -3.9057980E+00   -4.1545248E+00   -4.4761522E+00   -8.1493597E+00   -3.6702830E+00   -2.5881403E+00   -4.0680490E+00   -6.4487050E+00   -6.8816605E+00   -1.4733502E+01   -1.4000000E+01   -1.4000007E+01   -4.2466873E+00   -1.4000000E+01   -4.5715741E+00   -3.0000000E+01   -3.0668829E+00   -7.7483362E+00   -8.8241574E+00   -7.6213409E+00   -1.0471011E+01   -1.1036257E+01   -1.8790740E+01   -2.7168644E+01   -8.5006487E+00   -7.5376864E+00   -9.6642176E+00   -1.2152560E+01   -7.2825539E+00   -1.0827221E+01   -6.7322439E+00
    4.0500000E+00    5.9535365E+00   -5.9402337E+00   -3.9999999E+00   -3.8862617E+00   -4.1359738E+00   -4.4802755E+00   -8.1763738E+00   -3.6534959E+00   -2.5822164E+00   -4.1126362E+00   -6.4487062E+00   -6.8608204E+00   -1.4739772E+01   -1.4000000E+01   -1.4000007E+01   -4.2248187E+00   -1.4000000E+01   -4.5299116E+00   -3.0000000E+01   -3.0581705E+00   -7.7715263E+00   -8.8421521E+00   -7.6465670E+00   -1.0448115E+01   -1.1040738E+01   -1.8771390E+01   -2.7177042E+01   -8.4978608E+00   -7.5258149E+00   -9.6329885E+00   -1.2149079E+01   -7.2537315E+00   -1.0796563E+01   -6.7043747E+00
    4.2300000E+00    5.9561051E+00   -5.9426334E+00   -3.9999999E+00   -3.8676811E+00   -4.1182254E+00   -4.4845967E+00   -8.2022522E+00   -3.6377135E+00   -2.5764729E+00   -4.1593609E+00   -6.4487073E+00   -6.8393207E+00   -1.4745988E+01   -1.4000000E+01   -1.4000008E+01   -4.2040847E+00   -1.4000000E+01   -4.4866592E+00   -3.0000000E+01   -3.0496711E+00   -7.7936102E+00   -8.8590987E+00   -7.6706691E+00   -1.0424577E+01   -1.1045178E+01   -1.8751351E+01   -2.7185343E+01   -8.4951055E+00   -7.5141962E+00   -9.6013236E+00   -1.2145754E+01   -7.2244481E+00   -1.0767100E+01   -6.6776667E+00
    4.4100000E+00    5.9586661E+00   -5.9450288E+00   -3.9999999E+00   -3.8499723E+00   -4.1012147E+00   -4.4891124E+00   -8.2271591E+00   -3.6228441E+00   -2.5709214E+00   -4.2083919E+00   -6.4487085E+00   -6.8172659E+00   -1.4752212E+01   -1.4000000E+01   -1.4000008E+01   -4.1843758E+00   -1.4000000E+01   -4.4417637E+00   -3.0000000E+01   -3.0413750E+00   -7.8147112E+00   -8.8750777E+00   -7.6937909E+00   -1.0400482E+01   -1.1049617E+01   -1.8730729E+01   -2.7193612E+01   -8.4923615E+00   -7.5027990E+00   -9.5692973E+00   -1.2142619E+01   -7.1947991E+00   -1.0738715E+01   -6.6520269E+00
    4.5900000E+00    5.9612415E+00   -5.9474419E+00   -3.9999999E+00   -3.8330629E+00   -4.0848847E+00   -4.4938191E+00   -8.2512502E+00   -3.6088087E+00   -2.5655756E+00   -4.2599132E+00   -6.4487097E+00   -6.7947531E+00   -1.4758510E+01   -1.4000000E+01   -1.4000008E+01   -4.1655980E+00   -1.4000000E+01   -4.3951821E+00   -3.0000000E+01   -3.0332734E+00   -7.8349415E+00   -8.8901572E+00   -7.7160665E+00   -1.0375904E+01   -1.1054099E+01   -1.8709622E+01   -2.7201916E+01   -8.4896063E+00   -7.4915918E+00   -9.5369766E+00   -1.2139708E+01   -7.1648735E+00   -1.0711307E+01   -6.6273743E+00
    4.7700000E+00    5.9638547E+00   -5.9498958E+00   -3.9999999E+00   -3.8168900E+00   -4.0691851E+00   -4.4987137E+00   -8.2746747E+00   -3.5955390E+00   -2.5604507E+00   -4.3141255E+00   -6.4487109E+00   -6.7718748E+00   -1.4764950E+01   -1.4000000E+01   -1.4000009E+01   -4.1476697E+00   -1.4000000E+01   -4.3468865E+00   -3.0000000E+01   -3.0253583E+00   -7.8544052E+00   -8.9043947E+00   -7.7376228E+00   -1.0350914E+01   -1.1058672E+01   -1.8688125E+01   -2.7210324E+01   -8.4868167E+00   -7.4805430E+00   -9.5044231E+00   -1.2137061E+01   -7.1347560E+00   -1.0684780E+01   -6.6036382E+00
    4.9500000E+00    5.9665298E+00   -5.9524147E+00   -3.9999999E+00   -3.8013987E+00   -4.0540713E+00   -4.5037930E+00   -8.2975774E+00   -3.5829757E+00   -2.5555640E+00   -4.3712465E+00   -6.4487121E+00   -6.7487196E+00   -1.4771605E+01   -1.4000000E+01   -1.4000009E+01   -4.1305202E+00   -1.4000000E+01   -4.2968691E+00   -3.0000000E+01   -3.0176224E+00   -7.8731993E+00   -8.9178384E+00   -7.7585806E+00   -1.0325576E+01   -1.1063381E+01   -1.8666326E+01   -2.7218910E+01   -8.4839681E+00   -7.4696206E+00   -9.4716947E+00   -1.2134718E+01   -7.1045287E+00   -1.0659050E+01   -6.5807567E+00
    5.1300000E+00    5.9692923E+00   -5.9550239E+00   -3.9999999E+00   -3.7865410E+00   -4.0395039E+00   -4.5090540E+00   -8.3200995E+00   -3.5710675E+00   -2.5509342E+00   -4.4315117E+00   -6.4487133E+00   -6.7253739E+00   -1.4778548E+01   -1.4000000E+01   -1.4000010E+01   -4.1140876E+00   -1.4000000E+01   -4.2451492E+00   -3.0000000E+01   -3.0100591E+00   -7.8914151E+00   -8.9305293E+00   -7.7790566E+00   -1.0299951E+01   -1.1068278E+01   -1.8644312E+01   -2.7227751E+01   -8.4810352E+00   -7.4587924E+00   -9.4388463E+00   -1.2132723E+01   -7.0742718E+00   -1.0634035E+01   -6.5586756E+00
    5.3100000E+00    5.9721682E+00   -5.9577492E+00   -3.9999999E+00   -3.7722750E+00   -4.0254475E+00   -4.5144935E+00   -8.3423789E+00   -3.5597693E+00   -2.5465818E+00   -4.4951741E+00   -6.4487146E+00   -6.7019223E+00   -1.4785858E+01   -1.4000000E+01   -1.4000010E+01   -4.0983174E+00   -1.4000000E+01   -4.1917796E+00   -3.0000000E+01   -3.0026626E+00   -7.9091392E+00   -8.9425016E+00   -7.7991628E+00   -1.0274098E+01   -1.1073415E+01   -1.8622170E+01   -2.7236923E+01   -8.4779918E+00   -7.4480263E+00   -9.4059311E+00   -1.2131122E+01   -7.0440643E+00   -1.0609663E+01   -6.5373471E+00
    5.4900000E+00    5.9751839E+00   -5.9606170E+00   -3.9999999E+00   -3.7585634E+00   -4.0118705E+00   -4.5201085E+00   -8.3645494E+00   -3.5490419E+00   -2.5425277E+00   -4.5625033E+00   -6.4487158E+00   -6.6784477E+00   -1.4793611E+01   -1.4000000E+01   -1.4000011E+01   -4.0831615E+00   -1.4000000E+01   -4.1368545E+00   -3.0000000E+01   -2.9954275E+00   -7.9264532E+00   -8.9537841E+00   -7.8190071E+00   -1.0248074E+01   -1.1078842E+01   -1.8599983E+01   -2.7246507E+01   -8.4748113E+00   -7.4372901E+00   -9.3730006E+00   -1.2129963E+01   -7.0139842E+00   -1.0585863E+01   -6.5167288E+00
    5.6700000E+00    5.9783656E+00   -5.9636534E+00   -3.9999999E+00   -3.7453737E+00   -3.9987449E+00   -4.5258960E+00   -8.3867393E+00   -3.5388508E+00   -2.5387934E+00   -4.6337841E+00   -6.4487170E+00   -6.6550313E+00   -1.4801886E+01   -1.4000000E+01   -1.4000011E+01   -4.0685777E+00   -1.4000000E+01   -4.0805166E+00   -3.0000000E+01   -2.9883490E+00   -7.9434337E+00   -8.9644013E+00   -7.8386921E+00   -1.0221935E+01   -1.1084612E+01   -1.8577832E+01   -2.7256581E+01   -8.4714677E+00   -7.4265527E+00   -9.3401054E+00   -1.2129292E+01   -6.9841081E+00   -1.0562574E+01   -6.4967835E+00
    5.8500000E+00    5.9817381E+00   -5.9668833E+00   -3.9999999E+00   -3.7326768E+00   -3.9860450E+00   -4.5318527E+00   -8.4090689E+00   -3.5291657E+00   -2.5353997E+00   -4.7093133E+00   -6.4487182E+00   -6.6317522E+00   -1.4810757E+01   -1.4000000E+01   -1.4000012E+01   -4.0545278E+00   -1.4000000E+01   -4.0229629E+00   -3.0000000E+01   -2.9814228E+00   -7.9601518E+00   -8.9743743E+00   -7.8583135E+00   -1.0195734E+01   -1.1090774E+01   -1.8555798E+01   -2.7267218E+01   -8.4679359E+00   -7.4157847E+00   -9.3072956E+00   -1.2129155E+01   -6.9545110E+00   -1.0539736E+01   -6.4774779E+00
    6.0300000E+00    5.9853243E+00   -5.9703294E+00   -3.9999999E+00   -3.7204469E+00   -3.9737480E+00   -4.5379753E+00   -8.4316474E+00   -3.5199598E+00   -2.5323653E+00   -4.7893954E+00   -6.4487195E+00   -6.6086868E+00   -1.4820290E+01   -1.4000000E+01   -1.4000013E+01   -4.0409783E+00   -1.4000000E+01   -3.9644481E+00   -3.0000000E+01   -2.9746449E+00   -7.9766713E+00   -8.9837214E+00   -7.8779579E+00   -1.0169525E+01   -1.1097373E+01   -1.8533956E+01   -2.7278489E+01   -8.4641930E+00   -7.4049592E+00   -9.2746213E+00   -1.2129592E+01   -6.9252656E+00   -1.0517297E+01   -6.4587824E+00
    6.2100000E+00    5.9891435E+00   -5.9740108E+00   -3.9999999E+00   -3.7086609E+00   -3.9618330E+00   -4.5442606E+00   -8.4545685E+00   -3.5112094E+00   -2.5297060E+00   -4.8743370E+00   -6.4487207E+00   -6.5859079E+00   -1.4830542E+01   -1.4000000E+01   -1.4000013E+01   -4.0278988E+00   -1.4000000E+01   -3.9052845E+00   -3.0000000E+01   -2.9680118E+00   -7.9930481E+00   -8.9924599E+00   -7.8977001E+00   -1.0143362E+01   -1.1104447E+01   -1.8512380E+01   -2.7290448E+01   -8.4602198E+00   -7.3940533E+00   -9.2421327E+00   -1.2130639E+01   -6.8964414E+00   -1.0495211E+01   -6.4406705E+00
    6.3900000E+00    5.9932101E+00   -5.9779421E+00   -3.9999999E+00   -3.6972977E+00   -3.9502812E+00   -4.5507050E+00   -8.4779065E+00   -3.5028930E+00   -2.5274332E+00   -4.9644384E+00   -6.4487220E+00   -6.5634840E+00   -1.4841558E+01   -1.4000000E+01   -1.4000014E+01   -4.0152619E+00   -1.4000000E+01   -3.8458365E+00   -3.0000000E+01   -2.9615203E+00   -8.0093276E+00   -9.0006063E+00   -7.9176000E+00   -1.0117300E+01   -1.1112024E+01   -1.8491139E+01   -2.7303141E+01   -8.4560017E+00   -7.3830490E+00   -9.2098806E+00   -1.2132321E+01   -6.8681038E+00   -1.0473440E+01   -6.4231179E+00
    6.5700000E+00    5.9975326E+00   -5.9821316E+00   -3.9999999E+00   -3.6863384E+00   -3.9390750E+00   -4.5573050E+00   -8.5017120E+00   -3.4949913E+00   -2.5255522E+00   -5.0599840E+00   -6.4487232E+00   -6.5414781E+00   -1.4853359E+01   -1.4000000E+01   -1.4000015E+01   -4.0030428E+00   -1.4000000E+01   -3.7865101E+00   -3.0000000E+01   -2.9551671E+00   -8.0255439E+00   -9.0081775E+00   -7.9377002E+00   -1.0091392E+01   -1.1120121E+01   -1.8470297E+01   -2.7316592E+01   -8.4515301E+00   -7.3719347E+00   -9.1779167E+00   -1.2134650E+01   -6.8403128E+00   -1.0451952E+01   -6.4061025E+00
    6.7500000E+00    6.0021125E+00   -5.9865809E+00   -3.9999999E+00   -3.6757651E+00   -3.9281986E+00   -4.5640570E+00   -8.5260086E+00   -3.4874865E+00   -2.5240615E+00   -5.1612293E+00   -6.4487244E+00   -6.5199468E+00   -1.4865952E+01   -1.4000000E+01   -1.4000015E+01   -3.9912189E+00   -1.4000000E+01   -3.7277366E+00   -3.0000000E+01   -2.9489494E+00   -8.0417180E+00   -9.0151919E+00   -7.9580227E+00   -1.0065694E+01   -1.1128739E+01   -1.8449909E+01   -2.7330805E+01   -8.4468037E+00   -7.3607057E+00   -9.1462935E+00   -1.2137627E+01   -6.8131223E+00   -1.0430726E+01   -6.3896036E+00
    6.9300000E+00    6.0069435E+00   -5.9912837E+00   -3.9999999E+00   -3.6655613E+00   -3.9176369E+00   -4.5709574E+00   -8.5507911E+00   -3.4803618E+00   -2.5229521E+00   -5.2683846E+00   -6.4487257E+00   -6.4989395E+00   -1.4879316E+01   -1.4000000E+01   -1.4000016E+01   -3.9797694E+00   -1.4000000E+01   -3.6699521E+00   -3.0000000E+01   -2.9428642E+00   -8.0578573E+00   -9.0216691E+00   -7.9785689E+00   -1.0040262E+01   -1.1137866E+01   -1.8430027E+01   -2.7345761E+01   -8.4418285E+00   -7.3493653E+00   -9.1150636E+00   -1.2141236E+01   -6.7865788E+00   -1.0409749E+01   -6.3736020E+00
    7.1100000E+00    6.0120120E+00   -5.9962261E+00   -3.9999999E+00   -3.6557112E+00   -3.9073760E+00   -4.5780025E+00   -8.5760257E+00   -3.4736016E+00   -2.5222073E+00   -5.3815916E+00   -6.4487270E+00   -6.4784974E+00   -1.4893408E+01   -1.4000000E+01   -1.4000017E+01   -3.9686750E+00   -1.4000000E+01   -3.6135750E+00   -3.0000000E+01   -2.9369086E+00   -8.0739561E+00   -9.0276309E+00   -7.9993190E+00   -1.0015151E+01   -1.1147475E+01   -1.8410690E+01   -2.7361419E+01   -8.4366183E+00   -7.3379241E+00   -9.0842794E+00   -1.2145446E+01   -6.7607206E+00   -1.0389015E+01   -6.3580788E+00
    7.2900000E+00    6.0172972E+00   -6.0013874E+00   -3.9999999E+00   -3.6461997E+00   -3.8974027E+00   -4.5851890E+00   -8.6016532E+00   -3.4671906E+00   -2.5218033E+00   -5.5008871E+00   -6.4487282E+00   -6.4586531E+00   -1.4908168E+01   -1.4000000E+01   -1.4000017E+01   -3.9579178E+00   -1.4000000E+01   -3.5589845E+00   -3.0000000E+01   -2.9310794E+00   -8.0899966E+00   -9.0331010E+00   -8.0202347E+00   -9.9904141E+00   -1.1157523E+01   -1.8391933E+01   -2.7377717E+01   -8.4311937E+00   -7.3263997E+00   -9.0539912E+00   -1.2150213E+01   -6.7355776E+00   -1.0368527E+01   -6.3430160E+00
    7.4700000E+00    6.0227731E+00   -6.0067416E+00   -3.9999999E+00   -3.6370123E+00   -3.8877046E+00   -4.5925136E+00   -8.6275942E+00   -3.4611139E+00   -2.5217111E+00   -5.6261378E+00   -6.4487295E+00   -6.4394303E+00   -1.4923516E+01   -1.4000000E+01   -1.4000018E+01   -3.9474809E+00   -1.4000000E+01   -3.5065022E+00   -3.0000000E+01   -2.9253737E+00   -8.1059519E+00   -9.0381045E+00   -8.0412626E+00   -9.9661013E+00   -1.1167958E+01   -1.8373780E+01   -2.7394577E+01   -8.4255807E+00   -7.3148148E+00   -9.0242459E+00   -1.2155481E+01   -6.7111706E+00   -1.0348293E+01   -6.3283961E+00
    7.6500000E+00    6.0284104E+00   -6.0122594E+00   -3.9999999E+00   -3.6281345E+00   -3.8782696E+00   -4.5999733E+00   -8.6537571E+00   -3.4553571E+00   -2.5218984E+00   -5.7569163E+00   -6.4487307E+00   -6.4208441E+00   -1.4939364E+01   -1.4000000E+01   -1.4000019E+01   -3.9373487E+00   -1.4000000E+01   -3.4563803E+00   -3.0000000E+01   -2.9197882E+00   -8.1217894E+00   -9.0426673E+00   -8.0623410E+00   -9.9422571E+00   -1.1178721E+01   -1.8356245E+01   -2.7411910E+01   -8.4198085E+00   -7.3031954E+00   -8.9950849E+00   -1.2161189E+01   -6.6875115E+00   -1.0328326E+01   -6.3142015E+00
    7.8300000E+00    6.0341795E+00   -6.0179110E+00   -3.9999999E+00   -3.6195526E+00   -3.8690864E+00   -4.6075652E+00   -8.6800484E+00   -3.4499059E+00   -2.5223320E+00   -5.8922501E+00   -6.4487320E+00   -6.4029014E+00   -1.4955623E+01   -1.4000000E+01   -1.4000020E+01   -3.9275060E+00   -1.4000000E+01   -3.4087976E+00   -3.0000000E+01   -2.9143195E+00   -8.1374752E+00   -9.0468150E+00   -8.0834060E+00   -9.9189181E+00   -1.1189754E+01   -1.8339336E+01   -2.7429630E+01   -8.4139068E+00   -7.2915677E+00   -8.9665415E+00   -1.2167274E+01   -6.6646040E+00   -1.0308637E+01   -6.3004152E+00
    8.0100000E+00    6.0400535E+00   -6.0236696E+00   -3.9999999E+00   -3.6112522E+00   -3.8601449E+00   -4.6152681E+00   -8.7063843E+00   -3.4447483E+00   -2.5229817E+00   -6.0301100E+00   -6.4487332E+00   -6.3855992E+00   -1.4972212E+01   -1.4000000E+01   -1.4000020E+01   -3.9179404E+00   -1.4000000E+01   -3.3639484E+00   -3.0000000E+01   -2.9089641E+00   -8.1529798E+00   -9.0505715E+00   -8.1044010E+00   -9.8961086E+00   -1.1201001E+01   -1.8323050E+01   -2.7447654E+01   -8.4079024E+00   -7.2799548E+00   -8.9386367E+00   -1.2173679E+01   -6.6424422E+00   -1.0289237E+01   -6.2870194E+00
    8.1900000E+00    6.0461167E+00   -6.0296195E+00   -3.9999999E+00   -3.6026385E+00   -3.8518297E+00   -4.6124369E+00   -8.7350964E+00   -3.4407936E+00   -2.5238297E+00   -6.1675824E+00   -6.4487345E+00   -6.3675314E+00   -1.4989388E+01   -1.4000000E+01   -1.4000021E+01   -3.9093245E+00   -1.4000000E+01   -3.3692425E+00   -3.0000000E+01   -2.9036204E+00   -8.1704647E+00   -9.0559301E+00   -8.1275726E+00   -9.8723374E+00   -1.1212637E+01   -1.8305980E+01   -2.7466239E+01   -8.4017112E+00   -7.2681715E+00   -8.9097770E+00   -1.2180474E+01   -6.6195170E+00   -1.0269343E+01   -6.2733173E+00
    8.3700000E+00    6.0522001E+00   -6.0355916E+00   -3.9999999E+00   -3.5943119E+00   -3.8437262E+00   -4.6097922E+00   -8.7615300E+00   -3.4371103E+00   -2.5248089E+00   -6.3053437E+00   -6.4487357E+00   -6.3502005E+00   -1.5006637E+01   -1.4000000E+01   -1.4000022E+01   -3.9009176E+00   -1.4000000E+01   -3.3728632E+00   -3.0000000E+01   -2.8983896E+00   -8.1856149E+00   -9.0589135E+00   -8.1484360E+00   -9.8492768E+00   -1.1224316E+01   -1.8289631E+01   -2.7484873E+01   -8.3955018E+00   -7.2564871E+00   -8.8817366E+00   -1.2187417E+01   -6.5974335E+00   -1.0249826E+01   -6.2600110E+00
    8.5500000E+00    6.0582642E+00   -6.0415463E+00   -3.9999999E+00   -3.5862574E+00   -3.8358249E+00   -4.6073194E+00   -8.7876059E+00   -3.4336842E+00   -2.5258757E+00   -6.4425958E+00   -6.4487370E+00   -6.3335693E+00   -1.5023844E+01   -1.4000000E+01   -1.4000023E+01   -3.8927108E+00   -1.4000000E+01   -3.3752656E+00   -3.0000000E+01   -2.8932678E+00   -8.2004310E+00   -9.0616014E+00   -8.1689520E+00   -9.8269293E+00   -1.1235963E+01   -1.8273965E+01   -2.7503441E+01   -8.3893138E+00   -7.2449371E+00   -8.8545143E+00   -1.2194428E+01   -6.5761508E+00   -1.0230708E+01   -6.2470817E+00
    8.7300000E+00    6.0642847E+00   -6.0474593E+00   -3.9999999E+00   -3.5784605E+00   -3.8281163E+00   -4.6050065E+00   -8.8132529E+00   -3.4305012E+00   -2.5270018E+00   -6.5792269E+00   -6.4487382E+00   -6.3175993E+00   -1.5040935E+01   -1.4000000E+01   -1.4000024E+01   -3.8846958E+00   -1.4000000E+01   -3.3767817E+00   -3.0000000E+01   -2.8882509E+00   -8.2148905E+00   -9.0640199E+00   -8.1890739E+00   -9.8052809E+00   -1.1247529E+01   -1.8258945E+01   -2.7521871E+01   -8.3831713E+00   -7.2335412E+00   -8.8280919E+00   -1.2201456E+01   -6.5556265E+00   -1.0211995E+01   -6.2345108E+00
    8.9100000E+00    6.0702451E+00   -6.0533139E+00   -3.9999999E+00   -3.5709074E+00   -3.8205913E+00   -4.6028430E+00   -8.8384229E+00   -3.4275482E+00   -2.5281666E+00   -6.7148976E+00   -6.4487395E+00   -6.3022524E+00   -1.5057861E+01   -1.4000000E+01   -1.4000025E+01   -3.8768650E+00   -1.4000000E+01   -3.3776539E+00   -3.0000000E+01   -2.8833348E+00   -8.2289795E+00   -9.0661881E+00   -8.2087705E+00   -9.7843102E+00   -1.1258982E+01   -1.8244533E+01   -2.7540115E+01   -8.3770909E+00   -7.2223122E+00   -8.8024444E+00   -1.2208464E+01   -6.5358186E+00   -1.0193684E+01   -6.2222808E+00
    9.0900000E+00    6.0761336E+00   -6.0590983E+00   -3.9999999E+00   -3.5635852E+00   -3.8132415E+00   -4.6008195E+00   -8.8630857E+00   -3.4248125E+00   -2.5293548E+00   -6.8488783E+00   -6.4487407E+00   -6.2874915E+00   -1.5074586E+01   -1.4000000E+01   -1.4000025E+01   -3.8692106E+00   -1.4000000E+01   -3.3780599E+00   -3.0000000E+01   -2.8785157E+00   -8.2426913E+00   -9.0681229E+00   -8.2280236E+00   -9.7639921E+00   -1.1270298E+01   -1.8230692E+01   -2.7558136E+01   -8.3710842E+00   -7.2112574E+00   -8.7775427E+00   -1.2215425E+01   -6.5166868E+00   -1.0175771E+01   -6.2103751E+00
    9.2700000E+00    6.0819419E+00   -6.0648043E+00   -3.9999999E+00   -3.5564818E+00   -3.8060590E+00   -4.5989275E+00   -8.8872226E+00   -3.4222823E+00   -2.5305544E+00   -6.9797510E+00   -6.4487420E+00   -6.2732815E+00   -1.5091086E+01   -1.4000000E+01   -1.4000026E+01   -3.8617252E+00   -1.4000000E+01   -3.3781305E+00   -3.0000000E+01   -2.8737900E+00   -8.2560243E+00   -9.0698392E+00   -8.2468231E+00   -9.7442998E+00   -1.1281459E+01   -1.8217389E+01   -2.7575911E+01   -8.3651595E+00   -7.2003814E+00   -8.7533567E+00   -1.2222318E+01   -6.4981922E+00   -1.0158248E+01   -6.1987779E+00
    9.4500000E+00    6.0876639E+00   -6.0704254E+00   -3.9999999E+00   -3.5495859E+00   -3.7990367E+00   -4.5971595E+00   -8.9108218E+00   -3.4199463E+00   -2.5317557E+00   -7.1049028E+00   -6.4487432E+00   -6.2595893E+00   -1.5107340E+01   -1.4000000E+01   -1.4000027E+01   -3.8544014E+00   -1.4000000E+01   -3.3779624E+00   -3.0000000E+01   -2.8691540E+00   -8.2689797E+00   -9.0713506E+00   -8.2651637E+00   -9.7252068E+00   -1.1292455E+01   -1.8204589E+01   -2.7593422E+01   -8.3593228E+00   -7.1896867E+00   -8.7298563E+00   -1.2229127E+01   -6.4802985E+00   -1.0141108E+01   -6.1874746E+00
    9.6300000E+00    6.0932945E+00   -6.0759567E+00   -3.9999999E+00   -3.5428868E+00   -3.7921686E+00   -4.5955081E+00   -8.9338753E+00   -3.4177939E+00   -2.5329503E+00   -7.2197812E+00   -6.4487445E+00   -6.2463840E+00   -1.5123333E+01   -1.4000000E+01   -1.4000028E+01   -3.8472318E+00   -1.4000000E+01   -3.3776288E+00   -3.0000000E+01   -2.8646045E+00   -8.2815600E+00   -9.0726697E+00   -8.2830427E+00   -9.7066873E+00   -1.1303273E+01   -1.8192263E+01   -2.7610653E+01   -8.3535792E+00   -7.1791747E+00   -8.7070125E+00   -1.2235840E+01   -6.4629717E+00   -1.0124340E+01   -6.1764512E+00
    9.8100000E+00    6.0988289E+00   -6.0813933E+00   -3.9999999E+00   -3.5363745E+00   -3.7854493E+00   -4.5939669E+00   -8.9563758E+00   -3.4158152E+00   -2.5341302E+00   -7.3171146E+00   -6.4487458E+00   -6.2336371E+00   -1.5139051E+01   -1.4000000E+01   -1.4000028E+01   -3.8402085E+00   -1.4000000E+01   -3.3771858E+00   -3.0000000E+01   -2.8601381E+00   -8.2937678E+00   -9.0738087E+00   -8.3004578E+00   -9.6887177E+00   -1.1313906E+01   -1.8180383E+01   -2.7627590E+01   -8.3479334E+00   -7.1688467E+00   -8.6847985E+00   -1.2242443E+01   -6.4461802E+00   -1.0107937E+01   -6.1656945E+00
    9.9900000E+00    6.1042621E+00   -6.0867302E+00   -3.9999999E+00   -3.5300396E+00   -3.7788746E+00   -4.5925295E+00   -8.9783143E+00   -3.4140007E+00   -2.5352874E+00   -7.3869125E+00   -6.4487470E+00   -6.2213222E+00   -1.5154477E+01   -1.4000000E+01   -1.4000029E+01   -3.8333232E+00   -1.4000000E+01   -3.3766786E+00   -3.0000000E+01   -2.8557517E+00   -8.3056046E+00   -9.0747791E+00   -8.3174052E+00   -9.6712770E+00   -1.1324341E+01   -1.8168923E+01   -2.7644218E+01   -8.3423903E+00   -7.1587045E+00   -8.6631903E+00   -1.2248923E+01   -6.4298948E+00   -1.0091891E+01   -6.1551922E+00
    1.0170000E+01    6.1095882E+00   -6.0919612E+00   -3.9999999E+00   -3.5238733E+00   -3.7724416E+00   -4.5911902E+00   -8.9996781E+00   -3.4123415E+00   -2.5364129E+00   -7.4186845E+00   -6.4487483E+00   -6.2094156E+00   -1.5169595E+01   -1.4000000E+01   -1.4000030E+01   -3.8265670E+00   -1.4000000E+01   -3.3761462E+00   -3.0000000E+01   -2.8514422E+00   -8.3170700E+00   -9.0755925E+00   -8.3338786E+00   -9.6543473E+00   -1.1334568E+01   -1.8157860E+01   -2.7660520E+01   -8.3369559E+00   -7.1487510E+00   -8.6421672E+00   -1.2255266E+01   -6.4140888E+00   -1.0076196E+01   -6.1449323E+00
    1.0350000E+01    6.1147995E+00   -6.0970789E+00   -3.9999999E+00   -3.5178670E+00   -3.7661484E+00   -4.5899438E+00   -9.0204485E+00   -3.4108291E+00   -2.5374964E+00   -7.4061750E+00   -6.4487496E+00   -6.1978957E+00   -1.5184380E+01   -1.4000000E+01   -1.4000031E+01   -3.8199304E+00   -1.4000000E+01   -3.3756250E+00   -3.0000000E+01   -2.8472069E+00   -8.3281609E+00   -9.0762607E+00   -8.3498669E+00   -9.6379150E+00   -1.1344571E+01   -1.8147172E+01   -2.7676474E+01   -8.3316376E+00   -7.1389905E+00   -8.6217125E+00   -1.2261453E+01   -6.3987380E+00   -1.0060849E+01   -6.1349038E+00
    1.0530000E+01    6.1198865E+00   -6.1020735E+00   -3.9999999E+00   -3.5120129E+00   -3.7599941E+00   -4.5887854E+00   -9.0405987E+00   -3.4094551E+00   -2.5385254E+00   -7.3512162E+00   -6.4487508E+00   -6.1867436E+00   -1.5198803E+01   -1.4000000E+01   -1.4000031E+01   -3.8134028E+00   -1.4000000E+01   -3.3751532E+00   -3.0000000E+01   -2.8430428E+00   -8.3388700E+00   -9.0767958E+00   -8.3653533E+00   -9.6219707E+00   -1.1354331E+01   -1.8136840E+01   -2.7692050E+01   -8.3264451E+00   -7.1294297E+00   -8.6018145E+00   -1.2267462E+01   -6.3838209E+00   -1.0045848E+01   -6.1250960E+00
    1.0710000E+01    6.1248366E+00   -6.1069326E+00   -3.9999999E+00   -3.5063033E+00   -3.7539791E+00   -4.5877105E+00   -9.0600913E+00   -3.4082117E+00   -2.5394847E+00   -7.2625183E+00   -6.4487521E+00   -6.1759430E+00   -1.5212826E+01   -1.4000000E+01   -1.4000032E+01   -3.8069735E+00   -1.4000000E+01   -3.3747741E+00   -3.0000000E+01   -2.8389473E+00   -8.3491852E+00   -9.0772108E+00   -8.3803130E+00   -9.6065110E+00   -1.1363821E+01   -1.8126850E+01   -2.7707211E+01   -8.3213908E+00   -7.1200782E+00   -8.5824669E+00   -1.2273266E+01   -6.3693186E+00   -1.0031196E+01   -6.1154984E+00
    1.0890000E+01    6.1296339E+00   -6.1116399E+00   -3.9999999E+00   -3.5007308E+00   -3.7481040E+00   -4.5867152E+00   -9.0788757E+00   -3.4070911E+00   -2.5403557E+00   -7.1508069E+00   -6.4487534E+00   -6.1654808E+00   -1.5226401E+01   -1.4000000E+01   -1.4000033E+01   -3.8006312E+00   -1.4000000E+01   -3.3745417E+00   -3.0000000E+01   -2.8349175E+00   -8.3590886E+00   -9.0775195E+00   -8.3947117E+00   -9.5915387E+00   -1.1373010E+01   -1.8117188E+01   -2.7721908E+01   -8.3164905E+00   -7.1109492E+00   -8.5636699E+00   -1.2278829E+01   -6.3552155E+00   -1.0016898E+01   -6.1061012E+00
    1.1070000E+01    6.1342582E+00   -6.1161754E+00   -3.9999999E+00   -3.4952883E+00   -3.7423696E+00   -4.5857960E+00   -9.0968861E+00   -3.4060855E+00   -2.5411155E+00   -7.0250073E+00   -6.4487547E+00   -6.1553472E+00   -1.5239466E+01   -1.4000000E+01   -1.4000034E+01   -3.7943649E+00   -1.4000000E+01   -3.3745258E+00   -3.0000000E+01   -2.8309509E+00   -8.3685547E+00   -9.0777371E+00   -8.4085039E+00   -9.5770645E+00   -1.1381857E+01   -1.8107844E+01   -2.7736082E+01   -8.3117646E+00   -7.1020600E+00   -8.5454316E+00   -1.2284108E+01   -6.3414994E+00   -1.0002965E+01   -6.0968946E+00
    1.1250000E+01    6.1386845E+00   -6.1205140E+00   -3.9999999E+00   -3.4899686E+00   -3.7367766E+00   -4.5849500E+00   -9.1140385E+00   -3.4051872E+00   -2.5417366E+00   -6.8911614E+00   -6.4487560E+00   -6.1455368E+00   -1.5251946E+01   -1.4000000E+01   -1.4000034E+01   -3.7881643E+00   -1.4000000E+01   -3.3748196E+00   -3.0000000E+01   -2.8270446E+00   -8.3775504E+00   -9.0778802E+00   -8.4216311E+00   -9.5631083E+00   -1.1390311E+01   -1.8098815E+01   -2.7749657E+01   -8.3072379E+00   -7.0934328E+00   -8.5277693E+00   -1.2289049E+01   -6.3281623E+00   -9.9894116E+00   -6.0878689E+00
    1.1430000E+01    6.1428824E+00   -6.1246253E+00   -3.9999999E+00   -3.4847649E+00   -3.7313246E+00   -4.5841747E+00   -9.1302300E+00   -3.4043884E+00   -2.5421858E+00   -6.7529231E+00   -6.4487573E+00   -6.1360498E+00   -1.5263748E+01   -1.4000000E+01   -1.4000035E+01   -3.7820200E+00   -1.4000000E+01   -3.3755501E+00   -3.0000000E+01   -2.8231960E+00   -8.3860334E+00   -9.0779674E+00   -8.4340205E+00   -9.5497004E+00   -1.1398311E+01   -1.8090100E+01   -2.7762542E+01   -8.3029406E+00   -7.0850949E+00   -8.5107108E+00   -1.2293590E+01   -6.3152018E+00   -9.9762595E+00   -6.0790145E+00
    1.1610000E+01    6.1468163E+00   -6.1284736E+00   -3.9999999E+00   -3.4796702E+00   -3.7260122E+00   -4.5834685E+00   -9.1453377E+00   -3.4036810E+00   -2.5424249E+00   -6.6123830E+00   -6.4487587E+00   -6.1268931E+00   -1.5274764E+01   -1.4000000E+01   -1.4000036E+01   -3.7759244E+00   -1.4000000E+01   -3.3768913E+00   -3.0000000E+01   -2.8194024E+00   -8.3939525E+00   -9.0780186E+00   -8.4455855E+00   -9.5368836E+00   -1.1405785E+01   -1.8081707E+01   -2.7774628E+01   -8.2989084E+00   -7.0770791E+00   -8.4942962E+00   -1.2297655E+01   -6.3026223E+00   -9.9635342E+00   -6.0703220E+00
    1.1790000E+01    6.1504459E+00   -6.1320184E+00   -3.9999999E+00   -3.4746775E+00   -3.7208359E+00   -4.5828304E+00   -9.1592212E+00   -3.4030566E+00   -2.5424106E+00   -6.4707243E+00   -6.4487600E+00   -6.1180825E+00   -1.5284871E+01   -1.4000000E+01   -1.4000036E+01   -3.7698715E+00   -1.4000000E+01   -3.3790824E+00   -3.0000000E+01   -2.8156608E+00   -8.4012489E+00   -9.0780559E+00   -8.4562261E+00   -9.5247145E+00   -1.1412650E+01   -1.8073652E+01   -2.7785794E+01   -8.2951816E+00   -7.0694229E+00   -8.4785793E+00   -1.2301160E+01   -6.2904372E+00   -9.9512664E+00   -6.0617815E+00
    1.1970000E+01    6.1537274E+00   -6.1352161E+00   -3.9999999E+00   -3.4697798E+00   -3.7157909E+00   -4.5822599E+00   -9.1717289E+00   -3.4025066E+00   -2.5420965E+00   -6.3286422E+00   -6.4487613E+00   -6.1096463E+00   -1.5293937E+01   -1.4000000E+01   -1.3999990E+01   -3.7638576E+00   -1.4000000E+01   -3.3824517E+00   -3.0000000E+01   -2.8119684E+00   -8.4078583E+00   -9.0781024E+00   -8.4658348E+00   -9.5132650E+00   -1.1418816E+01   -1.8065916E+01   -2.7795860E+01   -8.2918038E+00   -7.0621666E+00   -8.4636292E+00   -1.2304011E+01   -6.2786718E+00   -9.9394898E+00   -6.0533833E+00
    1.2150000E+01    6.1566174E+00   -6.1380232E+00   -3.9999999E+00   -3.4649700E+00   -3.7108701E+00   -4.5817574E+00   -9.1827099E+00   -3.4020219E+00   -2.5414362E+00   -6.1865921E+00   -6.4487627E+00   -6.1016280E+00   -1.5301828E+01   -1.4000000E+01   -1.3973923E+01   -3.7578810E+00   -1.4000000E+01   -3.3874486E+00   -3.0000000E+01   -2.8083222E+00   -8.4137173E+00   -9.0781812E+00   -8.4743041E+00   -9.5026223E+00   -1.1424196E+01   -1.8032572E+01   -2.7778722E+01   -8.2888184E+00   -7.0553507E+00   -8.4495304E+00   -1.2306118E+01   -6.2673671E+00   -9.9282379E+00   -6.0451173E+00
    1.2330000E+01    6.1590757E+00   -6.1403993E+00   -3.9999999E+00   -3.4602477E+00   -3.7060672E+00   -4.5813187E+00   -9.1920242E+00   -3.4015948E+00   -2.5403892E+00   -6.0449331E+00   -6.4487640E+00   -6.0940890E+00   -1.5308420E+01   -1.4000000E+01   -1.2440790E+01   -3.7519452E+00   -1.4000000E+01   -3.3946844E+00   -3.0000000E+01   -2.8047219E+00   -8.4187666E+00   -9.0783140E+00   -8.4815347E+00   -9.4928880E+00   -1.1428704E+01   -1.6492633E+01   -2.6253207E+01   -8.2862656E+00   -7.0490150E+00   -8.4363841E+00   -1.2307397E+01   -6.2565841E+00   -9.9175503E+00   -6.0369830E+00
    1.2510000E+01    6.1596007E+00   -6.1408744E+00   -3.9999999E+00   -3.4594085E+00   -3.7027600E+00   -4.5780015E+00   -9.4406624E+00   -3.4020622E+00   -2.5389206E+00   -5.9033653E+00   -6.4487647E+00   -6.0851672E+00   -1.5309450E+01   -1.4000000E+01   -9.6962793E+00   -3.7476694E+00   -1.4000000E+01   -3.4049088E+00   -3.0000000E+01   -2.8026705E+00   -8.6667503E+00   -9.3252477E+00   -8.7298751E+00   -9.4836010E+00   -1.1429436E+01   -1.3739645E+01   -2.3510350E+01   -8.2856832E+00   -7.0462705E+00   -8.4251601E+00   -1.2306303E+01   -6.2458274E+00   -9.9141914E+00   -6.0342068E+00
    1.2690000E+01    6.1599117E+00   -6.1411358E+00   -3.9999999E+00   -3.4585714E+00   -3.6994958E+00   -4.5747226E+00   -9.4425617E+00   -3.4025241E+00   -2.5372470E+00   -5.8122381E+00   -6.4487655E+00   -6.0767930E+00   -1.5309879E+01   -1.4000000E+01   -9.3477588E+00   -3.7434161E+00   -1.4000000E+01   -3.4176703E+00   -3.0000000E+01   -2.8006284E+00   -8.6684217E+00   -9.3262970E+00   -8.7316898E+00   -9.4750749E+00   -1.1429780E+01   -1.3383195E+01   -2.3162879E+01   -8.2853149E+00   -7.0437496E+00   -8.4147059E+00   -1.2304828E+01   -6.2356267E+00   -9.9110575E+00   -6.0314415E+00
    1.2870000E+01    6.1600531E+00   -6.1412276E+00   -3.9999999E+00   -3.4577361E+00   -3.6962714E+00   -4.5714916E+00   -9.4428494E+00   -3.4029853E+00   -2.5354138E+00   -5.7450436E+00   -6.4487662E+00   -6.0689100E+00   -1.5309804E+01   -1.4000000E+01   -9.1318341E+00   -3.7391866E+00   -1.4000000E+01   -3.4326537E+00   -3.0000000E+01   -2.7985965E+00   -8.6688192E+00   -9.3264119E+00   -8.7320616E+00   -9.4672092E+00   -1.1429789E+01   -1.3159829E+01   -2.2947498E+01   -8.2851166E+00   -7.0414092E+00   -8.4049219E+00   -1.2303029E+01   -6.2259267E+00   -9.9081053E+00   -6.0286879E+00
    1.3050000E+01    6.1600529E+00   -6.1411782E+00   -3.9999999E+00   -3.4569023E+00   -3.6930840E+00   -4.5683080E+00   -9.4426024E+00   -3.4034454E+00   -2.5334489E+00   -5.6900873E+00   -6.4487669E+00   -6.0614841E+00   -1.5309308E+01   -1.4000000E+01   -8.9720886E+00   -3.7349822E+00   -1.4000000E+01   -3.4497100E+00   -3.0000000E+01   -2.7965746E+00   -8.6689636E+00   -9.3265566E+00   -8.7320393E+00   -9.4599415E+00   -1.1429518E+01   -1.2993098E+01   -2.2787874E+01   -8.2850599E+00   -7.0392209E+00   -8.3957454E+00   -1.2300959E+01   -6.2166929E+00   -9.9053058E+00   -6.0259454E+00
    1.3230000E+01    6.1599316E+00   -6.1410077E+00   -3.9999999E+00   -3.4560698E+00   -3.6899303E+00   -4.5651708E+00   -9.4418994E+00   -3.4039041E+00   -2.5313721E+00   -5.6413232E+00   -6.4487676E+00   -6.0544984E+00   -1.5308449E+01   -1.4000000E+01   -8.8435826E+00   -3.7308040E+00   -1.4000000E+01   -3.4688224E+00   -3.0000000E+01   -2.7945622E+00   -8.6688930E+00   -9.3267286E+00   -8.7316814E+00   -9.4532346E+00   -1.1429004E+01   -1.2858046E+01   -2.2659123E+01   -8.2851246E+00   -7.0371638E+00   -8.3871390E+00   -1.2298654E+01   -6.2079082E+00   -9.9026381E+00   -6.0232134E+00
    1.3410000E+01    6.1597051E+00   -6.1407322E+00   -3.9999999E+00   -3.4552384E+00   -3.6868074E+00   -4.5620794E+00   -9.4408001E+00   -3.4043610E+00   -2.5291993E+00   -5.5952766E+00   -6.4487684E+00   -6.0479506E+00   -1.5307273E+01   -1.4000000E+01   -8.7347530E+00   -3.7266537E+00   -1.4000000E+01   -3.4900848E+00   -3.0000000E+01   -2.7925590E+00   -8.6686350E+00   -9.3269237E+00   -8.7310314E+00   -9.4470703E+00   -1.1428278E+01   -1.2743107E+01   -2.2549730E+01   -8.2852946E+00   -7.0352218E+00   -8.3790840E+00   -1.2296146E+01   -6.1995700E+00   -9.9000858E+00   -6.0204913E+00
    1.3590000E+01    6.1593877E+00   -6.1403661E+00   -3.9999999E+00   -3.4544079E+00   -3.6837124E+00   -4.5590330E+00   -9.4393583E+00   -3.4048159E+00   -2.5269444E+00   -5.5498466E+00   -6.4487691E+00   -6.0418508E+00   -1.5305822E+01   -1.4000000E+01   -8.6391996E+00   -3.7225327E+00   -1.4000000E+01   -3.5136882E+00   -3.0000000E+01   -2.7905649E+00   -8.6682148E+00   -9.3271381E+00   -8.7301289E+00   -9.4414443E+00   -1.1427365E+01   -1.2641890E+01   -2.2453335E+01   -8.2855557E+00   -7.0333801E+00   -8.3715761E+00   -1.2293460E+01   -6.1916880E+00   -9.8976341E+00   -6.0177789E+00
    1.3770000E+01    6.1589949E+00   -6.1399246E+00   -3.9999999E+00   -3.4535783E+00   -3.6806422E+00   -4.5560308E+00   -9.4376308E+00   -3.4052686E+00   -2.5246227E+00   -5.5037654E+00   -6.4487699E+00   -6.0362205E+00   -1.5304137E+01   -1.4000000E+01   -8.5529802E+00   -3.7184427E+00   -1.4000000E+01   -3.5399118E+00   -3.0000000E+01   -2.7885797E+00   -8.6676587E+00   -9.3273677E+00   -8.7290155E+00   -9.4363628E+00   -1.1426295E+01   -1.2550475E+01   -2.2366040E+01   -8.2858924E+00   -7.0316232E+00   -8.3646212E+00   -1.2290624E+01   -6.1842838E+00   -9.8952674E+00   -6.0150758E+00
    1.3950000E+01    6.1585444E+00   -6.1394257E+00   -3.9999999E+00   -3.4527493E+00   -3.6775943E+00   -4.5530721E+00   -9.4356844E+00   -3.4057188E+00   -2.5222520E+00   -5.4563277E+00   -6.4487707E+00   -6.0310919E+00   -1.5302273E+01   -1.4000000E+01   -8.4734927E+00   -3.7143852E+00   -1.4000000E+01   -3.5691173E+00   -3.0000000E+01   -2.7866031E+00   -8.6669976E+00   -9.3276077E+00   -8.7277400E+00   -9.4318402E+00   -1.1425101E+01   -1.2466293E+01   -2.2285294E+01   -8.2862870E+00   -7.0299332E+00   -8.3582335E+00   -1.2287673E+01   -6.1773893E+00   -9.8929676E+00   -6.0123818E+00
    1.4130000E+01    6.1580582E+00   -6.1388912E+00   -3.9999999E+00   -3.4519209E+00   -3.6745659E+00   -4.5501560E+00   -9.4336010E+00   -3.4061665E+00   -2.5198540E+00   -5.4072405E+00   -6.4487715E+00   -6.0265070E+00   -1.5300291E+01   -1.4000000E+01   -8.3989435E+00   -3.7103619E+00   -1.4000000E+01   -3.6017422E+00   -3.0000000E+01   -2.7846352E+00   -8.6662696E+00   -9.3278519E+00   -8.7263623E+00   -9.4278964E+00   -1.1423826E+01   -1.2387591E+01   -2.2209368E+01   -8.2867173E+00   -7.0282880E+00   -8.3524330E+00   -1.2284648E+01   -6.1710466E+00   -9.8907126E+00   -6.0096967E+00
    1.4310000E+01    6.1575632E+00   -6.1383480E+00   -3.9999999E+00   -3.4510932E+00   -3.6715548E+00   -4.5472817E+00   -9.4314802E+00   -3.4066116E+00   -2.5174558E+00   -5.3565276E+00   -6.4487723E+00   -6.0225172E+00   -1.5298272E+01   -1.4000000E+01   -8.3280679E+00   -3.7063744E+00   -1.4000000E+01   -3.6382912E+00   -3.0000000E+01   -2.7826760E+00   -8.6655206E+00   -9.3280930E+00   -8.7249553E+00   -9.4245561E+00   -1.1422520E+01   -1.2313157E+01   -2.2137076E+01   -8.2871567E+00   -7.0266609E+00   -8.3472443E+00   -1.2281601E+01   -6.1653069E+00   -9.8884756E+00   -6.0070206E+00
    1.4490000E+01    6.1570910E+00   -6.1378279E+00   -3.9999999E+00   -3.4502661E+00   -3.6685590E+00   -4.5444482E+00   -9.4294400E+00   -3.4070542E+00   -2.5150890E+00   -5.3044580E+00   -6.4487731E+00   -6.0191819E+00   -1.5296308E+01   -1.4000000E+01   -8.2599723E+00   -3.7024241E+00   -1.4000000E+01   -3.6793231E+00   -3.0000000E+01   -2.7807256E+00   -8.6648052E+00   -9.3283219E+00   -8.7236053E+00   -9.4218470E+00   -1.1421246E+01   -1.2242156E+01   -2.2067617E+01   -8.2875734E+00   -7.0250202E+00   -8.3426953E+00   -1.2278594E+01   -6.1602300E+00   -9.8862250E+00   -6.0043536E+00
    1.4670000E+01    6.1566775E+00   -6.1373666E+00   -3.9999999E+00   -3.4494398E+00   -3.6655766E+00   -4.5416546E+00   -9.4276136E+00   -3.4074945E+00   -2.5127897E+00   -5.2514838E+00   -6.4487739E+00   -6.0165674E+00   -1.5294506E+01   -1.4000000E+01   -8.1940387E+00   -3.6985125E+00   -1.4000000E+01   -3.7254318E+00   -3.0000000E+01   -2.7787843E+00   -8.6641849E+00   -9.3285287E+00   -8.7224096E+00   -9.4197995E+00   -1.1420075E+01   -1.2174037E+01   -2.2000480E+01   -8.2879316E+00   -7.0233304E+00   -8.3388166E+00   -1.2275698E+01   -6.1558822E+00   -9.8839253E+00   -6.0016961E+00
    1.4850000E+01    6.1563610E+00   -6.1370024E+00   -3.9999999E+00   -3.4486144E+00   -3.6626064E+00   -4.5388999E+00   -9.4261433E+00   -3.4079328E+00   -2.5105966E+00   -5.1981825E+00   -6.4487748E+00   -6.0147446E+00   -1.5292980E+01   -1.4000000E+01   -8.1298625E+00   -3.6946410E+00   -1.4000000E+01   -3.7772209E+00   -3.0000000E+01   -2.7768522E+00   -8.6637255E+00   -9.3287023E+00   -8.7214722E+00   -9.4184462E+00   -1.1419082E+01   -1.2108465E+01   -2.1935374E+01   -8.2881931E+00   -7.0215534E+00   -8.3356410E+00   -1.2272989E+01   -6.1523346E+00   -9.8815388E+00   -5.9990485E+00
    1.5030000E+01    6.1561797E+00   -6.1367736E+00   -3.9999999E+00   -3.4477902E+00   -3.6596472E+00   -4.5361829E+00   -9.4251714E+00   -3.4083694E+00   -2.5085481E+00   -5.1452016E+00   -6.4487756E+00   -6.0137860E+00   -1.5291845E+01   -1.4000000E+01   -8.0672074E+00   -3.6908108E+00   -1.4000000E+01   -3.8352711E+00   -3.0000000E+01   -2.7749298E+00   -8.6634925E+00   -9.3288319E+00   -8.7208970E+00   -9.4178213E+00   -1.1418344E+01   -1.2045277E+01   -2.1872179E+01   -8.2883194E+00   -7.0196515E+00   -8.3332031E+00   -1.2270543E+01   -6.1496602E+00   -9.8790277E+00   -5.9964113E+00
    1.5210000E+01    6.1561689E+00   -6.1367156E+00   -3.9999999E+00   -3.4469676E+00   -3.6566982E+00   -4.5335023E+00   -9.4248290E+00   -3.4088050E+00   -2.5066801E+00   -5.0932087E+00   -6.4487765E+00   -6.0137627E+00   -1.5291209E+01   -1.4000000E+01   -8.0059701E+00   -3.6870232E+00   -1.4000000E+01   -3.9001015E+00   -3.0000000E+01   -2.7730175E+00   -8.6635463E+00   -9.3289072E+00   -8.7207799E+00   -9.4179605E+00   -1.1417933E+01   -1.1984440E+01   -2.1810897E+01   -8.2882755E+00   -7.0175897E+00   -8.3315390E+00   -1.2268434E+01   -6.1479303E+00   -9.8763574E+00   -5.9937853E+00
    1.5390000E+01    6.1563579E+00   -6.1368575E+00   -3.9999999E+00   -3.4461468E+00   -3.6537591E+00   -4.5308570E+00   -9.4252244E+00   -3.4092401E+00   -2.5050221E+00   -5.0428476E+00   -6.4487773E+00   -6.0147398E+00   -1.5291160E+01   -1.4000000E+01   -7.9461482E+00   -3.6832793E+00   -1.4000000E+01   -3.9721284E+00   -3.0000000E+01   -2.7711158E+00   -8.6639369E+00   -9.3289199E+00   -8.7211998E+00   -9.4188998E+00   -1.1417908E+01   -1.1926017E+01   -2.1751615E+01   -8.2880320E+00   -7.0153394E+00   -8.3306852E+00   -1.2266721E+01   -6.1472106E+00   -9.8734997E+00   -5.9911714E+00
    1.5570000E+01    6.1567669E+00   -6.1372197E+00   -3.9999999E+00   -3.4453283E+00   -3.6508295E+00   -4.5282457E+00   -9.4264328E+00   -3.4096753E+00   -2.5035950E+00   -4.9947023E+00   -6.4487782E+00   -6.0167727E+00   -1.5291763E+01   -1.4000000E+01   -7.8878119E+00   -3.6795799E+00   -1.4000000E+01   -4.0516230E+00   -3.0000000E+01   -2.7692251E+00   -8.6646987E+00   -9.3288637E+00   -8.7222117E+00   -9.4206742E+00   -1.1418315E+01   -1.1870134E+01   -2.1694469E+01   -8.2875688E+00   -7.0128809E+00   -8.3306770E+00   -1.2265449E+01   -6.1475568E+00   -9.8704350E+00   -5.9885703E+00
    1.5750000E+01    6.1574056E+00   -6.1378118E+00   -3.9999999E+00   -3.4445125E+00   -3.6479095E+00   -4.5256670E+00   -9.4284901E+00   -3.4101114E+00   -2.5024088E+00   -4.9492719E+00   -6.4487791E+00   -6.0199023E+00   -1.5293052E+01   -1.4000000E+01   -7.8310775E+00   -3.6759259E+00   -1.4000000E+01   -4.1386717E+00   -3.0000000E+01   -2.7673458E+00   -8.6658480E+00   -9.3287356E+00   -8.7238416E+00   -9.4233148E+00   -1.1419176E+01   -1.1816948E+01   -2.1639607E+01   -8.2868760E+00   -7.0102047E+00   -8.3315460E+00   -1.2264643E+01   -6.1490102E+00   -9.8671545E+00   -5.9859828E+00
    1.5930000E+01    6.1582726E+00   -6.1386324E+00   -3.9999999E+00   -3.4436998E+00   -3.6449991E+00   -4.5231196E+00   -9.4313903E+00   -3.4105491E+00   -2.5014625E+00   -4.9069547E+00   -6.4487800E+00   -6.0241517E+00   -1.5295026E+01   -1.4000000E+01   -7.7760839E+00   -3.6723179E+00   -1.4000000E+01   -4.2331402E+00   -3.0000000E+01   -2.7654784E+00   -8.6673819E+00   -9.3285354E+00   -8.7260851E+00   -9.4268462E+00   -1.1420494E+01   -1.1766620E+01   -2.1587169E+01   -8.2859553E+00   -7.0073129E+00   -8.3333171E+00   -1.2264304E+01   -6.1515942E+00   -9.8636604E+00   -5.9834098E+00
    1.6110000E+01    6.1593560E+00   -6.1396697E+00   -3.9999999E+00   -3.4428905E+00   -3.6420984E+00   -4.5206023E+00   -9.4350890E+00   -3.4109889E+00   -2.5007445E+00   -4.8680432E+00   -6.4487809E+00   -6.0295227E+00   -1.5297657E+01   -1.4000000E+01   -7.7229728E+00   -3.6687565E+00   -1.4000000E+01   -4.3346430E+00   -3.0000000E+01   -2.7636232E+00   -8.6692795E+00   -9.3282662E+00   -8.7289095E+00   -9.4312821E+00   -1.1422251E+01   -1.1719295E+01   -2.1537267E+01   -8.2848184E+00   -7.0042176E+00   -8.3360043E+00   -1.2264414E+01   -6.1553110E+00   -9.8599653E+00   -5.9808519E+00
    1.6290000E+01    6.1606355E+00   -6.1409033E+00   -3.9999999E+00   -3.4420851E+00   -3.6392074E+00   -4.5181138E+00   -9.4395100E+00   -3.4114315E+00   -2.5002345E+00   -4.8327284E+00   -6.4487819E+00   -6.0359943E+00   -1.5300888E+01   -1.4000000E+01   -7.6718742E+00   -3.6652420E+00   -1.4000000E+01   -4.4425155E+00   -3.0000000E+01   -2.7617802E+00   -8.6715053E+00   -9.3279332E+00   -8.7322589E+00   -9.4366218E+00   -1.1424410E+01   -1.1675080E+01   -2.1489974E+01   -8.2834857E+00   -7.0009394E+00   -8.3396071E+00   -1.2264939E+01   -6.1601397E+00   -9.8560900E+00   -5.9783096E+00
    1.6470000E+01    6.1620846E+00   -6.1423068E+00   -3.9999999E+00   -3.4412838E+00   -3.6363259E+00   -4.5156531E+00   -9.4445549E+00   -3.4118774E+00   -2.4999064E+00   -4.8011110E+00   -6.4487828E+00   -6.0435218E+00   -1.5304647E+01   -1.4000000E+01   -7.6228959E+00   -3.6617749E+00   -1.4000000E+01   -4.5557869E+00   -3.0000000E+01   -2.7599497E+00   -8.6740136E+00   -9.3275432E+00   -8.7360614E+00   -9.4428468E+00   -1.1426926E+01   -1.1634039E+01   -2.1445326E+01   -8.2819836E+00   -6.9975047E+00   -8.3441070E+00   -1.2265832E+01   -6.1660354E+00   -9.8520612E+00   -5.9757832E+00
    1.6650000E+01    6.1636739E+00   -6.1438507E+00   -3.9999999E+00   -3.4404868E+00   -3.6334535E+00   -4.5132190E+00   -9.4501133E+00   -3.4123269E+00   -2.4997304E+00   -4.7732177E+00   -6.4487837E+00   -6.0520367E+00   -1.5308848E+01   -1.4000000E+01   -7.5761188E+00   -3.6583555E+00   -1.4000000E+01   -4.6731514E+00   -3.0000000E+01   -2.7581315E+00   -8.6767531E+00   -9.3271041E+00   -8.7402359E+00   -9.4499184E+00   -1.1429744E+01   -1.1596185E+01   -2.1403319E+01   -8.2803417E+00   -6.9939431E+00   -8.3494653E+00   -1.2267037E+01   -6.1729300E+00   -9.8479086E+00   -5.9732729E+00
    1.6830000E+01    6.1653727E+00   -6.1455044E+00   -3.9999999E+00   -3.4396943E+00   -3.6305894E+00   -4.5108105E+00   -9.4560711E+00   -3.4127803E+00   -2.4996760E+00   -4.7490206E+00   -6.4487847E+00   -6.0614489E+00   -1.5313405E+01   -1.4000000E+01   -7.5315947E+00   -3.6549846E+00   -1.4000000E+01   -4.7929388E+00   -3.0000000E+01   -2.7563255E+00   -8.6796708E+00   -9.3266242E+00   -8.7446991E+00   -9.4577768E+00   -1.1432806E+01   -1.1561479E+01   -2.1363917E+01   -8.2785904E+00   -6.9902849E+00   -8.3556222E+00   -1.2268498E+01   -6.1807331E+00   -9.8436630E+00   -5.9707789E+00
    1.7010000E+01    6.1671513E+00   -6.1472382E+00   -3.9999999E+00   -3.4389064E+00   -3.6277326E+00   -4.5084267E+00   -9.4623169E+00   -3.4132379E+00   -2.4997131E+00   -4.7284564E+00   -6.4487857E+00   -6.0716480E+00   -1.5318230E+01   -1.4000000E+01   -7.4893485E+00   -3.6516628E+00   -1.4000000E+01   -4.9130936E+00   -3.0000000E+01   -2.7545316E+00   -8.6827151E+00   -9.3261113E+00   -8.7493694E+00   -9.4663416E+00   -1.1436055E+01   -1.1529835E+01   -2.1327058E+01   -8.2767597E+00   -6.9865598E+00   -8.3624969E+00   -1.2270158E+01   -6.1893339E+00   -9.8393540E+00   -5.9683009E+00
    1.7190000E+01    6.1689813E+00   -6.1490236E+00   -3.9999999E+00   -3.4381232E+00   -3.6248811E+00   -4.5060666E+00   -9.4687453E+00   -3.4136997E+00   -2.4998132E+00   -4.7114452E+00   -6.4487866E+00   -6.0825058E+00   -1.5323240E+01   -1.4000000E+01   -7.4493812E+00   -3.6483916E+00   -1.4000000E+01   -5.0311814E+00   -3.0000000E+01   -2.7527494E+00   -8.6858370E+00   -9.3255731E+00   -8.7541697E+00   -9.4755129E+00   -1.1439438E+01   -1.1501127E+01   -2.1292661E+01   -8.2748778E+00   -6.9827959E+00   -8.3699893E+00   -1.2271961E+01   -6.1986042E+00   -9.8350097E+00   -5.9658388E+00
    1.7370000E+01    6.1708362E+00   -6.1508341E+00   -3.9999999E+00   -3.4373446E+00   -3.6220326E+00   -4.5037295E+00   -9.4752566E+00   -3.4141658E+00   -2.4999492E+00   -4.6979068E+00   -6.4487876E+00   -6.0938790E+00   -1.5328357E+01   -1.4000000E+01   -7.4116745E+00   -3.6451726E+00   -1.4000000E+01   -5.1444561E+00   -3.0000000E+01   -2.7509787E+00   -8.6889904E+00   -9.3250168E+00   -8.7590269E+00   -9.4851741E+00   -1.1442900E+01   -1.1475193E+01   -2.1260627E+01   -8.2729714E+00   -6.9790193E+00   -8.3779825E+00   -1.2273855E+01   -6.2084003E+00   -9.8306564E+00   -5.9633922E+00
    1.7550000E+01    6.1726899E+00   -6.1526437E+00   -3.9999999E+00   -3.4365706E+00   -3.6191841E+00   -4.5014146E+00   -9.4817542E+00   -3.4146362E+00   -2.5000950E+00   -4.6877746E+00   -6.4487886E+00   -6.1056111E+00   -1.5333502E+01   -1.4000000E+01   -7.3761957E+00   -3.6420083E+00   -1.4000000E+01   -5.2500251E+00   -3.0000000E+01   -2.7492190E+00   -8.6921304E+00   -9.3244493E+00   -8.7638704E+00   -9.4951946E+00   -1.1446391E+01   -1.1451844E+01   -2.1230847E+01   -8.2710663E+00   -6.9752556E+00   -8.3863456E+00   -1.2275787E+01   -6.2185655E+00   -9.8263196E+00   -5.9609609E+00
    1.7730000E+01    6.1745162E+00   -6.1544261E+00   -3.9999999E+00   -3.4358013E+00   -3.6163315E+00   -4.4991210E+00   -9.4881395E+00   -3.4151107E+00   -2.5002236E+00   -4.6810083E+00   -6.4487896E+00   -6.1175349E+00   -1.5338595E+01   -1.4000000E+01   -7.3429024E+00   -3.6389016E+00   -1.4000000E+01   -5.3451300E+00   -3.0000000E+01   -2.7474699E+00   -8.6952114E+00   -9.3238777E+00   -8.7686281E+00   -9.5054335E+00   -1.1449856E+01   -1.1430870E+01   -2.1203197E+01   -8.2691889E+00   -6.9715307E+00   -8.3949373E+00   -1.2277703E+01   -6.2289320E+00   -9.8220252E+00   -5.9585442E+00
    1.7910000E+01    6.1762831E+00   -6.1561494E+00   -3.9999999E+00   -3.4350376E+00   -3.6134752E+00   -4.4968519E+00   -9.4942945E+00   -3.4155882E+00   -2.5003057E+00   -4.6776040E+00   -6.4487907E+00   -6.1294541E+00   -1.5343539E+01   -1.4000000E+01   -7.3117985E+00   -3.6358617E+00   -1.4000000E+01   -5.4274337E+00   -3.0000000E+01   -2.7457340E+00   -8.6981784E+00   -9.3233109E+00   -8.7732134E+00   -9.5157263E+00   -1.1453231E+01   -1.1412078E+01   -2.1177585E+01   -8.2673712E+00   -6.9678793E+00   -8.4035954E+00   -1.2279541E+01   -6.2393059E+00   -9.8178089E+00   -5.9561459E+00
