# Time          5.0000E+01
# Units: Mol/g solid
    Distance        NaXEel           KXEel            CaXEel           MgXEel          
    9.0000000E-02    4.9030421E-08    5.1852149E-07    6.1948055E-06    3.5247374E-06
    2.7000000E-01    6.2057379E-08    7.8547160E-07    6.1243730E-06    3.4546680E-06
    4.5000000E-01    7.0714830E-08    1.0269383E-06    6.0664776E-06    3.3867235E-06
    6.3000000E-01    7.6873595E-08    1.2210895E-06    6.0207190E-06    3.3317530E-06
    8.1000000E-01    8.1427763E-08    1.3712495E-06    5.9859908E-06    3.2887034E-06
    9.9000000E-01    8.4906780E-08    1.4872123E-06    5.9597691E-06    3.2548966E-06
    1.1700000E+00    8.7641823E-08    1.5783374E-06    5.9396357E-06    3.2278742E-06
    1.3500000E+00    8.9844868E-08    1.6516837E-06    5.9237814E-06    3.2057874E-06
    1.5300000E+00    9.1654935E-08    1.7121615E-06    5.9109675E-06    3.1873340E-06
    1.7100000E+00    9.3165980E-08    1.7631074E-06    5.9003677E-06    3.1716137E-06
    1.8900000E+00    9.4451931E-08    1.8059674E-06    5.8912238E-06    3.1586163E-06
    2.0700000E+00    2.4219055E-10    4.2838778E-09    1.4604053E-08    8.1330235E-09
    2.2500000E+00    2.4756608E-10    4.0835863E-09    1.4504224E-08    8.3301963E-09
    2.4300000E+00    2.5237049E-10    3.9076942E-09    1.4422197E-08    8.4976931E-09
    2.6100000E+00    2.5669165E-10    3.7515635E-09    1.4353598E-08    8.6421505E-09
    2.7900000E+00    2.6059943E-10    3.6117220E-09    1.4295366E-08    8.7683231E-09
    2.9700000E+00    2.6415020E-10    3.4855082E-09    1.4245300E-08    8.8797115E-09
    3.1500000E+00    2.6739008E-10    3.3708407E-09    1.4201772E-08    8.9789546E-09
    3.3300000E+00    2.7035726E-10    3.2660632E-09    1.4163562E-08    9.0680816E-09
    3.5100000E+00    2.7308364E-10    3.1698383E-09    1.4129730E-08    9.1486809E-09
    3.6900000E+00    2.7559617E-10    3.0810717E-09    1.4099546E-08    9.2220149E-09
    3.8700000E+00    2.7791778E-10    2.9988578E-09    1.4072434E-08    9.2891006E-09
    4.0500000E+00    2.8006812E-10    2.9224392E-09    1.4047932E-08    9.3507676E-09
    4.2300000E+00    2.8206416E-10    2.8511769E-09    1.4025666E-08    9.4076997E-09
    4.4100000E+00    2.8392064E-10    2.7845271E-09    1.4005330E-08    9.4604661E-09
    4.5900000E+00    2.8565046E-10    2.7220236E-09    1.3986674E-08    9.5095450E-09
    4.7700000E+00    2.8726494E-10    2.6632642E-09    1.3969486E-08    9.5553415E-09
    4.9500000E+00    2.8877405E-10    2.6078993E-09    1.3953591E-08    9.5982008E-09
    5.1300000E+00    2.9018667E-10    2.5556237E-09    1.3938840E-08    9.6384197E-09
    5.3100000E+00    2.9151069E-10    2.5061693E-09    1.3925106E-08    9.6762546E-09
    5.4900000E+00    2.9275317E-10    2.4592996E-09    1.3912282E-08    9.7119283E-09
    5.6700000E+00    2.9392045E-10    2.4148048E-09    1.3900274E-08    9.7456354E-09
    5.8500000E+00    2.9501823E-10    2.3724984E-09    1.3889001E-08    9.7775471E-09
    6.0300000E+00    2.9605168E-10    2.3322136E-09    1.3878394E-08    9.8078142E-09
    6.2100000E+00    2.9702548E-10    2.2938005E-09    1.3868391E-08    9.8365704E-09
    6.3900000E+00    2.9794388E-10    2.2571247E-09    1.3858938E-08    9.8639345E-09
    6.5700000E+00    2.9881077E-10    2.2220645E-09    1.3849988E-08    9.8900128E-09
    6.7500000E+00    2.9962970E-10    2.1885097E-09    1.3841499E-08    9.9149006E-09
    6.9300000E+00    3.0040393E-10    2.1563601E-09    1.3833434E-08    9.9386832E-09
    7.1100000E+00    3.0113645E-10    2.1255248E-09    1.3825759E-08    9.9614381E-09
    7.2900000E+00    3.0183003E-10    2.0959204E-09    1.3818445E-08    9.9832350E-09
    7.4700000E+00    3.0248722E-10    2.0674706E-09    1.3811466E-08    1.0004137E-08
    7.6500000E+00    3.0311037E-10    2.0401055E-09    1.3804797E-08    1.0024203E-08
    7.8300000E+00    3.0370170E-10    2.0137622E-09    1.3798418E-08    1.0043484E-08
    8.0100000E+00    3.0426508E-10    1.9886148E-09    1.3792278E-08    1.0061940E-08
    8.1900000E+00    4.8811869E-08    3.2015524E-07    2.2049230E-06    1.6104616E-06
    8.3700000E+00    4.8938046E-08    3.2214505E-07    2.2032369E-06    1.6110966E-06
    8.5500000E+00    4.9058434E-08    3.2413338E-07    2.2014891E-06    1.6117965E-06
    8.7300000E+00    4.9173563E-08    3.2612505E-07    2.1994928E-06    1.6127453E-06
    8.9100000E+00    4.9284072E-08    3.2812960E-07    2.1969231E-06    1.6142630E-06
    9.0900000E+00    4.9390720E-08    3.3016759E-07    2.1933353E-06    1.6167837E-06
    9.2700000E+00    4.9494344E-08    3.3228121E-07    2.1882463E-06    1.6207688E-06
    9.4500000E+00    4.9595814E-08    3.3455216E-07    2.1812572E-06    1.6265762E-06
    9.6300000E+00    4.9696013E-08    3.3712880E-07    2.1721684E-06    1.6343307E-06
    9.8100000E+00    4.9795879E-08    3.4026216E-07    2.1610421E-06    1.6438441E-06
    9.9900000E+00    4.9896531E-08    3.4434698E-07    2.1481876E-06    1.6546095E-06
    1.0170000E+01    4.9999431E-08    3.4995922E-07    2.1340768E-06    1.6658659E-06
    1.0350000E+01    5.0106542E-08    3.5787875E-07    2.1192236E-06    1.6767089E-06
    1.0530000E+01    5.0220392E-08    3.6908444E-07    2.1040644E-06    1.6862112E-06
    1.0710000E+01    5.0344029E-08    3.8471104E-07    2.0888745E-06    1.6935286E-06
    1.0890000E+01    5.0480797E-08    4.0596211E-07    2.0737368E-06    1.6979750E-06
    1.1070000E+01    5.0633991E-08    4.3398115E-07    2.0585611E-06    1.6990670E-06
    1.1250000E+01    5.0806394E-08    4.6969247E-07    2.0431445E-06    1.6965440E-06
    1.1430000E+01    5.0999774E-08    5.1363322E-07    2.0272514E-06    1.6903722E-06
    1.1610000E+01    5.1214435E-08    5.6580588E-07    2.0106944E-06    1.6807375E-06
    1.1790000E+01    5.1448887E-08    6.2558395E-07    1.9933995E-06    1.6680282E-06
    1.1970000E+01    5.1699742E-08    6.9169885E-07    1.9754422E-06    1.6528045E-06
    1.2150000E+01    5.1961866E-08    7.6232212E-07    1.9570510E-06    1.6357547E-06
    1.2330000E+01    5.2227407E-08    8.3508420E-07    1.9386154E-06    1.6176782E-06
    1.2510000E+01    3.2662007E-08    5.5109592E-07    1.2042530E-06    1.0039031E-06
    1.2690000E+01    3.2680683E-08    5.8004755E-07    1.1969580E-06    9.9671298E-07
    1.2870000E+01    3.2697873E-08    6.0842033E-07    1.1898564E-06    9.8961949E-07
    1.3050000E+01    3.2712506E-08    6.3586843E-07    1.1830201E-06    9.8272429E-07
    1.3230000E+01    3.2723635E-08    6.6208859E-07    1.1765181E-06    9.7611042E-07
    1.3410000E+01    3.2730475E-08    6.8683075E-07    1.1704196E-06    9.6983436E-07
    1.3590000E+01    3.2732412E-08    7.0990399E-07    1.1648010E-06    9.6391519E-07
    1.3770000E+01    3.2728995E-08    7.3117779E-07    1.1597599E-06    9.5832088E-07
    1.3950000E+01    3.2719919E-08    7.5057890E-07    1.1554312E-06    9.5295343E-07
    1.4130000E+01    3.2704985E-08    7.6808492E-07    1.1520020E-06    9.4763689E-07
    1.4310000E+01    3.2684073E-08    7.8371589E-07    1.1497203E-06    9.4211343E-07
    1.4490000E+01    3.2657114E-08    7.9752493E-07    1.1488901E-06    9.3605241E-07
    1.4670000E+01    3.2624080E-08    8.0958932E-07    1.1498519E-06    9.2907485E-07
    1.4850000E+01    3.2584992E-08    8.2000228E-07    1.1529476E-06    9.2079206E-07
    1.5030000E+01    3.2539931E-08    8.2886591E-07    1.1584774E-06    9.1085285E-07
    1.5210000E+01    3.2489063E-08    8.3628490E-07    1.1666549E-06    8.9899105E-07
    1.5390000E+01    3.2432652E-08    8.4236065E-07    1.1775714E-06    8.8506477E-07
    1.5570000E+01    3.2371058E-08    8.4718567E-07    1.1911742E-06    8.6908009E-07
    1.5750000E+01    3.2304728E-08    8.5083792E-07    1.2072652E-06    8.5119606E-07
    1.5930000E+01    3.2234163E-08    8.5337548E-07    1.2255166E-06    8.3171102E-07
    1.6110000E+01    3.2159882E-08    8.5483189E-07    1.2455022E-06    8.1103418E-07
    1.6290000E+01    3.2082381E-08    8.5521271E-07    1.2667369E-06    7.8964774E-07
    1.6470000E+01    3.2002089E-08    8.5449395E-07    1.2887182E-06    7.6806580E-07
    1.6650000E+01    3.1919346E-08    8.5262275E-07    1.3109656E-06    7.4679528E-07
    1.6830000E+01    3.1834384E-08    8.4952043E-07    1.3330516E-06    7.2630285E-07
    1.7010000E+01    3.1747321E-08    8.4508806E-07    1.3546239E-06    7.0699018E-07
    1.7190000E+01    3.1658181E-08    8.3921390E-07    1.3754172E-06    6.8917848E-07
    1.7370000E+01    3.1566910E-08    8.3178229E-07    1.3952553E-06    6.7310175E-07
    1.7550000E+01    3.1473409E-08    8.2268315E-07    1.4140457E-06    6.5890763E-07
    1.7730000E+01    3.1377569E-08    8.1182196E-07    1.4317675E-06    6.4666432E-07
    1.7910000E+01    3.1279949E-08    7.9922927E-07    1.4483643E-06    6.3641260E-07
