# Time          5.0000E+01
# Units: Mol/kgw
    Distance           H+               Li+              Na+              Ca++             K+               Al+++            SiO2(aq)         CO2(aq)          O2(aq)           Methane(aq)      Fe++             Fe+++            HS-              SO4--            Mg++             Cl-              CH2O             Tracer       
    9.0000000E-02   -1.4356622E-04    1.0000000E-04    9.4089069E-06    4.4265725E-06    5.3360036E-06    1.7556513E-06    1.2866464E-05    8.5189065E-04    3.3403020E-04    3.5590428E-07    5.7381380E-08    5.2712499E-11    1.0000000E-14    1.0000000E-14    2.8794513E-06    1.0000000E-14    7.6152716E-05    1.0000000E-30
    2.7000000E-01   -1.5876599E-04    1.0000000E-04    1.4448312E-05    7.9529702E-06    5.8876675E-06    9.9236937E-07    2.2493725E-05    8.8224750E-04    3.2143714E-04    3.5590359E-07    7.0728261E-08    1.9163839E-11    1.0000000E-14    1.0000000E-14    5.2890330E-06    1.0000000E-14    1.1301770E-05    1.0000000E-30
    4.5000000E-01   -1.7398550E-04    1.0000000E-04    1.9032764E-05    1.1258457E-05    6.8323282E-06    5.5286938E-07    3.1404374E-05    8.9408805E-04    3.0959864E-04    3.5590292E-07    7.9659647E-08    1.5864901E-11    1.0000000E-14    1.0000000E-14    7.4790676E-06    1.0000000E-14    1.8262193E-06    1.0000000E-30
    6.3000000E-01   -1.8907661E-04    1.0000000E-04    2.3234073E-05    1.4303680E-05    8.2602427E-06    3.4848977E-07    3.9659529E-05    9.0369358E-04    2.9773438E-04    3.5590229E-07    8.4581699E-08    1.3312666E-11    1.0000000E-14    1.0000000E-14    9.4664398E-06    1.0000000E-14    4.0095750E-07    1.0000000E-30
    8.1000000E-01   -2.0375410E-04    1.0000000E-04    2.7122865E-05    1.7079753E-05    1.0227808E-05    2.4158409E-07    4.7269272E-05    9.1356413E-04    2.8573153E-04    3.5590171E-07    8.6285471E-08    1.1385430E-11    1.0000000E-14    1.0000000E-14    1.1259592E-05    1.0000000E-14    1.8357298E-07    1.0000000E-30
    9.9000000E-01   -2.1796831E-04    1.0000000E-04    3.0756651E-05    1.9596710E-05    1.2740562E-05    1.7882186E-07    5.4301976E-05    9.2442930E-04    2.7357116E-04    3.5590120E-07    8.5697772E-08    9.9176953E-12    1.0000000E-14    1.0000000E-14    1.2871201E-05    1.0000000E-14    1.5376123E-07    1.0000000E-30
    1.1700000E+00   -2.3175095E-04    1.0000000E-04    3.4182297E-05    2.1881187E-05    1.5749288E-05    1.3899378E-07    6.0836887E-05    9.3692995E-04    2.6124865E-04    3.5590075E-07    8.3726904E-08    8.7924482E-12    1.0000000E-14    1.0000000E-14    1.4322570E-05    1.0000000E-14    1.5455065E-07    1.0000000E-30
    1.3500000E+00   -2.4515957E-04    1.0000000E-04    3.7439850E-05    2.3973081E-05    1.9160542E-05    1.1241783E-07    6.6951127E-05    9.5192491E-04    2.4876159E-04    3.5590034E-07    8.1176939E-08    7.9347268E-12    1.0000000E-14    1.0000000E-14    1.5642999E-05    1.0000000E-14    1.6106173E-07    1.0000000E-30
    1.5300000E+00   -2.5826363E-04    1.0000000E-04    4.0566083E-05    2.5920015E-05    2.2856928E-05    9.4178484E-08    7.2719741E-05    9.7063812E-04    2.3610793E-04    3.5589998E-07    7.8718069E-08    7.2997938E-12    1.0000000E-14    1.0000000E-14    1.6866604E-05    1.0000000E-14    1.6931107E-07    1.0000000E-30
    1.7100000E+00   -2.7114328E-04    1.0000000E-04    4.3597784E-05    2.7771478E-05    2.6719048E-05    8.1613145E-08    7.8219298E-05    9.9482950E-04    2.2328567E-04    3.5589963E-07    7.6899173E-08    6.8660806E-12    1.0000000E-14    1.0000000E-14    1.8028725E-05    1.0000000E-14    1.7875975E-07    1.0000000E-30
    1.8900000E+00   -2.8389489E-04    1.0000000E-04    4.6576977E-05    2.9575719E-05    3.0635873E-05    7.3254154E-08    8.3536759E-05    1.0270378E-03    2.1029283E-04    3.5589930E-07    7.6183555E-08    6.6327294E-12    1.0000000E-14    1.0000000E-14    1.9165535E-05    1.0000000E-14    1.9246007E-07    1.0000000E-30
    2.0700000E+00   -2.9787656E-04    1.0000000E-04    5.0808838E-05    3.2031308E-05    3.0588578E-05    8.7443238E-08    9.1316087E-05    1.0719109E-03    1.9721993E-04    3.5589869E-07    7.4129352E-08    6.5652315E-12    1.0000000E-14    1.0000000E-14    2.1589270E-05    1.0000000E-14    9.5656268E-06    1.0000000E-30
    2.2500000E+00   -3.1175071E-04    1.0000000E-04    5.5028228E-05    3.4483724E-05    3.0527945E-05    8.0123612E-08    9.8938071E-05    1.1189034E-03    1.8453158E-04    3.5589807E-07    7.3880316E-08    6.5473151E-12    1.0000000E-14    1.0000000E-14    2.4005779E-05    1.0000000E-14    1.2222943E-05    1.0000000E-30
    2.4300000E+00   -3.2559258E-04    1.0000000E-04    5.9238743E-05    3.6933935E-05    3.0454633E-05    7.3877219E-08    1.0643507E-04    1.1662815E-03    1.7223291E-04    3.5589745E-07    7.4986746E-08    6.5407200E-12    1.0000000E-14    1.0000000E-14    2.6416162E-05    1.0000000E-14    1.3528266E-05    1.0000000E-30
    2.6100000E+00   -3.3940364E-04    1.0000000E-04    6.3441523E-05    3.9382271E-05    3.0368757E-05    6.8567378E-08    1.1381070E-04    1.2136280E-03    1.6034819E-04    3.5589682E-07    7.7142598E-08    6.5376853E-12    1.0000000E-14    1.0000000E-14    2.8820714E-05    1.0000000E-14    1.4609347E-05    1.0000000E-30
    2.7900000E+00   -3.5318415E-04    1.0000000E-04    6.7637066E-05    4.1828888E-05    3.0270457E-05    6.3986101E-08    1.2106730E-04    1.2608337E-03    1.4888639E-04    3.5589618E-07    8.0150156E-08    6.5361141E-12    1.0000000E-14    1.0000000E-14    3.1219593E-05    1.0000000E-14    1.5723510E-05    1.0000000E-30
    2.9700000E+00   -3.6693422E-04    1.0000000E-04    7.1825605E-05    4.4273872E-05    3.0159902E-05    5.9988313E-08    1.2820675E-04    1.3078534E-03    1.3785301E-04    3.5589554E-07    8.3885633E-08    6.5351278E-12    1.0000000E-14    1.0000000E-14    3.3612917E-05    1.0000000E-14    1.6942138E-05    1.0000000E-30
    3.1500000E+00   -3.8065389E-04    1.0000000E-04    7.6007191E-05    4.6717255E-05    3.0037291E-05    5.6465918E-08    1.3523069E-04    1.3546531E-03    1.2725268E-04    3.5589489E-07    8.8274992E-08    6.5341384E-12    1.0000000E-14    1.0000000E-14    3.6000772E-05    1.0000000E-14    1.8296669E-05    1.0000000E-30
    3.3300000E+00   -3.9434303E-04    1.0000000E-04    8.0181717E-05    4.9159030E-05    2.9902847E-05    5.3335595E-08    1.4214049E-04    1.4011976E-03    1.1708962E-04    3.5589423E-07    9.3277941E-08    6.5326353E-12    1.0000000E-14    1.0000000E-14    3.8383219E-05    1.0000000E-14    1.9811551E-05    1.0000000E-30
    3.5100000E+00   -4.0800137E-04    1.0000000E-04    8.4348926E-05    5.1599147E-05    2.9756813E-05    5.0531753E-08    1.4893727E-04    1.4474466E-03    1.0736778E-04    3.5589357E-07    9.8877388E-08    6.5301257E-12    1.0000000E-14    1.0000000E-14    4.0760292E-05    1.0000000E-14    2.1512413E-05    1.0000000E-30
    3.6900000E+00   -4.2162842E-04    1.0000000E-04    8.8508403E-05    5.4037515E-05    2.9599454E-05    4.8001902E-08    1.5562191E-04    1.4933534E-03    9.8090825E-05    3.5589289E-07    1.0507241E-07    6.5261116E-12    1.0000000E-14    1.0000000E-14    4.3131991E-05    1.0000000E-14    2.3428634E-05    1.0000000E-30
    3.8700000E+00   -4.3522346E-04    1.0000000E-04    9.2659575E-05    5.6474000E-05    2.9431056E-05    4.5703425E-08    1.6219499E-04    1.5388638E-03    8.9262040E-05    3.5589221E-07    1.1187347E-07    6.5200762E-12    1.0000000E-14    1.0000000E-14    4.5498286E-05    1.0000000E-14    2.5594651E-05    1.0000000E-30
    4.0500000E+00   -4.4878621E-04    1.0000000E-04    9.6801691E-05    5.8908420E-05    2.9252698E-05    4.3604739E-08    1.6865834E-04    1.5839152E-03    8.0884285E-05    3.5589153E-07    1.1929894E-07    6.5114551E-12    1.0000000E-14    1.0000000E-14    4.7859084E-05    1.0000000E-14    2.8051077E-05    1.0000000E-30
    4.2300000E+00   -4.6231667E-04    1.0000000E-04    1.0093381E-04    6.1340546E-05    2.9066134E-05    4.1678647E-08    1.7501472E-04    1.6284361E-03    7.2959895E-05    3.5589084E-07    1.2737267E-07    6.4996365E-12    1.0000000E-14    1.0000000E-14    5.0214227E-05    1.0000000E-14    3.0845877E-05    1.0000000E-30
    4.4100000E+00   -4.7581306E-04    1.0000000E-04    1.0505481E-04    6.3770096E-05    2.8871650E-05    3.9892895E-08    1.8126359E-04    1.6723430E-03    6.5490572E-05    3.5589013E-07    1.3612206E-07    6.4840153E-12    1.0000000E-14    1.0000000E-14    5.2563545E-05    1.0000000E-14    3.4035685E-05    1.0000000E-30
    4.5900000E+00   -4.8927324E-04    1.0000000E-04    1.0916335E-04    6.6196737E-05    2.8669543E-05    3.8226919E-08    1.8740407E-04    1.7155407E-03    5.8477258E-05    3.5588943E-07    1.4557647E-07    6.4639432E-12    1.0000000E-14    1.0000000E-14    5.4906819E-05    1.0000000E-14    3.7687268E-05    1.0000000E-30
    4.7700000E+00   -5.0269464E-04    1.0000000E-04    1.1325789E-04    6.8620076E-05    2.8460116E-05    3.6663085E-08    1.9343485E-04    1.7579215E-03    5.1919981E-05    3.5588871E-07    1.5576578E-07    6.4387305E-12    1.0000000E-14    1.0000000E-14    5.7243779E-05    1.0000000E-14    4.1879115E-05    1.0000000E-30
    4.9500000E+00   -5.1607425E-04    1.0000000E-04    1.1733667E-04    7.1039659E-05    2.8243681E-05    3.5186147E-08    1.9935423E-04    1.7993648E-03    4.5817685E-05    3.5588799E-07    1.6671901E-07    6.4076514E-12    1.0000000E-14    1.0000000E-14    5.9574093E-05    1.0000000E-14    4.6703074E-05    1.0000000E-30
    5.1300000E+00   -5.2940857E-04    1.0000000E-04    1.2139766E-04    7.3454965E-05    2.8020561E-05    3.3782879E-08    2.0516008E-04    1.8397375E-03    4.0168028E-05    3.5588726E-07    1.7846308E-07    6.3699551E-12    1.0000000E-14    1.0000000E-14    6.1897371E-05    1.0000000E-14    5.2265921E-05    1.0000000E-30
    5.3100000E+00   -5.4269359E-04    1.0000000E-04    1.2543861E-04    7.5865405E-05    2.7791086E-05    3.2441827E-08    2.1084980E-04    1.8788947E-03    3.4967159E-05    3.5588652E-07    1.9102151E-07    6.3248841E-12    1.0000000E-14    1.0000000E-14    6.4213157E-05    1.0000000E-14    5.8690681E-05    1.0000000E-30
    5.4900000E+00   -5.5592479E-04    1.0000000E-04    1.2945701E-04    7.8270317E-05    2.7555597E-05    3.1153145E-08    2.1642037E-04    1.9166822E-03    3.0209473E-05    3.5588578E-07    2.0441321E-07    6.2716995E-12    1.0000000E-14    1.0000000E-14    6.6520929E-05    1.0000000E-14    6.6117413E-05    1.0000000E-30
    5.6700000E+00   -5.6909714E-04    1.0000000E-04    1.3345012E-04    8.0668971E-05    2.7314446E-05    2.9908502E-08    2.2186838E-04    1.9529397E-03    2.5887353E-05    3.5588504E-07    2.1865137E-07    6.2097146E-12    1.0000000E-14    1.0000000E-14    6.8820101E-05    1.0000000E-14    7.4703098E-05    1.0000000E-30
    5.8500000E+00   -5.8220515E-04    1.0000000E-04    1.3741498E-04    8.3060569E-05    2.7067996E-05    2.8701054E-08    2.2719000E-04    1.9875054E-03    2.1990904E-05    3.5588428E-07    2.3374234E-07    6.1383362E-12    1.0000000E-14    1.0000000E-14    7.1110025E-05    1.0000000E-14    8.4620189E-05    1.0000000E-30
    6.0300000E+00   -5.9524291E-04    1.0000000E-04    1.4134844E-04    8.5444254E-05    2.6816620E-05    2.7525432E-08    2.3238115E-04    2.0202225E-03    1.8507712E-05    3.5588353E-07    2.4968476E-07    6.0571120E-12    1.0000000E-14    1.0000000E-14    7.3389994E-05    1.0000000E-14    9.6053329E-05    1.0000000E-30
    6.2100000E+00   -6.0820416E-04    1.0000000E-04    1.4524724E-04    8.7819117E-05    2.6560699E-05    2.6377761E-08    2.3743753E-04    2.0509466E-03    1.5422641E-05    3.5588277E-07    2.6646886E-07    5.9657805E-12    1.0000000E-14    1.0000000E-14    7.5659258E-05    1.0000000E-14    1.0919380E-04    1.0000000E-30
    6.3900000E+00   -6.2108245E-04    1.0000000E-04    1.4910801E-04    9.0184214E-05    2.6300626E-05    2.5255648E-08    2.4235476E-04    2.0795544E-03    1.2717696E-05    3.5588200E-07    2.8407599E-07    5.8643190E-12    1.0000000E-14    1.0000000E-14    7.7917036E-05    1.0000000E-14    1.2423148E-04    1.0000000E-30
    6.5700000E+00   -6.3387127E-04    1.0000000E-04    1.5292741E-04    9.2538584E-05    2.6036796E-05    2.4158142E-08    2.4712855E-04    2.1059520E-03    1.0372013E-05    3.5588124E-07    3.0247851E-07    5.7529819E-12    1.0000000E-14    1.0000000E-14    8.0162530E-05    1.0000000E-14    1.4134428E-04    1.0000000E-30
    6.7500000E+00   -6.4656419E-04    1.0000000E-04    1.5670220E-04    9.4881272E-05    2.5769611E-05    2.3085625E-08    2.5175483E-04    2.1300834E-03    8.3619736E-06    3.5588047E-07    3.2163997E-07    5.6323238E-12    1.0000000E-14    1.0000000E-14    8.2394950E-05    1.0000000E-14    1.6068581E-04    1.0000000E-30
    6.9300000E+00   -6.5915510E-04    1.0000000E-04    1.6042930E-04    9.7211351E-05    2.5499472E-05    2.2039625E-08    2.5622998E-04    2.1519359E-03    6.6615069E-06    3.5587970E-07    3.4151573E-07    5.5031993E-12    1.0000000E-14    1.0000000E-14    8.4613537E-05    1.0000000E-14    1.8237219E-04    1.0000000E-30
    7.1100000E+00   -6.7163835E-04    1.0000000E-04    1.6410595E-04    9.9527948E-05    2.5226773E-05    2.1022547E-08    2.6055092E-04    2.1715432E-03    5.2425710E-06    3.5587893E-07    3.6205385E-07    5.3667352E-12    1.0000000E-14    1.0000000E-14    8.6817580E-05    1.0000000E-14    2.0646967E-04    1.0000000E-30
    7.2900000E+00   -6.8400892E-04    1.0000000E-04    1.6772969E-04    1.0183027E-04    2.4951906E-05    2.0037328E-08    2.6471532E-04    2.1889838E-03    4.0758135E-06    3.5587815E-07    3.8319639E-07    5.2242731E-12    1.0000000E-14    1.0000000E-14    8.9006444E-05    1.0000000E-14    2.3298490E-04    1.0000000E-30
    7.4700000E+00   -6.9626254E-04    1.0000000E-04    1.7129851E-04    1.0411760E-04    2.4675245E-05    1.9087050E-08    2.6872164E-04    2.2043750E-03    3.1313760E-06    3.5587738E-07    4.0488084E-07    5.0772847E-12    1.0000000E-14    1.0000000E-14    9.1179583E-05    1.0000000E-14    2.6185913E-04    1.0000000E-30
    7.6500000E+00   -7.0839577E-04    1.0000000E-04    1.7481080E-04    1.0638936E-04    2.4397152E-05    1.8174517E-08    2.7256917E-04    2.2178608E-03    2.3797897E-06    3.5587661E-07    4.2704168E-07    4.9272650E-12    1.0000000E-14    1.0000000E-14    9.3336549E-05    1.0000000E-14    2.9296746E-04    1.0000000E-30
    7.8300000E+00   -7.2040596E-04    1.0000000E-04    1.7826539E-04    1.0864504E-04    2.4117974E-05    1.7301848E-08    2.7625802E-04    2.2295953E-03    1.7928949E-06    3.5587584E-07    4.4961180E-07    4.7756082E-12    1.0000000E-14    1.0000000E-14    9.5476994E-05    1.0000000E-14    3.2612242E-04    1.0000000E-30
    8.0100000E+00   -7.3229139E-04    1.0000000E-04    1.8166179E-04    1.1088399E-04    2.3838939E-05    1.6470062E-08    2.7978823E-04    2.2397191E-03    1.3447225E-06    3.5587507E-07    4.7252628E-07    4.6234685E-12    1.0000000E-14    1.0000000E-14    9.7600412E-05    1.0000000E-14    3.6101829E-04    1.0000000E-30
    8.1900000E+00   -7.4426215E-04    1.0000000E-04    1.8524537E-04    1.1294030E-04    2.4155241E-05    1.5586702E-08    2.8271723E-04    2.2485187E-03    1.0098929E-06    3.5587431E-07    4.9762024E-07    4.4689305E-12    1.0000000E-14    1.0000000E-14    9.9555772E-05    1.0000000E-14    3.5529366E-04    1.0000000E-30
    8.3700000E+00   -7.5609640E-04    1.0000000E-04    1.8876492E-04    1.1497820E-04    2.4462372E-05    1.4831620E-08    2.8547204E-04    2.2562307E-03    7.5841530E-07    3.5587356E-07    5.2293537E-07    4.3177240E-12    1.0000000E-14    1.0000000E-14    1.0149748E-04    1.0000000E-14    3.5123202E-04    1.0000000E-30
    8.5500000E+00   -7.6779579E-04    1.0000000E-04    1.9222148E-04    1.1699835E-04    2.4760629E-05    1.4126411E-08    2.8805791E-04    2.2631485E-03    5.7054253E-07    3.5587281E-07    5.4843067E-07    4.1712240E-12    1.0000000E-14    1.0000000E-14    1.0342517E-04    1.0000000E-14    3.4838677E-04    1.0000000E-30
    8.7300000E+00   -7.7936303E-04    1.0000000E-04    1.9561648E-04    1.1900148E-04    2.5050277E-05    1.3469890E-08    2.9048076E-04    2.2694762E-03    4.3012980E-07    3.5587207E-07    5.7407266E-07    4.0302049E-12    1.0000000E-14    1.0000000E-14    1.0533869E-04    1.0000000E-14    3.4643664E-04    1.0000000E-30
    8.9100000E+00   -7.9080129E-04    1.0000000E-04    1.9895157E-04    1.2098822E-04    2.5331559E-05    1.2859949E-08    2.9274680E-04    2.2753667E-03    3.2530418E-07    3.5587132E-07    5.9983359E-07    3.8950662E-12    1.0000000E-14    1.0000000E-14    1.0723804E-04    1.0000000E-14    3.4514731E-04    1.0000000E-30
    9.0900000E+00   -8.0211403E-04    1.0000000E-04    2.0222852E-04    1.2295913E-04    2.5604705E-05    1.2293930E-08    2.9486239E-04    2.2809372E-03    2.4730732E-07    3.5587057E-07    6.2569019E-07    3.7659654E-12    1.0000000E-14    1.0000000E-14    1.0912344E-04    1.0000000E-14    3.4434577E-04    1.0000000E-30
    9.2700000E+00   -8.1330487E-04    1.0000000E-04    2.0544921E-04    1.2491465E-04    2.5869937E-05    1.1768965E-08    2.9683386E-04    2.2862796E-03    1.8968112E-07    3.5586983E-07    6.5162268E-07    3.6429075E-12    1.0000000E-14    1.0000000E-14    1.1099524E-04    1.0000000E-14    3.4390265E-04    1.0000000E-30
    9.4500000E+00   -8.2437756E-04    1.0000000E-04    2.0861551E-04    1.2685502E-04    2.6127476E-05    1.1282175E-08    2.9866751E-04    2.2914694E-03    1.4768909E-07    3.5586908E-07    6.7761384E-07    3.5258064E-12    1.0000000E-14    1.0000000E-14    1.1285403E-04    1.0000000E-14    3.4371972E-04    1.0000000E-30
    9.6300000E+00   -8.3533587E-04    1.0000000E-04    2.1172935E-04    1.2878029E-04    2.6377539E-05    1.0830799E-08    3.0036953E-04    2.2965718E-03    1.1790407E-07    3.5586834E-07    7.0364822E-07    3.4145276E-12    1.0000000E-14    1.0000000E-14    1.1470061E-04    1.0000000E-14    3.4372089E-04    1.0000000E-30
    9.8100000E+00   -8.4618361E-04    1.0000000E-04    2.1479264E-04    1.3069017E-04    2.6620337E-05    1.0412266E-08    3.0194597E-04    2.3016467E-03    9.7917071E-08    3.5586759E-07    7.2971123E-07    3.3089193E-12    1.0000000E-14    1.0000000E-14    1.1653613E-04    1.0000000E-14    3.4384537E-04    1.0000000E-30
    9.9900000E+00   -8.5692465E-04    1.0000000E-04    2.1780731E-04    1.3258403E-04    2.6856083E-05    1.0024244E-08    3.0340281E-04    2.3067536E-03    8.6137155E-08    3.5586684E-07    7.5578823E-07    3.2088349E-12    1.0000000E-14    1.0000000E-14    1.1836208E-04    1.0000000E-14    3.4404235E-04    1.0000000E-30
    1.0170000E+01   -8.6756289E-04    1.0000000E-04    2.2077530E-04    1.3446088E-04    2.7084979E-05    9.6646614E-09    3.0474591E-04    2.3119551E-03    8.1662978E-08    3.5586609E-07    7.8186340E-07    3.1141505E-12    1.0000000E-14    1.0000000E-14    1.2018037E-04    1.0000000E-14    3.4426664E-04    1.0000000E-30
    1.0350000E+01   -8.7810233E-04    1.0000000E-04    2.2369858E-04    1.3631938E-04    2.7307222E-05    9.3317235E-09    3.0598106E-04    2.3173214E-03    8.4213921E-08    3.5586534E-07    8.0791838E-07    3.0247796E-12    1.0000000E-14    1.0000000E-14    1.2199327E-04    1.0000000E-14    3.4447477E-04    1.0000000E-30
    1.0530000E+01   -8.8854710E-04    1.0000000E-04    2.2657919E-04    1.3815791E-04    2.7523001E-05    9.0239245E-09    3.0711404E-04    2.3229345E-03    9.4114707E-08    3.5586459E-07    8.3393046E-07    2.9406854E-12    1.0000000E-14    1.0000000E-14    1.2380338E-04    1.0000000E-14    3.4462126E-04    1.0000000E-30
    1.0710000E+01   -8.9890150E-04    1.0000000E-04    2.2941923E-04    1.3997473E-04    2.7732489E-05    8.7400532E-09    3.0815066E-04    2.3288919E-03    1.1233216E-07    3.5586383E-07    8.5987027E-07    2.8618923E-12    1.0000000E-14    1.0000000E-14    1.2561349E-04    1.0000000E-14    3.4465470E-04    1.0000000E-30
    1.0890000E+01   -9.0917015E-04    1.0000000E-04    2.3222093E-04    1.4176819E-04    2.7935843E-05    8.4792003E-09    3.0909685E-04    2.3353115E-03    1.4056716E-07    3.5586307E-07    8.8569862E-07    2.7884968E-12    1.0000000E-14    1.0000000E-14    1.2742639E-04    1.0000000E-14    3.4451342E-04    1.0000000E-30
    1.1070000E+01   -9.1935797E-04    1.0000000E-04    2.3498668E-04    1.4353691E-04    2.8133198E-05    8.2407632E-09    3.0995867E-04    2.3423357E-03    1.8140928E-07    3.5586231E-07    9.1136229E-07    2.7206770E-12    1.0000000E-14    1.0000000E-14    1.2924471E-04    1.0000000E-14    3.4412027E-04    1.0000000E-30
    1.1250000E+01   -9.2947037E-04    1.0000000E-04    2.3771907E-04    1.4528004E-04    2.8324664E-05    8.0244476E-09    3.1074249E-04    2.3501360E-03    2.3856564E-07    3.5586154E-07    9.3678837E-07    2.6587008E-12    1.0000000E-14    1.0000000E-14    1.3107075E-04    1.0000000E-14    3.4337647E-04    1.0000000E-30
    1.1430000E+01   -9.3951329E-04    1.0000000E-04    2.4042094E-04    1.4699744E-04    2.8510322E-05    7.8302624E-09    3.1145498E-04    2.3589155E-03    3.1718027E-07    3.5586076E-07    9.6187680E-07    2.6029310E-12    1.0000000E-14    1.0000000E-14    1.3290625E-04    1.0000000E-14    3.4215403E-04    1.0000000E-30
    1.1610000E+01   -9.4949331E-04    1.0000000E-04    2.4309545E-04    1.4868982E-04    2.8690213E-05    7.6585018E-09    3.1210328E-04    2.3689107E-03    4.2426369E-07    3.5585998E-07    9.8649062E-07    2.5538244E-12    1.0000000E-14    1.0000000E-14    1.3475234E-04    1.0000000E-14    3.4028676E-04    1.0000000E-30
    1.1790000E+01   -9.5941773E-04    1.0000000E-04    2.4574606E-04    1.5035882E-04    2.8864342E-05    7.5097046E-09    3.1269499E-04    2.3803891E-03    5.6925494E-07    3.5585919E-07    1.0104435E-06    2.5119213E-12    1.0000000E-14    1.0000001E-14    1.3660944E-04    1.0000000E-14    3.3755991E-04    1.0000000E-30
    1.1970000E+01   -9.6929459E-04    1.0000000E-04    2.4837666E-04    1.5200705E-04    2.9032669E-05    7.3845794E-09    3.1323828E-04    2.3936412E-03    7.6473638E-07    3.5585840E-07    1.0334844E-06    2.4778205E-12    1.0000000E-14    1.0000872E-14    1.3847732E-04    1.0000000E-14    3.3369924E-04    1.0000000E-30
    1.2150000E+01   -9.7913262E-04    1.0000000E-04    2.5099144E-04    1.5363797E-04    2.9195113E-05    7.2838755E-09    3.1374182E-04    2.4089643E-03    1.0273122E-06    3.5585759E-07    1.0552792E-06    2.4521308E-12    1.0000000E-14    1.0578347E-14    1.4035516E-04    1.0000000E-14    3.2836121E-04    1.0000000E-30
    1.2330000E+01   -9.8893492E-04    1.0000000E-04    2.5359176E-04    1.5525502E-04    2.9351661E-05    7.2082778E-09    3.1421371E-04    2.4266288E-03    1.3786371E-06    3.5585678E-07    1.0753958E-06    2.4354187E-12    1.0000000E-14    3.9338948E-13    1.4224082E-04    1.0000000E-14    3.2112788E-04    1.0000000E-30
    1.2510000E+01   -9.9462849E-04    1.0000000E-04    2.5405705E-04    1.5638224E-04    2.9574773E-05    4.1188661E-09    3.1396268E-04    2.4428354E-03    1.8492339E-06    3.5585637E-07    1.0971789E-06    2.4467484E-12    1.0000000E-14    2.5526158E-10    1.4359929E-04    1.0000000E-14    3.1158420E-04    1.0000000E-30
    1.2690000E+01   -1.0003353E-03    1.0000000E-04    2.5452359E-04    1.5750863E-04    2.9796252E-05    4.1251663E-09    3.1371858E-04    2.4605727E-03    2.2886462E-06    3.5585596E-07    1.1169024E-06    2.4627565E-12    1.0000000E-14    5.7066993E-10    1.4496288E-04    1.0000000E-14    3.0007006E-04    1.0000000E-30
    1.2870000E+01   -1.0060474E-03    1.0000000E-04    2.5499172E-04    1.5863552E-04    3.0015555E-05    4.1486368E-09    3.1347793E-04    2.4795801E-03    2.7216927E-06    3.5585554E-07    1.1345979E-06    2.4829074E-12    1.0000000E-14    9.4574450E-10    1.4633098E-04    1.0000000E-14    2.8687986E-04    1.0000000E-30
    1.3050000E+01   -1.0117666E-03    1.0000000E-04    2.5546175E-04    1.5976422E-04    3.0232666E-05    4.1773936E-09    3.1324126E-04    2.4996759E-03    3.1720719E-06    3.5585511E-07    1.1502079E-06    2.5065934E-12    1.0000000E-14    1.3828775E-09    1.4770310E-04    1.0000000E-14    2.7221593E-04    1.0000000E-30
    1.3230000E+01   -1.0174941E-03    1.0000000E-04    2.5593393E-04    1.6089591E-04    3.0447574E-05    4.2105043E-09    3.1300900E-04    2.5206867E-03    3.6609467E-06    3.5585468E-07    1.1635959E-06    2.5332451E-12    1.0000000E-14    1.8873765E-09    1.4907869E-04    1.0000000E-14    2.5622364E-04    1.0000000E-30
    1.3410000E+01   -1.0232307E-03    1.0000000E-04    2.5640846E-04    1.6203168E-04    3.0660276E-05    4.2470246E-09    3.1278150E-04    2.5424259E-03    4.2077187E-06    3.5585423E-07    1.1745552E-06    2.5622550E-12    1.0000000E-14    2.4672216E-09    1.5045713E-04    1.0000000E-14    2.3902433E-04    1.0000000E-30
    1.3590000E+01   -1.0289764E-03    1.0000000E-04    2.5688545E-04    1.6317251E-04    3.0870773E-05    4.2858686E-09    3.1255893E-04    2.5646768E-03    4.8303448E-06    3.5585378E-07    1.1828194E-06    2.5929180E-12    1.0000000E-14    3.1328667E-09    1.5183776E-04    1.0000000E-14    2.2074628E-04    1.0000000E-30
    1.3770000E+01   -1.0347309E-03    1.0000000E-04    2.5736494E-04    1.6431921E-04    3.1079077E-05    4.3257511E-09    3.1234138E-04    2.5871827E-03    5.5452197E-06    3.5585332E-07    1.1880745E-06    2.6243927E-12    1.0000000E-14    3.8970241E-09    1.5321987E-04    1.0000000E-14    2.0155282E-04    1.0000000E-30
    1.3950000E+01   -1.0404931E-03    1.0000000E-04    2.5784688E-04    1.6547238E-04    3.1285208E-05    4.3651720E-09    3.1212872E-04    2.6096442E-03    6.3666566E-06    3.5585284E-07    1.1899739E-06    2.6556911E-12    1.0000000E-14    4.7743771E-09    1.5460269E-04    1.0000000E-14    1.8166559E-04    1.0000000E-30
    1.4130000E+01   -1.0462615E-03    1.0000000E-04    2.5833114E-04    1.6663247E-04    3.1489194E-05    4.4024513E-09    3.1192070E-04    2.6317265E-03    7.3060319E-06    3.5585236E-07    1.1881586E-06    2.6856995E-12    1.0000000E-14    5.7811757E-09    1.5598542E-04    1.0000000E-14    1.6137899E-04    1.0000000E-30
    1.4310000E+01   -1.0520337E-03    1.0000000E-04    2.5881746E-04    1.6779969E-04    3.1691077E-05    4.4358180E-09    3.1171685E-04    2.6530766E-03    8.3707112E-06    3.5585188E-07    1.1822803E-06    2.7132350E-12    1.0000000E-14    6.9346836E-09    1.5736720E-04    1.0000000E-14    1.4106189E-04    1.0000000E-30
    1.4490000E+01   -1.0578071E-03    1.0000000E-04    2.5930551E-04    1.6897404E-04    3.1890907E-05    4.4635466E-09    3.1151654E-04    2.6733480E-03    9.5629357E-06    3.5585138E-07    1.1720301E-06    2.7371327E-12    1.0000000E-14    8.2524719E-09    1.5874715E-04    1.0000000E-14    1.2114309E-04    1.0000000E-30
    1.4670000E+01   -1.0635787E-03    1.0000000E-04    2.5979487E-04    1.7015534E-04    3.2088744E-05    4.4841223E-09    3.1131902E-04    2.6922315E-03    1.0878899E-05    3.5585088E-07    1.1571684E-06    2.7563509E-12    1.0000000E-14    9.7515858E-09    1.6012437E-04    1.0000000E-14    1.0207997E-04    1.0000000E-30
    1.4850000E+01   -1.0693452E-03    1.0000000E-04    2.6028505E-04    1.7134326E-04    3.2284656E-05    4.4964030E-09    3.1112341E-04    2.7094838E-03    1.2308254E-05    3.5585036E-07    1.1375561E-06    2.7700766E-12    1.0000000E-14    1.1447644E-08    1.6149795E-04    1.0000000E-14    8.4314318E-05    1.0000000E-30
    1.5030000E+01   -1.0751036E-03    1.0000000E-04    2.6077553E-04    1.7253735E-04    3.2478714E-05    4.4997433E-09    3.1092878E-04    2.7249516E-03    1.3834241E-05    3.5584984E-07    1.1131818E-06    2.7778076E-12    1.0000000E-14    1.3353954E-08    1.6286704E-04    1.0000000E-14    6.8223578E-05    1.0000000E-30
    1.5210000E+01   -1.0808508E-03    1.0000000E-04    2.6126579E-04    1.7373707E-04    3.2670994E-05    4.4940507E-09    3.1073418E-04    2.7385823E-03    1.5434505E-05    3.5584931E-07    1.0841819E-06    2.7793942E-12    1.0000000E-14    1.5480743E-08    1.6423081E-04    1.0000000E-14    5.4078573E-05    1.0000000E-30
    1.5390000E+01   -1.0865847E-03    1.0000000E-04    2.6175534E-04    1.7494193E-04    3.2861568E-05    4.4797604E-09    3.1053873E-04    2.7504223E-03    1.7082532E-05    3.5584878E-07    1.0508503E-06    2.7750296E-12    1.0000000E-14    1.7834586E-08    1.6558853E-04    1.0000000E-14    4.2017504E-05    1.0000000E-30
    1.5570000E+01   -1.0923032E-03    1.0000000E-04    2.6224372E-04    1.7615142E-04    3.3050508E-05    4.4577391E-09    3.1034164E-04    2.7606014E-03    1.8749464E-05    3.5584824E-07    1.0136341E-06    2.7651961E-12    1.0000000E-14    2.0418080E-08    1.6693949E-04    1.0000000E-14    3.2041764E-05    1.0000000E-30
    1.5750000E+01   -1.0980054E-03    1.0000000E-04    2.6273054E-04    1.7736519E-04    3.3237879E-05    4.4291421E-09    3.1014221E-04    2.7693097E-03    2.0406012E-05    3.5584769E-07    9.7311673E-07    2.7505795E-12    1.0000000E-14    2.3229789E-08    1.6828306E-04    1.0000000E-14    2.4032749E-05    1.0000000E-30
    1.5930000E+01   -1.1036905E-03    1.0000000E-04    2.6321548E-04    1.7858302E-04    3.3423740E-05    4.3952581E-09    3.0993989E-04    2.7767700E-03    2.2024148E-05    3.5584713E-07    9.2998775E-07    2.7319746E-12    1.0000000E-14    2.6264415E-08    1.6961862E-04    1.0000000E-14    1.7783484E-05    1.0000000E-30
    1.6110000E+01   -1.1093587E-03    1.0000000E-04    2.6369828E-04    1.7980493E-04    3.3608146E-05    4.3573729E-09    3.0973425E-04    2.7832135E-03    2.3578378E-05    3.5584657E-07    8.8500561E-07    2.7101982E-12    1.0000000E-14    2.9513148E-08    1.7094547E-04    1.0000000E-14    1.3036287E-05    1.0000000E-30
    1.6290000E+01   -1.1150103E-03    1.0000000E-04    2.6417876E-04    1.8103121E-04    3.3791144E-05    4.3166691E-09    3.0952496E-04    2.7888600E-03    2.5046497E-05    3.5584599E-07    8.3895604E-07    2.6860236E-12    1.0000000E-14    3.2964121E-08    1.7226281E-04    1.0000000E-14    9.5181952E-06    1.0000000E-30
    1.6470000E+01   -1.1206461E-03    1.0000000E-04    2.6465677E-04    1.8226251E-04    3.3972774E-05    4.2741696E-09    3.0931183E-04    2.7939062E-03    2.6409856E-05    3.5584542E-07    7.9261211E-07    2.6601400E-12    1.0000000E-14    3.6602897E-08    1.7356964E-04    1.0000000E-14    6.9686447E-06    1.0000000E-30
    1.6650000E+01   -1.1262670E-03    1.0000000E-04    2.6513225E-04    1.8349989E-04    3.4153074E-05    4.2307201E-09    3.0909472E-04    2.7985207E-03    2.7653232E-05    3.5584483E-07    7.4669949E-07    2.6331370E-12    1.0000000E-14    4.0412944E-08    1.7486463E-04    1.0000000E-14    5.1572259E-06    1.0000000E-30
    1.6830000E+01   -1.1318742E-03    1.0000000E-04    2.6560513E-04    1.8474492E-04    3.4332075E-05    4.1870007E-09    3.0887358E-04    2.8028444E-03    2.8764454E-05    3.5584423E-07    7.0186966E-07    2.6055062E-12    1.0000000E-14    4.4376052E-08    1.7614609E-04    1.0000000E-14    3.8920853E-06    1.0000000E-30
    1.7010000E+01   -1.1374685E-03    1.0000000E-04    2.6607541E-04    1.8599972E-04    3.4509805E-05    4.1435562E-09    3.0864841E-04    2.8069958E-03    2.9733894E-05    3.5584363E-07    6.5868223E-07    2.5776575E-12    1.0000000E-14    4.8472686E-08    1.7741182E-04    1.0000000E-14    3.0211216E-06    1.0000000E-30
    1.7190000E+01   -1.1430511E-03    1.0000000E-04    2.6654310E-04    1.8726703E-04    3.4686288E-05    4.1008381E-09    3.0841927E-04    2.8110781E-03    3.0553949E-05    3.5584302E-07    6.1759618E-07    2.5499422E-12    1.0000000E-14    5.2682264E-08    1.7865909E-04    1.0000000E-14    2.4285761E-06    1.0000000E-30
    1.7370000E+01   -1.1486230E-03    1.0000000E-04    2.6700823E-04    1.8855029E-04    3.4861544E-05    4.0592504E-09    3.0818625E-04    2.8151889E-03    3.1218543E-05    3.5584240E-07    5.7896906E-07    2.5226813E-12    1.0000000E-14    5.6983368E-08    1.7988453E-04    1.0000000E-14    2.0293319E-06    1.0000000E-30
    1.7550000E+01   -1.1541849E-03    1.0000000E-04    2.6747087E-04    1.8985362E-04    3.5035590E-05    4.0192009E-09    3.0794949E-04    2.8194311E-03    3.1722723E-05    3.5584177E-07    5.4306249E-07    2.4961980E-12    1.0000000E-14    6.1353894E-08    1.8108417E-04    1.0000000E-14    1.7626053E-06    1.0000000E-30
    1.7730000E+01   -1.1597380E-03    1.0000000E-04    2.6793110E-04    1.9118187E-04    3.5208439E-05    3.9811570E-09    3.0770920E-04    2.8239268E-03    3.2062327E-05    3.5584113E-07    5.1005257E-07    2.4708555E-12    1.0000000E-14    6.5771159E-08    1.8225339E-04    1.0000000E-14    1.5860603E-06    1.0000000E-30
    1.7910000E+01   -1.1652749E-03    1.0000000E-04    2.6838840E-04    1.9253843E-04    3.5379848E-05    3.9457599E-09    3.0746601E-04    2.8288250E-03    3.2233731E-05    3.5584048E-07    4.8007946E-07    2.4471349E-12    1.0000000E-14    7.0205368E-08    1.8338541E-04    1.0000000E-14    1.4709096E-06    1.0000000E-30
