# Time          5.0000E+01
# Units: Mol/g solid
    Distance        NaXEel           KXEel            CaXEel           MgXEel          
    9.0000000E-02    3.5816147E-08    3.0643229E-07    6.2591796E-06    3.5728294E-06
    2.7000000E-01    4.4065352E-08    3.3388847E-07    6.2249794E-06    3.5904459E-06
    4.5000000E-01    5.0997552E-08    4.1169755E-07    6.2021761E-06    3.5705914E-06
    6.3000000E-01    5.6958598E-08    5.1000770E-07    6.1762583E-06    3.5440487E-06
    8.1000000E-01    6.2154899E-08    6.1473586E-07    6.1489477E-06    3.5160744E-06
    9.9000000E-01    6.6709217E-08    7.1729264E-07    6.1224126E-06    3.4887451E-06
    1.1700000E+00    7.0712931E-08    8.1293598E-07    6.0979490E-06    3.4630937E-06
    1.3500000E+00    7.4245118E-08    8.9969368E-07    6.0760840E-06    3.4395422E-06
    1.5300000E+00    7.7376562E-08    9.7733381E-07    6.0568492E-06    3.4181396E-06
    1.7100000E+00    8.0169791E-08    1.0466178E-06    6.0399871E-06    3.3987307E-06
    1.8900000E+00    8.2688631E-08    1.1074091E-06    6.0245635E-06    3.3822844E-06
    2.0700000E+00    2.1553671E-10    2.6209264E-09    1.4891464E-08    8.6951262E-09
    2.2500000E+00    2.2354294E-10    2.4922460E-09    1.4756056E-08    8.8901886E-09
    2.4300000E+00    2.3087104E-10    2.3784826E-09    1.4646364E-08    9.0525123E-09
    2.6100000E+00    2.3761739E-10    2.2766963E-09    1.4556058E-08    9.1898241E-09
    2.7900000E+00    2.4385908E-10    2.1847244E-09    1.4480688E-08    9.3076065E-09
    2.9700000E+00    2.4965869E-10    2.1009335E-09    1.4417039E-08    9.4098533E-09
    3.1500000E+00    2.5506782E-10    2.0240627E-09    1.4362730E-08    9.4995418E-09
    3.3300000E+00    2.6012953E-10    1.9531197E-09    1.4315966E-08    9.5789359E-09
    3.5100000E+00    2.6488014E-10    1.8873107E-09    1.4275370E-08    9.6497865E-09
    3.6900000E+00    2.6935062E-10    1.8259909E-09    1.4239869E-08    9.7134693E-09
    3.8700000E+00    2.7356757E-10    1.7686299E-09    1.4208615E-08    9.7710790E-09
    4.0500000E+00    2.7755403E-10    1.7147861E-09    1.4180933E-08    9.8234978E-09
    4.2300000E+00    2.8133008E-10    1.6640880E-09    1.4156276E-08    9.8714443E-09
    4.4100000E+00    2.8491334E-10    1.6162200E-09    1.4134202E-08    9.9155095E-09
    4.5900000E+00    2.8831936E-10    1.5709120E-09    1.4114343E-08    9.9561839E-09
    4.7700000E+00    2.9156192E-10    1.5279308E-09    1.4096398E-08    9.9938779E-09
    4.9500000E+00    2.9465331E-10    1.4870735E-09    1.4080113E-08    1.0028938E-08
    5.1300000E+00    2.9760451E-10    1.4481627E-09    1.4065278E-08    1.0061657E-08
    5.3100000E+00    3.0042540E-10    1.4110425E-09    1.4051713E-08    1.0092286E-08
    5.4900000E+00    3.0312486E-10    1.3755747E-09    1.4039267E-08    1.0121041E-08
    5.6700000E+00    3.0571096E-10    1.3416364E-09    1.4027807E-08    1.0148109E-08
    5.8500000E+00    3.0819100E-10    1.3091180E-09    1.4017225E-08    1.0173651E-08
    6.0300000E+00    3.1057163E-10    1.2779211E-09    1.4007422E-08    1.0197809E-08
    6.2100000E+00    3.1285892E-10    1.2479570E-09    1.3998316E-08    1.0220707E-08
    6.3900000E+00    3.1505842E-10    1.2191458E-09    1.3989835E-08    1.0242453E-08
    6.5700000E+00    3.1717523E-10    1.1914147E-09    1.3981914E-08    1.0263145E-08
    6.7500000E+00    3.1921403E-10    1.1646977E-09    1.3974499E-08    1.0282868E-08
    6.9300000E+00    3.2117914E-10    1.1389344E-09    1.3967541E-08    1.0301699E-08
    7.1100000E+00    3.2307454E-10    1.1140698E-09    1.3960996E-08    1.0319705E-08
    7.2900000E+00    3.2490391E-10    1.0900532E-09    1.3954827E-08    1.0336948E-08
    7.4700000E+00    3.2667066E-10    1.0668382E-09    1.3949000E-08    1.0353482E-08
    7.6500000E+00    3.2837795E-10    1.0443818E-09    1.3943485E-08    1.0369359E-08
    7.8300000E+00    3.3002876E-10    1.0226470E-09    1.3938255E-08    1.0384620E-08
    8.0100000E+00    3.3163041E-10    1.0018295E-09    1.3933255E-08    1.0399219E-08
    8.1900000E+00    5.3377846E-08    1.6070415E-07    2.2278805E-06    1.6646161E-06
    8.3700000E+00    5.3690224E-08    1.6111728E-07    2.2266371E-06    1.6654942E-06
    8.5500000E+00    5.3993682E-08    1.6152395E-07    2.2253932E-06    1.6663811E-06
    8.7300000E+00    5.4288378E-08    1.6192556E-07    2.2241489E-06    1.6672760E-06
    8.9100000E+00    5.4574530E-08    1.6232291E-07    2.2229006E-06    1.6681817E-06
    9.0900000E+00    5.4852402E-08    1.6271667E-07    2.2216371E-06    1.6691090E-06
    9.2700000E+00    5.5122287E-08    1.6310750E-07    2.2203351E-06    1.6700806E-06
    9.4500000E+00    5.5384507E-08    1.6349610E-07    2.2189555E-06    1.6711350E-06
    9.6300000E+00    5.5639403E-08    1.6388320E-07    2.2174406E-06    1.6723295E-06
    9.8100000E+00    5.5887330E-08    1.6426958E-07    2.2157150E-06    1.6737387E-06
    9.9900000E+00    5.6128653E-08    1.6465606E-07    2.2136902E-06    1.6754507E-06
    1.0170000E+01    5.6363733E-08    1.6504343E-07    2.2112733E-06    1.6775577E-06
    1.0350000E+01    5.6592917E-08    1.6543244E-07    2.2083788E-06    1.6801445E-06
    1.0530000E+01    5.6816523E-08    1.6582373E-07    2.2049409E-06    1.6832766E-06
    1.0710000E+01    5.7034829E-08    1.6621780E-07    2.2009245E-06    1.6869887E-06
    1.0890000E+01    5.7248070E-08    1.6661496E-07    2.1963325E-06    1.6912775E-06
    1.1070000E+01    5.7456427E-08    1.6701534E-07    2.1912087E-06    1.6960991E-06
    1.1250000E+01    5.7660043E-08    1.6741893E-07    2.1856350E-06    1.7013714E-06
    1.1430000E+01    5.7859021E-08    1.6782565E-07    2.1797243E-06    1.7069816E-06
    1.1610000E+01    5.8053450E-08    1.6823543E-07    2.1736102E-06    1.7127961E-06
    1.1790000E+01    5.8243415E-08    1.6864838E-07    2.1674349E-06    1.7186724E-06
    1.1970000E+01    5.8429025E-08    1.6906495E-07    2.1613382E-06    1.7244706E-06
    1.2150000E+01    5.8610403E-08    1.6948618E-07    2.1554465E-06    1.7300636E-06
    1.2330000E+01    5.8784790E-08    1.6991737E-07    2.1498785E-06    1.7353313E-06
    1.2510000E+01    3.6664579E-08    1.0671121E-07    1.3414408E-06    1.0869122E-06
    1.2690000E+01    3.6585132E-08    1.0721053E-07    1.3391484E-06    1.0889949E-06
    1.2870000E+01    3.6506758E-08    1.0771002E-07    1.3369747E-06    1.0909581E-06
    1.3050000E+01    3.6429430E-08    1.0821084E-07    1.3349251E-06    1.0927958E-06
    1.3230000E+01    3.6353126E-08    1.0871439E-07    1.3330024E-06    1.0945049E-06
    1.3410000E+01    3.6277825E-08    1.0922236E-07    1.3312067E-06    1.0960842E-06
    1.3590000E+01    3.6203515E-08    1.0973678E-07    1.3295361E-06    1.0975348E-06
    1.3770000E+01    3.6130187E-08    1.1026006E-07    1.3279865E-06    1.0988595E-06
    1.3950000E+01    3.6057838E-08    1.1079507E-07    1.3265523E-06    1.1000624E-06
    1.4130000E+01    3.5986467E-08    1.1134518E-07    1.3252266E-06    1.1011487E-06
    1.4310000E+01    3.5916079E-08    1.1191434E-07    1.3240021E-06    1.1021239E-06
    1.4490000E+01    3.5846684E-08    1.1250713E-07    1.3228710E-06    1.1029932E-06
    1.4670000E+01    3.5778294E-08    1.1312884E-07    1.3218268E-06    1.1037608E-06
    1.4850000E+01    3.5710921E-08    1.1378554E-07    1.3208646E-06    1.1044285E-06
    1.5030000E+01    3.5644583E-08    1.1448416E-07    1.3199826E-06    1.1049944E-06
    1.5210000E+01    3.5579295E-08    1.1523256E-07    1.3191840E-06    1.1054514E-06
    1.5390000E+01    3.5515071E-08    1.1603957E-07    1.3184788E-06    1.1057853E-06
    1.5570000E+01    3.5451921E-08    1.1691510E-07    1.3178853E-06    1.1059726E-06
    1.5750000E+01    3.5389853E-08    1.1787015E-07    1.3174322E-06    1.1059793E-06
    1.5930000E+01    3.5328867E-08    1.1891691E-07    1.3171602E-06    1.1057584E-06
    1.6110000E+01    3.5268957E-08    1.2006877E-07    1.3171225E-06    1.1052502E-06
    1.6290000E+01    3.5210110E-08    1.2134034E-07    1.3173850E-06    1.1043814E-06
    1.6470000E+01    3.5152308E-08    1.2274751E-07    1.3180252E-06    1.1030666E-06
    1.6650000E+01    3.5095531E-08    1.2430743E-07    1.3191297E-06    1.1012106E-06
    1.6830000E+01    3.5039756E-08    1.2603847E-07    1.3207908E-06    1.0987120E-06
    1.7010000E+01    3.4984966E-08    1.2796024E-07    1.3231021E-06    1.0954673E-06
    1.7190000E+01    3.4931152E-08    1.3009346E-07    1.3261528E-06    1.0913769E-06
    1.7370000E+01    3.4878318E-08    1.3245992E-07    1.3300227E-06    1.0863503E-06
    1.7550000E+01    3.4826484E-08    1.3508229E-07    1.3347759E-06    1.0803119E-06
    1.7730000E+01    3.4775696E-08    1.3798359E-07    1.3404554E-06    1.0732073E-06
    1.7910000E+01    3.4726489E-08    1.4114941E-07    1.3469962E-06    1.0651083E-06
