# Time          5.0000E+01
# Units: Log10 mol/kgw
    Distance      pH               H+               Li+              Na+              Ca++             K+               Al+++            SiO2(aq)         CO2(aq)          O2(aq)           Methane(aq)      Fe++             Fe+++            HS-              SO4--            Mg++             Cl-              CH2O             Tracer           HCO3-            Al(OH)2+         AlO2-            AlOH++           FeOH+            FeOH++           FeSO4(aq)        FeSO4+           OH-              CO3--            FeCO3(aq)        FeCO3+           FeHCO3+          NaCO3-           NaHCO3(aq)   
    9.0000000E-02    5.8639959E+00   -5.8559267E+00   -3.9999999E+00   -4.6059957E+00   -4.8135501E+00   -4.8760483E+00   -7.2589554E+00   -4.3781739E+00   -2.9084216E+00   -3.4710910E+00   -6.4486806E+00   -7.1219488E+00   -1.4414419E+01   -1.4000000E+01   -1.4000004E+01   -4.9966206E+00   -1.4000000E+01   -4.6262067E+00   -3.0000000E+01   -3.4795927E+00   -6.9915361E+00   -8.2412430E+00   -6.7938029E+00   -1.0782495E+01   -1.0780040E+01   -1.8987999E+01   -2.6787482E+01   -8.5930642E+00   -8.0535442E+00   -1.0377493E+01   -1.2287415E+01   -7.9143722E+00   -1.2021639E+01   -7.8342328E+00
    2.7000000E-01    5.9224597E+00   -5.9132529E+00   -3.9999999E+00   -4.3655200E+00   -4.5554098E+00   -4.5862564E+00   -7.7174475E+00   -4.1193027E+00   -2.8830776E+00   -3.4842123E+00   -6.4486887E+00   -7.0787128E+00   -1.4682853E+01   -1.4000000E+01   -1.4000005E+01   -4.7393143E+00   -1.4000000E+01   -5.9083858E+00   -3.0000000E+01   -3.3945710E+00   -7.3421627E+00   -8.4749422E+00   -7.1992959E+00   -1.0684311E+01   -1.0995475E+01   -1.8954323E+01   -2.7069809E+01   -8.5333885E+00   -7.9064613E+00   -1.0196706E+01   -1.2422630E+01   -7.7908343E+00   -1.1638882E+01   -7.5111543E+00
    4.5000000E-01    5.9635505E+00   -5.9534108E+00   -3.9999999E+00   -4.2232064E+00   -4.4083694E+00   -4.3918991E+00   -8.0027633E+00   -3.9796944E+00   -2.8575357E+00   -3.4977084E+00   -6.4486963E+00   -7.0994093E+00   -1.4797538E+01   -1.4000000E+01   -1.4000004E+01   -4.5949305E+00   -1.4000000E+01   -6.6432555E+00   -3.0000000E+01   -3.3269346E+00   -7.5527249E+00   -8.6033228E+00   -7.4479795E+00   -1.0666809E+01   -1.1073527E+01   -1.8982906E+01   -2.7195912E+01   -8.4912961E+00   -7.7947647E+00   -1.0113567E+01   -1.2437011E+01   -7.7477824E+00   -1.1388837E+01   -7.3032030E+00
    6.3000000E-01    5.9929011E+00   -5.9819568E+00   -3.9999999E+00   -4.1223626E+00   -4.3038178E+00   -4.2560828E+00   -8.2021943E+00   -3.8878221E+00   -2.8315163E+00   -3.5116593E+00   -6.4487034E+00   -7.1332577E+00   -1.4878288E+01   -1.4000000E+01   -1.4000004E+01   -4.4928006E+00   -1.4000000E+01   -6.7303029E+00   -3.0000000E+01   -3.2706930E+00   -7.6998587E+00   -8.6917554E+00   -7.6218888E+00   -1.0673810E+01   -1.1128755E+01   -1.9023591E+01   -2.7286528E+01   -8.4610760E+00   -7.7065975E+00   -1.0066061E+01   -1.2439435E+01   -7.7287553E+00   -1.1203264E+01   -7.1478524E+00
    8.1000000E-01    6.0140195E+00   -6.0023573E+00   -3.9999999E+00   -4.0441496E+00   -4.2210443E+00   -4.1565035E+00   -8.3491196E+00   -3.8210534E+00   -2.8051034E+00   -3.5260970E+00   -6.4487104E+00   -7.1626182E+00   -1.4935168E+01   -1.4000000E+01   -1.4000004E+01   -4.4120629E+00   -1.4000000E+01   -6.7210681E+00   -3.0000000E+01   -3.2223792E+00   -7.8102596E+00   -8.7599195E+00   -7.7510992E+00   -1.0684291E+01   -1.1167921E+01   -1.9059080E+01   -2.7352228E+01   -8.4391772E+00   -7.6348564E+00   -1.0029785E+01   -1.2433371E+01   -7.7128157E+00   -1.1056393E+01   -7.0228825E+00
    9.9000000E-01    6.0290773E+00   -6.0167598E+00   -3.9999999E+00   -3.9800479E+00   -4.1515731E+00   -4.0803697E+00   -8.4602405E+00   -3.7695317E+00   -2.7783777E+00   -3.5410546E+00   -6.4487172E+00   -7.1823480E+00   -1.4974443E+01   -1.4000000E+01   -1.4000003E+01   -4.3442657E+00   -1.4000000E+01   -6.7062738E+00   -3.0000000E+01   -3.1798778E+00   -7.8964769E+00   -8.8160211E+00   -7.8502578E+00   -1.0691012E+01   -1.1195233E+01   -1.9084426E+01   -2.7399564E+01   -8.4234034E+00   -7.5751806E+00   -9.9954323E+00   -1.2421008E+01   -7.6928029E+00   -1.0935442E+01   -6.9177075E+00
    1.1700000E+00    6.0395001E+00   -6.0265754E+00   -3.9999999E+00   -3.9255095E+00   -4.0912742E+00   -4.0199937E+00   -8.5452519E+00   -3.7281522E+00   -2.7514061E+00   -3.5565691E+00   -6.4487239E+00   -7.1922240E+00   -1.5000243E+01   -1.4000000E+01   -1.4000003E+01   -4.2853306E+00   -1.4000000E+01   -6.6907069E+00   -3.0000000E+01   -3.1418145E+00   -7.9654715E+00   -8.8641701E+00   -7.9277058E+00   -1.0692368E+01   -1.1213470E+01   -1.9099527E+01   -2.7432847E+01   -8.4123138E+00   -7.5247251E+00   -9.9600549E+00   -1.2403812E+01   -7.6671795E+00   -1.0833079E+01   -6.8264356E+00
    1.3500000E+00    6.0462791E+00   -6.0327852E+00   -3.9999999E+00   -3.8778367E+00   -4.0378124E+00   -3.9705816E+00   -8.6102060E+00   -3.6939087E+00   -2.7242438E+00   -3.5726815E+00   -6.4487306E+00   -7.1935540E+00   -1.5015453E+01   -1.4000000E+01   -1.4000003E+01   -4.2329748E+00   -1.4000000E+01   -6.6745551E+00   -3.0000000E+01   -3.1072435E+00   -8.0213923E+00   -8.9065329E+00   -7.9885529E+00   -1.0688706E+01   -1.1224573E+01   -1.9105771E+01   -2.7455078E+01   -8.4049071E+00   -7.4815223E+00   -9.9230738E+00   -1.2382818E+01   -7.6363477E+00   -1.0744678E+01   -6.7454435E+00
    1.5300000E+00    6.0501302E+00   -6.0360983E+00   -3.9999999E+00   -3.8353060E+00   -3.9897012E+00   -3.9290668E+00   -8.6592842E+00   -3.6648902E+00   -2.6969369E+00   -3.5894381E+00   -6.4487373E+00   -7.1878269E+00   -1.5022156E+01   -1.4000000E+01   -1.4000003E+01   -4.1857576E+00   -1.4000000E+01   -6.6577812E+00   -3.0000000E+01   -3.0754876E+00   -8.0670446E+00   -8.9444829E+00   -8.0362985E+00   -1.0680821E+01   -1.1229943E+01   -1.9104705E+01   -2.7468428E+01   -8.4004600E+00   -7.4441576E+00   -9.8846208E+00   -1.2358781E+01   -7.6011478E+00   -1.0667131E+01   -6.6723452E+00
    1.7100000E+00    6.0515866E+00   -6.0370426E+00   -3.9999999E+00   -3.7967542E+00   -3.9459114E+00   -3.8934304E+00   -8.6955205E+00   -3.6398116E+00   -2.6695241E+00   -3.6068908E+00   -6.4487440E+00   -7.1763067E+00   -1.5021907E+01   -1.4000000E+01   -1.4000003E+01   -4.1426874E+00   -1.4000000E+01   -6.6403316E+00   -3.0000000E+01   -3.0460467E+00   -8.1044373E+00   -8.9789628E+00   -8.0734690E+00   -1.0669459E+01   -1.1230629E+01   -1.9097636E+01   -2.7474513E+01   -8.3984341E+00   -7.4115815E+00   -9.8449531E+00   -1.2332268E+01   -7.5623650E+00   -1.0598245E+01   -6.6054880E+00
    1.8900000E+00    6.0510602E+00   -6.0360258E+00   -3.9999999E+00   -3.7613245E+00   -3.9056803E+00   -3.8623930E+00   -8.7212566E+00   -3.6177275E+00   -2.6420376E+00   -3.6250984E+00   -6.4487506E+00   -7.1600240E+00   -1.5015905E+01   -1.4000000E+01   -1.4000003E+01   -4.1029886E+00   -1.4000000E+01   -6.6183729E+00   -3.0000000E+01   -3.0185372E+00   -8.1351219E+00   -9.0107003E+00   -8.1020145E+00   -1.0655251E+01   -1.1227436E+01   -1.9085628E+01   -2.7474583E+01   -8.3984131E+00   -7.3829859E+00   -9.8043273E+00   -1.2303720E+01   -7.5206633E+00   -1.0536374E+01   -6.5436402E+00
    2.0700000E+00    6.0506181E+00   -6.0350609E+00   -3.9999999E+00   -3.7147132E+00   -3.8658551E+00   -3.8705589E+00   -8.6665685E+00   -3.5803432E+00   -2.6146756E+00   -3.6440048E+00   -6.4487582E+00   -7.1761947E+00   -1.5010155E+01   -1.4000000E+01   -1.4000003E+01   -4.0469680E+00   -1.4000000E+01   -4.8561294E+00   -3.0000000E+01   -2.9910290E+00   -8.0854703E+00   -8.9619329E+00   -8.0501959E+00   -1.0673518E+01   -1.1224555E+01   -1.9106370E+01   -2.7475314E+01   -8.3982692E+00   -7.3541949E+00   -9.7962540E+00   -1.2275637E+01   -7.5115595E+00   -1.0463277E+01   -6.4706887E+00
    2.2500000E+00    6.0504077E+00   -6.0343515E+00   -3.9999999E+00   -3.6726812E+00   -3.8293700E+00   -3.8792851E+00   -8.7046200E+00   -3.5481092E+00   -2.5892561E+00   -3.6629767E+00   -6.4487658E+00   -7.1720599E+00   -1.5005053E+01   -1.4000000E+01   -1.4000003E+01   -3.9975576E+00   -1.4000000E+01   -4.8119398E+00   -3.0000000E+01   -2.9652559E+00   -8.1279052E+00   -9.0047885E+00   -8.0907684E+00   -1.0671175E+01   -1.1221975E+01   -1.9106612E+01   -2.7476406E+01   -8.3979181E+00   -7.3269802E+00   -9.7692573E+00   -1.2249490E+01   -7.4837886E+00   -1.0396237E+01   -6.4040028E+00
    2.4300000E+00    6.0503740E+00   -6.0338400E+00   -3.9999999E+00   -3.6344330E+00   -3.7957123E+00   -3.8885317E+00   -8.7382483E+00   -3.5200097E+00   -2.5655175E+00   -3.6820746E+00   -6.4487734E+00   -7.1594321E+00   -1.5000646E+01   -1.4000000E+01   -1.4000003E+01   -3.9533560E+00   -1.4000000E+01   -4.7912824E+00   -3.0000000E+01   -2.9410090E+00   -8.1653945E+00   -9.0423453E+00   -8.1266372E+00   -1.0660098E+01   -1.1219808E+01   -1.9098188E+01   -2.7477937E+01   -8.3974121E+00   -7.3011802E+00   -9.7350092E+00   -1.2225197E+01   -7.4489646E+00   -1.0334310E+01   -6.3425835E+00
    2.6100000E+00    6.0505184E+00   -6.0335257E+00   -3.9999999E+00   -3.5993673E+00   -3.7644800E+00   -3.8982690E+00   -8.7682578E+00   -3.4953075E+00   -2.5432938E+00   -3.7012714E+00   -6.4487809E+00   -7.1434066E+00   -1.4996935E+01   -1.4000000E+01   -1.4000003E+01   -3.9133661E+00   -1.4000000E+01   -4.7719834E+00   -3.0000000E+01   -2.9181183E+00   -8.1987563E+00   -9.0754182E+00   -8.1586153E+00   -1.0645387E+01   -1.1218066E+01   -1.9086210E+01   -2.7479933E+01   -8.3967476E+00   -7.2766170E+00   -9.6984440E+00   -1.2202606E+01   -7.4120215E+00   -1.0276723E+01   -6.2856636E+00
    2.7900000E+00    6.0508370E+00   -6.0334028E+00   -3.9999999E+00   -3.5670172E+00   -3.7353517E+00   -3.9084742E+00   -8.7952833E+00   -3.4734454E+00   -2.5224401E+00   -3.7205390E+00   -6.4487885E+00   -7.1261175E+00   -1.4993897E+01   -1.4000000E+01   -1.4000003E+01   -3.8768525E+00   -1.4000000E+01   -4.7527190E+00   -3.0000000E+01   -2.8964415E+00   -8.2286480E+00   -9.1046728E+00   -8.1873508E+00   -1.0629186E+01   -1.1216738E+01   -1.9072826E+01   -2.7482394E+01   -8.3959269E+00   -7.2531469E+00   -9.6615666E+00   -1.2181572E+01   -7.3749579E+00   -1.0222873E+01   -6.2326374E+00
    2.9700000E+00    6.0513259E+00   -6.0334662E+00   -3.9999999E+00   -3.5370130E+00   -3.7080667E+00   -3.9191301E+00   -8.8198230E+00   -3.4539922E+00   -2.5028339E+00   -3.7398446E+00   -6.4487960E+00   -7.1084703E+00   -1.4991512E+01   -1.4000000E+01   -1.4000004E+01   -3.8432575E+00   -1.4000000E+01   -4.7334314E+00   -3.0000000E+01   -2.8758580E+00   -8.2555867E+00   -9.1306336E+00   -8.2133525E+00   -1.0612407E+01   -1.1215814E+01   -1.9058955E+01   -2.7485315E+01   -8.3949521E+00   -7.2306484E+00   -9.6251731E+00   -1.2161971E+01   -7.3385651E+00   -1.0172277E+01   -6.1830179E+00
    3.1500000E+00    6.0519828E+00   -6.0337119E+00   -3.9999999E+00   -3.5090573E+00   -3.6824100E+00   -3.9302238E+00   -8.8422764E+00   -3.4366078E+00   -2.4843710E+00   -3.7591509E+00   -6.4488035E+00   -7.0908658E+00   -1.4989760E+01   -1.4000000E+01   -1.4000004E+01   -3.8121479E+00   -1.4000000E+01   -4.7141505E+00   -3.0000000E+01   -2.8562651E+00   -8.2799877E+00   -9.1537209E+00   -8.2370291E+00   -1.0595460E+01   -1.1215286E+01   -1.9045007E+01   -2.7488693E+01   -8.3938245E+00   -7.2090175E+00   -9.5895706E+00   -1.2143695E+01   -7.3031462E+00   -1.0124536E+01   -6.1364072E+00
    3.3300000E+00    6.0528058E+00   -6.0341374E+00   -3.9999999E+00   -3.4829065E+00   -3.6582030E+00   -3.9417461E+00   -8.8629701E+00   -3.4210189E+00   -2.4669625E+00   -3.7784151E+00   -6.4488111E+00   -7.0734953E+00   -1.4988627E+01   -1.4000000E+01   -1.4000004E+01   -3.7831809E+00   -1.4000000E+01   -4.6949168E+00   -3.0000000E+01   -2.8375742E+00   -8.3021895E+00   -9.1742766E+00   -8.2587144E+00   -1.0578539E+01   -1.1215144E+01   -1.9031182E+01   -2.7492528E+01   -8.3925446E+00   -7.1881639E+00   -9.5548691E+00   -1.2126653E+01   -7.2688084E+00   -1.0079322E+01   -6.0924759E+00
    3.5100000E+00    6.0537945E+00   -6.0347408E+00   -3.9999999E+00   -3.4583592E+00   -3.6352949E+00   -3.9536912E+00   -8.8821757E+00   -3.4070033E+00   -2.4505321E+00   -3.7975886E+00   -6.4488186E+00   -7.0564634E+00   -1.4988102E+01   -1.4000000E+01   -1.4000004E+01   -3.7560805E+00   -1.4000000E+01   -4.6757772E+00   -3.0000000E+01   -2.8197087E+00   -8.3224728E+00   -9.1925826E+00   -8.2786853E+00   -1.0561753E+01   -1.1215385E+01   -1.9017594E+01   -2.7496821E+01   -8.3911119E+00   -7.1680086E+00   -9.5211022E+00   -1.2110768E+01   -7.2355837E+00   -1.0036359E+01   -6.0509476E+00
    3.6900000E+00    6.0549492E+00   -6.0355219E+00   -3.9999999E+00   -3.4352467E+00   -3.6135579E+00   -3.9660557E+00   -8.9001223E+00   -3.3943775E+00   -2.4350142E+00   -3.8166167E+00   -6.4488261E+00   -7.0398396E+00   -1.4988180E+01   -1.4000000E+01   -1.4000004E+01   -3.7306212E+00   -1.4000000E+01   -4.6567845E+00   -3.0000000E+01   -2.8026017E+00   -8.3410728E+00   -9.2088732E+00   -8.2971749E+00   -1.0545174E+01   -1.1216005E+01   -1.9004318E+01   -2.7501576E+01   -8.3895253E+00   -7.1484818E+00   -9.4882763E+00   -1.2095973E+01   -7.2034781E+00   -9.9954107E+00   -6.0115886E+00
    3.8700000E+00    6.0562712E+00   -6.0364811E+00   -3.9999999E+00   -3.4134263E+00   -3.5928825E+00   -3.9788387E+00   -8.9170064E+00   -3.3829887E+00   -2.4203522E+00   -3.8354378E+00   -6.4488336E+00   -7.0236806E+00   -1.4988857E+01   -1.4000000E+01   -1.4000004E+01   -3.7066165E+00   -1.4000000E+01   -4.6379983E+00   -3.0000000E+01   -2.7861945E+00   -8.3581894E+00   -9.2233457E+00   -8.3143819E+00   -1.0528859E+01   -1.1217005E+01   -1.8991417E+01   -2.7506798E+01   -8.3877827E+00   -7.1295212E+00   -9.4563921E+00   -1.2082212E+01   -7.1724928E+00   -9.9562760E+00   -5.9741990E+00
    4.0500000E+00    6.0577628E+00   -6.0376201E+00   -3.9999999E+00   -3.3927764E+00   -3.5731740E+00   -3.9920413E+00   -8.9329988E+00   -3.3727083E+00   -2.4064972E+00   -3.8539833E+00   -6.4488411E+00   -7.0080407E+00   -1.4990134E+01   -1.4000000E+01   -1.4000004E+01   -3.6839103E+00   -1.4000000E+01   -4.6194849E+00   -3.0000000E+01   -2.7704354E+00   -8.3739938E+00   -9.2361670E+00   -8.3304782E+00   -1.0512862E+01   -1.1218386E+01   -1.8978951E+01   -2.7512498E+01   -8.3858811E+00   -7.1110707E+00   -9.4254529E+00   -1.2069438E+01   -7.1426328E+00   -9.9187796E+00   -5.9386067E+00
    4.2300000E+00    6.0594273E+00   -6.0389416E+00   -3.9999999E+00   -3.3731923E+00   -3.5543504E+00   -4.0056665E+00   -8.9482498E+00   -3.3634270E+00   -2.3934073E+00   -3.8721774E+00   -6.4488486E+00   -6.9929761E+00   -1.4992015E+01   -1.4000000E+01   -1.4000004E+01   -3.6623710E+00   -1.4000000E+01   -4.6013175E+00   -3.0000000E+01   -2.7552785E+00   -8.3886350E+00   -9.2474792E+00   -8.3456139E+00   -1.0497238E+01   -1.1220152E+01   -1.8966981E+01   -2.7518685E+01   -8.3838167E+00   -7.0930793E+00   -9.3954690E+00   -1.2057611E+01   -7.1139108E+00   -9.8827683E+00   -5.9046624E+00
    4.4100000E+00    6.0612689E+00   -6.0404492E+00   -3.9999999E+00   -3.3545835E+00   -3.5363399E+00   -4.0197190E+00   -8.9628939E+00   -3.3550516E+00   -2.3810462E+00   -3.8899369E+00   -6.4488561E+00   -6.9785474E+00   -1.4994509E+01   -1.4000000E+01   -1.4000005E+01   -3.6418861E+00   -1.4000000E+01   -4.5835770E+00   -3.0000000E+01   -2.7406829E+00   -8.4022431E+00   -9.2574042E+00   -8.3599219E+00   -1.0482045E+01   -1.1222310E+01   -1.8955572E+01   -2.7525374E+01   -8.3815847E+00   -7.0755004E+00   -9.3664584E+00   -1.2046699E+01   -7.0863488E+00   -9.8481070E+00   -5.8722357E+00
    4.5900000E+00    6.0632926E+00   -6.0421475E+00   -3.9999999E+00   -3.3368710E+00   -3.5190793E+00   -4.0342051E+00   -8.9770528E+00   -3.3475018E+00   -2.3693829E+00   -3.9071712E+00   -6.4488635E+00   -6.9648206E+00   -1.4997626E+01   -1.4000000E+01   -1.4000005E+01   -3.6223593E+00   -1.4000000E+01   -4.5663508E+00   -3.0000000E+01   -2.7266119E+00   -8.4149333E+00   -9.2660470E+00   -8.3735210E+00   -1.0467346E+01   -1.1224867E+01   -1.8944793E+01   -2.7532583E+01   -8.3791796E+00   -7.0582909E+00   -9.3384480E+00   -1.2036676E+01   -7.0599781E+00   -9.8146757E+00   -5.8412120E+00
    4.7700000E+00    6.0655046E+00   -6.0440422E+00   -3.9999999E+00   -3.3199857E+00   -3.5025130E+00   -4.0491326E+00   -8.9908378E+00   -3.3407084E+00   -2.3583914E+00   -3.9237827E+00   -6.4488710E+00   -6.9518680E+00   -1.5001380E+01   -1.4000000E+01   -1.4000005E+01   -3.6037071E+00   -1.4000000E+01   -4.5497335E+00   -3.0000000E+01   -2.7130330E+00   -8.4268084E+00   -9.2734981E+00   -8.3865187E+00   -1.0453208E+01   -1.1227834E+01   -1.8934721E+01   -2.7540330E+01   -8.3765947E+00   -7.0414107E+00   -9.3114732E+00   -1.2027521E+01   -7.0348399E+00   -9.7823667E+00   -5.8114904E+00
    4.9500000E+00    6.0679120E+00   -6.0461401E+00   -3.9999999E+00   -3.3038668E+00   -3.4865916E+00   -4.0645107E+00   -9.0043529E+00   -3.3346111E+00   -2.3480496E+00   -3.9396676E+00   -6.4488784E+00   -6.9397684E+00   -1.5005790E+01   -1.4000000E+01   -1.4000005E+01   -3.5858569E+00   -1.4000000E+01   -4.5338259E+00   -3.0000000E+01   -2.6999165E+00   -8.4379610E+00   -9.2798358E+00   -8.3990137E+00   -1.0439703E+01   -1.1231224E+01   -1.8925437E+01   -2.7548638E+01   -8.3738227E+00   -7.0248218E+00   -9.2855783E+00   -1.2019218E+01   -7.0109851E+00   -9.7510829E+00   -5.7829813E+00
    5.1300000E+00    6.0705230E+00   -6.0484490E+00   -3.9999999E+00   -3.2884606E+00   -3.4712711E+00   -4.0803499E+00   -9.0176957E+00   -3.3291575E+00   -2.3383393E+00   -3.9547167E+00   -6.4488858E+00   -6.9286073E+00   -1.5010876E+01   -1.4000000E+01   -1.4000005E+01   -3.5687453E+00   -1.4000000E+01   -4.5187341E+00   -3.0000000E+01   -2.6872358E+00   -8.4484752E+00   -9.2851280E+00   -8.4110973E+00   -1.0426910E+01   -1.1235051E+01   -1.8917029E+01   -2.7557533E+01   -8.3708549E+00   -7.0084885E+00   -9.2608156E+00   -1.2011757E+01   -6.9884741E+00   -9.7207363E+00   -5.7556050E+00
    5.3100000E+00    6.0733468E+00   -6.0509778E+00   -3.9999999E+00   -3.2737191E+00   -3.4565121E+00   -4.0966622E+00   -9.0309595E+00   -3.3243017E+00   -2.3292461E+00   -3.9688167E+00   -6.4488932E+00   -6.9184772E+00   -1.5016664E+01   -1.4000000E+01   -1.4000005E+01   -3.5523162E+00   -1.4000000E+01   -4.5045684E+00   -3.0000000E+01   -2.6749669E+00   -8.4584283E+00   -9.2894334E+00   -8.4228549E+00   -1.0414914E+01   -1.1239333E+01   -1.8909593E+01   -2.7567042E+01   -8.3676817E+00   -6.9923764E+00   -9.2372459E+00   -1.2005133E+01   -6.9673764E+00   -9.6912458E+00   -5.7292903E+00
    5.4900000E+00    6.0763940E+00   -6.0537367E+00   -3.9999999E+00   -3.2595999E+00   -3.4422793E+00   -4.1134609E+00   -9.0442344E+00   -3.3200036E+00   -2.3207588E+00   -3.9818523E+00   -6.4489006E+00   -6.9094777E+00   -1.5023182E+01   -1.4000000E+01   -1.4000005E+01   -3.5365203E+00   -1.4000000E+01   -4.4914418E+00   -3.0000000E+01   -2.6630878E+00   -8.4678919E+00   -9.2928027E+00   -8.4343679E+00   -1.0403804E+01   -1.1244089E+01   -1.8903231E+01   -2.7577199E+01   -8.3642925E+00   -6.9764524E+00   -9.2149378E+00   -1.1999344E+01   -6.9477708E+00   -9.6625369E+00   -5.7039732E+00
    5.6700000E+00    6.0796761E+00   -6.0567372E+00   -3.9999999E+00   -3.2460650E+00   -3.4285410E+00   -4.1307604E+00   -9.0576089E+00   -3.3162281E+00   -2.3128696E+00   -3.9937078E+00   -6.4489080E+00   -6.9017151E+00   -1.5030463E+01   -1.4000000E+01   -1.4000005E+01   -3.5213137E+00   -1.4000000E+01   -4.4794678E+00   -3.0000000E+01   -2.6515788E+00   -8.4769330E+00   -9.2952795E+00   -8.4457141E+00   -1.0393675E+01   -1.1249341E+01   -1.8898050E+01   -2.7588039E+01   -8.3606753E+00   -6.9606841E+00   -9.1939676E+00   -1.1994395E+01   -6.9297450E+00   -9.6345404E+00   -5.6795965E+00
    5.8500000E+00    6.0832064E+00   -6.0599920E+00   -3.9999999E+00   -3.2330803E+00   -3.4152686E+00   -4.1485766E+00   -9.0711706E+00   -3.3129444E+00   -2.3055737E+00   -4.0042704E+00   -6.4489153E+00   -6.8953027E+00   -1.5038543E+01   -1.4000000E+01   -1.4000005E+01   -3.5066573E+00   -1.4000000E+01   -4.4687580E+00   -3.0000000E+01   -2.6404217E+00   -8.4856151E+00   -9.2969011E+00   -8.4569694E+00   -1.0384629E+01   -1.1255115E+01   -1.8894166E+01   -2.7599601E+01   -8.3568167E+00   -6.9450397E+00   -9.1744184E+00   -1.1990292E+01   -6.9133952E+00   -9.6071913E+00   -5.6561086E+00
    6.0300000E+00    6.0869993E+00   -6.0635156E+00   -3.9999999E+00   -3.2206152E+00   -3.4024362E+00   -4.1669265E+00   -9.0850074E+00   -3.3101257E+00   -2.2988694E+00   -4.0134326E+00   -6.4489226E+00   -6.8903606E+00   -1.5047465E+01   -1.4000000E+01   -1.4000005E+01   -3.4925162E+00   -1.4000000E+01   -4.4594199E+00   -3.0000000E+01   -2.6296001E+00   -8.4939987E+00   -9.2976990E+00   -8.4682082E+00   -1.0376772E+01   -1.1261439E+01   -1.8891701E+01   -2.7611931E+01   -8.3527020E+00   -6.9294875E+00   -9.1563804E+00   -1.1987048E+01   -6.8988258E+00   -9.5804281E+00   -5.6334627E+00
    6.2100000E+00    6.0910710E+00   -6.0673238E+00   -3.9999999E+00   -3.2086422E+00   -3.3900203E+00   -4.1858288E+00   -9.0992088E+00   -3.3077485E+00   -2.2927580E+00   -4.0210952E+00   -6.4489299E+00   -6.8870149E+00   -1.5057275E+01   -1.4000000E+01   -1.4000005E+01   -3.4788591E+00   -1.4000000E+01   -4.4515535E+00   -3.0000000E+01   -2.6190991E+00   -8.5021426E+00   -9.2976994E+00   -8.4795048E+00   -1.0370214E+01   -1.1268344E+01   -1.8890783E+01   -2.7625076E+01   -8.3483149E+00   -6.9139959E+00   -9.1399497E+00   -1.1984681E+01   -6.8861487E+00   -9.5541925E+00   -5.6116167E+00
    6.3900000E+00    6.0954394E+00   -6.0714345E+00   -3.9999999E+00   -3.1971364E+00   -3.3779998E+00   -4.2053030E+00   -9.1138665E+00   -3.3057926E+00   -2.2872440E+00   -4.0271707E+00   -6.4489372E+00   -6.8853979E+00   -1.5068025E+01   -1.4000000E+01   -1.4000005E+01   -3.4656579E+00   -1.4000000E+01   -4.4452484E+00   -3.0000000E+01   -2.6089048E+00   -8.5101039E+00   -9.2969239E+00   -8.4909340E+00   -1.0365071E+01   -1.1275866E+01   -1.8891545E+01   -2.7639092E+01   -8.3436373E+00   -6.8985326E+00   -9.1252276E+00   -1.1983213E+01   -6.8754831E+00   -9.5284280E+00   -5.5905325E+00
    6.5700000E+00    6.1001244E+00   -6.0758674E+00   -3.9999999E+00   -3.1860757E+00   -3.3663553E+00   -4.2253703E+00   -9.1290758E+00   -3.3042404E+00   -2.2823349E+00   -4.0315863E+00   -6.4489445E+00   -6.8856471E+00   -1.5079774E+01   -1.4000000E+01   -1.4000005E+01   -3.4528871E+00   -1.4000000E+01   -4.4405813E+00   -3.0000000E+01   -2.5990048E+00   -8.5179394E+00   -9.2953894E+00   -8.5025718E+00   -1.0361459E+01   -1.1284044E+01   -1.8894125E+01   -2.7654039E+01   -8.3386490E+00   -6.8830649E+00   -9.1123200E+00   -1.1982671E+01   -6.8669547E+00   -9.5030802E+00   -5.5701756E+00
    6.7500000E+00    6.1051482E+00   -6.0806443E+00   -3.9999999E+00   -3.1754397E+00   -3.3550692E+00   -4.2460531E+00   -9.1449363E+00   -3.3030771E+00   -2.2780415E+00   -4.0342863E+00   -6.4489517E+00   -6.8879044E+00   -1.5092587E+01   -1.4000000E+01   -1.4000005E+01   -3.4405241E+00   -1.4000000E+01   -4.4376125E+00   -3.0000000E+01   -2.5893878E+00   -8.5257059E+00   -9.2931083E+00   -8.5144967E+00   -1.0359500E+01   -1.1292920E+01   -1.8898668E+01   -2.7669983E+01   -8.3333279E+00   -6.8675587E+00   -9.1013361E+00   -1.1983089E+01   -6.8606947E+00   -9.4780956E+00   -5.5505146E+00
    6.9300000E+00    6.1105352E+00   -6.0857898E+00   -3.9999999E+00   -3.1652103E+00   -3.3441256E+00   -4.2673751E+00   -9.1615536E+00   -3.3022904E+00   -2.2743781E+00   -4.0352342E+00   -6.4489588E+00   -6.8923154E+00   -1.5106536E+01   -1.4000000E+01   -1.4000005E+01   -3.4285481E+00   -1.4000000E+01   -4.4363843E+00   -3.0000000E+01   -2.5800433E+00   -8.5334607E+00   -9.2900892E+00   -8.5267903E+00   -1.0359315E+01   -1.1302545E+01   -1.8905319E+01   -2.7686998E+01   -8.3276494E+00   -6.8519790E+00   -9.0923871E+00   -1.1984504E+01   -6.8568386E+00   -9.4534211E+00   -5.5315213E+00
    7.1100000E+00    6.1163126E+00   -6.0913309E+00   -3.9999999E+00   -3.1553710E+00   -3.3335101E+00   -4.2893613E+00   -9.1790402E+00   -3.3018701E+00   -2.2713626E+00   -4.0344147E+00   -6.4489660E+00   -6.8990281E+00   -1.5121702E+01   -1.4000000E+01   -1.4000005E+01   -3.4169405E+00   -1.4000000E+01   -4.4369187E+00   -3.0000000E+01   -2.5709618E+00   -8.5412630E+00   -9.2863365E+00   -8.5395384E+00   -1.0361025E+01   -1.1312973E+01   -1.8914227E+01   -2.7705166E+01   -8.3215860E+00   -6.8362885E+00   -9.0855850E+00   -1.1986962E+01   -6.8555254E+00   -9.4290037E+00   -5.5131698E+00
    7.2900000E+00    6.1225109E+00   -6.0972979E+00   -3.9999999E+00   -3.1459071E+00   -3.3232093E+00   -4.3120380E+00   -9.1975171E+00   -3.3018081E+00   -2.2690169E+00   -4.0318336E+00   -6.4489731E+00   -6.9081916E+00   -1.5138175E+01   -1.4000000E+01   -1.4000005E+01   -3.4056845E+00   -1.4000000E+01   -4.4392169E+00   -3.0000000E+01   -2.5621349E+00   -8.5491737E+00   -9.2818507E+00   -8.5528324E+00   -1.0364750E+01   -1.1324263E+01   -1.8925542E+01   -2.7724580E+01   -8.3151074E+00   -6.8204483E+00   -9.0810405E+00   -1.1990516E+01   -6.8568963E+00   -9.4047899E+00   -5.4954372E+00
    7.4700000E+00    6.1291639E+00   -6.1037246E+00   -3.9999999E+00   -3.1368054E+00   -3.3132113E+00   -4.3354329E+00   -9.2171156E+00   -3.3020987E+00   -2.2673671E+00   -4.0275181E+00   -6.4489801E+00   -6.9199549E+00   -1.5156057E+01   -1.4000000E+01   -1.4000005E+01   -3.3947649E+00   -1.4000000E+01   -4.4432587E+00   -3.0000000E+01   -2.5535547E+00   -8.5572572E+00   -9.2766282E+00   -8.5667701E+00   -1.0370603E+01   -1.1336485E+01   -1.8939414E+01   -2.7745341E+01   -8.3081796E+00   -6.8044163E+00   -9.0788610E+00   -1.1995226E+01   -6.8610924E+00   -9.3807247E+00   -5.4783024E+00
    7.6500000E+00    6.1363095E+00   -6.1106487E+00   -3.9999999E+00   -3.1280538E+00   -3.3035053E+00   -4.3595745E+00   -9.2379791E+00   -3.3027380E+00   -2.2664441E+00   -4.0215157E+00   -6.4489871E+00   -6.9344649E+00   -1.5175461E+01   -1.4000000E+01   -1.4000005E+01   -3.3841679E+00   -1.4000000E+01   -4.4490032E+00   -3.0000000E+01   -2.5452143E+00   -8.5655816E+00   -9.2706615E+00   -8.5814573E+00   -1.0378695E+01   -1.1349712E+01   -1.8955990E+01   -2.7767563E+01   -8.3007647E+00   -6.7881476E+00   -9.0791491E+00   -1.2001160E+01   -6.8682542E+00   -9.3567515E+00   -5.4617467E+00
    7.8300000E+00    6.1439902E+00   -6.1181129E+00   -3.9999999E+00   -3.1196417E+00   -3.2940816E+00   -4.3844925E+00   -9.2602654E+00   -3.3037242E+00   -2.2662844E+00   -4.0138921E+00   -6.4489941E+00   -6.9518649E+00   -1.5196515E+01   -1.4000000E+01   -1.4000004E+01   -3.3738812E+00   -1.4000000E+01   -4.4563904E+00   -3.0000000E+01   -2.5371074E+00   -8.5742202E+00   -9.2639386E+00   -8.5970098E+00   -1.0389127E+01   -1.1364032E+01   -1.8975414E+01   -2.7791375E+01   -8.2928200E+00   -6.7715931E+00   -9.0819995E+00   -1.2008399E+01   -6.8785188E+00   -9.3328109E+00   -5.4457532E+00
    8.0100000E+00    6.1522541E+00   -6.1261651E+00   -3.9999999E+00   -3.1115586E+00   -3.2849319E+00   -4.4101768E+00   -9.2841395E+00   -3.3050698E+00   -2.2669303E+00   -4.0047290E+00   -6.4490010E+00   -6.9722733E+00   -1.5219362E+01   -1.4000000E+01   -1.4000004E+01   -3.3638954E+00   -1.4000000E+01   -4.4654631E+00   -3.0000000E+01   -2.5292282E+00   -8.5832420E+00   -9.2564325E+00   -8.6135446E+00   -1.0401969E+01   -1.1379540E+01   -1.8997804E+01   -2.7816922E+01   -8.2842975E+00   -6.7546990E+00   -9.0874770E+00   -1.2017033E+01   -6.8919992E+00   -9.3088383E+00   -5.4303057E+00
    8.1900000E+00    6.1612767E+00   -6.1349808E+00   -3.9999999E+00   -3.1032837E+00   -3.2762656E+00   -4.4194759E+00   -9.3070625E+00   -3.3122264E+00   -2.2684420E+00   -3.9940443E+00   -6.4490078E+00   -6.9828976E+00   -1.5244616E+01   -1.4000000E+01   -1.4000004E+01   -3.3547519E+00   -1.4000000E+01   -5.2959161E+00   -3.0000000E+01   -2.5214620E+00   -8.5897559E+00   -9.2449013E+00   -8.6283467E+00   -1.0404252E+01   -1.1396674E+01   -1.9010366E+01   -2.7844812E+01   -8.2750221E+00   -6.7371760E+00   -9.0824974E+00   -1.2027382E+01   -6.8957867E+00   -9.2840228E+00   -5.4147682E+00
    8.3700000E+00    6.1701906E+00   -6.1436926E+00   -3.9999999E+00   -3.0953136E+00   -3.2678361E+00   -4.4287702E+00   -9.3278910E+00   -3.3193962E+00   -2.2700571E+00   -3.9832837E+00   -6.4490146E+00   -7.0001508E+00   -1.5269483E+01   -1.4000000E+01   -1.4000004E+01   -3.3458634E+00   -1.4000000E+01   -5.9441555E+00   -3.0000000E+01   -2.5139128E+00   -8.5943561E+00   -9.2316736E+00   -8.6411418E+00   -1.0413258E+01   -1.1413507E+01   -1.9029517E+01   -2.7872259E+01   -8.2658604E+00   -6.7199938E+00   -9.0844476E+00   -1.2037628E+01   -6.9064006E+00   -9.2598326E+00   -5.3997421E+00
    8.5500000E+00    6.1788922E+00   -6.1521962E+00   -3.9999999E+00   -3.0876294E+00   -3.2596397E+00   -4.4379055E+00   -9.3479605E+00   -3.3265655E+00   -2.2716598E+00   -3.9727119E+00   -6.4490213E+00   -7.0216675E+00   -1.5293765E+01   -1.4000000E+01   -1.4000004E+01   -3.3372109E+00   -1.4000000E+01   -6.2136282E+00   -3.0000000E+01   -2.5065688E+00   -8.5985878E+00   -9.2185022E+00   -8.6533704E+00   -1.0426727E+01   -1.1429948E+01   -1.9052892E+01   -2.7899068E+01   -8.2569160E+00   -6.7032435E+00   -9.0910552E+00   -1.2047669E+01   -6.9214644E+00   -9.2363409E+00   -5.3851972E+00
    8.7300000E+00    6.1873774E+00   -6.1604877E+00   -3.9999999E+00   -3.0802131E+00   -3.2516648E+00   -4.4468489E+00   -9.3672809E+00   -3.3337213E+00   -2.2732356E+00   -3.9623450E+00   -6.4490279E+00   -7.0458053E+00   -1.5317447E+01   -1.4000000E+01   -1.4000003E+01   -3.3287818E+00   -1.4000000E+01   -6.2733182E+00   -3.0000000E+01   -2.4994187E+00   -8.6024702E+00   -9.2054141E+00   -8.6650472E+00   -1.0443019E+01   -1.1445986E+01   -1.9078853E+01   -2.7925223E+01   -8.2481926E+00   -6.6869173E+00   -9.1006717E+00   -1.2057480E+01   -6.9393256E+00   -9.2135227E+00   -5.3711049E+00
    8.9100000E+00    6.1956539E+00   -6.1685744E+00   -3.9999999E+00   -3.0730483E+00   -3.2438998E+00   -4.4555932E+00   -9.3858980E+00   -3.3408523E+00   -2.2747817E+00   -3.9521776E+00   -6.4490345E+00   -7.0714250E+00   -1.5340543E+01   -1.4000000E+01   -1.4000003E+01   -3.3205647E+00   -1.4000000E+01   -6.2903308E+00   -3.0000000E+01   -2.4924522E+00   -8.6060356E+00   -9.1924265E+00   -8.6762113E+00   -1.0460990E+01   -1.1461630E+01   -1.9106260E+01   -2.7950746E+01   -8.2396825E+00   -6.6709966E+00   -9.1121409E+00   -1.2067065E+01   -6.9588352E+00   -9.1913441E+00   -5.3574389E+00
    9.0900000E+00    6.2037298E+00   -6.1764642E+00   -3.9999999E+00   -3.0661199E+00   -3.2363345E+00   -4.4641367E+00   -9.4038574E+00   -3.3479483E+00   -2.2762972E+00   -3.9422019E+00   -6.4490411E+00   -7.0977438E+00   -1.5363076E+01   -1.4000000E+01   -1.4000003E+01   -3.3125484E+00   -1.4000000E+01   -6.3012417E+00   -3.0000000E+01   -2.4856600E+00   -8.6093146E+00   -9.1795538E+00   -8.6869010E+00   -1.0479848E+01   -1.1476893E+01   -1.9134334E+01   -2.7975658E+01   -8.2313773E+00   -6.6554633E+00   -9.1246638E+00   -1.2076426E+01   -6.9792022E+00   -9.1697725E+00   -5.3441750E+00
    9.2700000E+00    6.2116126E+00   -6.1841647E+00   -3.9999999E+00   -3.0594138E+00   -3.2289601E+00   -4.4724791E+00   -9.4212006E+00   -3.3550002E+00   -2.2777811E+00   -3.9324101E+00   -6.4490476E+00   -7.1242367E+00   -1.5385065E+01   -1.4000000E+01   -1.4000003E+01   -3.3047215E+00   -1.4000000E+01   -6.3112103E+00   -3.0000000E+01   -2.4790334E+00   -8.6123350E+00   -9.1668086E+00   -8.6971511E+00   -1.0499062E+01   -1.1491789E+01   -1.9162550E+01   -2.7999981E+01   -8.2232691E+00   -6.6403007E+00   -9.1376996E+00   -1.2085569E+01   -6.9998931E+00   -9.1487777E+00   -5.3312908E+00
    9.4500000E+00    6.2193093E+00   -6.1916824E+00   -3.9999999E+00   -3.0529172E+00   -3.2217704E+00   -4.4806196E+00   -9.4379653E+00   -3.3620000E+00   -2.2792326E+00   -3.9227949E+00   -6.4490541E+00   -7.1505632E+00   -1.5406528E+01   -1.4000000E+01   -1.4000003E+01   -3.2970717E+00   -1.4000000E+01   -6.3209049E+00   -3.0000000E+01   -2.4725643E+00   -8.6151219E+00   -9.1542020E+00   -8.7069930E+00   -1.0518285E+01   -1.1506329E+01   -1.9190568E+01   -2.8023735E+01   -8.2153510E+00   -6.6254932E+00   -9.1508940E+00   -1.2094498E+01   -7.0205604E+00   -9.1283322E+00   -5.3187658E+00
    9.6300000E+00    6.2268262E+00   -6.1990235E+00   -3.9999999E+00   -3.0466180E+00   -3.2147615E+00   -4.4885571E+00   -9.4541856E+00   -3.3689405E+00   -2.2806504E+00   -3.9133495E+00   -6.4490605E+00   -7.1765134E+00   -1.5427481E+01   -1.4000000E+01   -1.4000002E+01   -3.2895849E+00   -1.4000000E+01   -6.3304146E+00   -3.0000000E+01   -2.4662453E+00   -8.6176979E+00   -9.1417444E+00   -8.7164552E+00   -1.0537300E+01   -1.1520524E+01   -1.9218182E+01   -2.8046938E+01   -8.2076166E+00   -6.6110267E+00   -9.1640241E+00   -1.2103218E+01   -7.0409873E+00   -9.1084104E+00   -5.3065808E+00
    9.8100000E+00    6.2341687E+00   -6.2061935E+00   -3.9999999E+00   -3.0405051E+00   -3.2079329E+00   -4.4962884E+00   -9.4698925E+00   -3.3758154E+00   -2.2820334E+00   -3.9040674E+00   -6.4490668E+00   -7.2019673E+00   -1.5447941E+01   -1.4000000E+01   -1.4000002E+01   -3.2822448E+00   -1.4000000E+01   -6.3397563E+00   -3.0000000E+01   -2.4600694E+00   -8.6200839E+00   -9.1294453E+00   -8.7255637E+00   -1.0555984E+01   -1.1534385E+01   -1.9245271E+01   -2.8069608E+01   -8.2000600E+00   -6.5968883E+00   -9.1769579E+00   -1.2111733E+01   -7.0610473E+00   -9.0889887E+00   -5.2947181E+00
    9.9900000E+00    6.2413421E+00   -6.2131974E+00   -3.9999999E+00   -3.0345684E+00   -3.2012873E+00   -4.5038067E+00   -9.4851146E+00   -3.3826192E+00   -2.2833805E+00   -3.8949424E+00   -6.4490732E+00   -7.2268638E+00   -1.5467920E+01   -1.4000000E+01   -1.4000002E+01   -3.2750323E+00   -1.4000000E+01   -6.3489374E+00   -3.0000000E+01   -2.4540302E+00   -8.6222995E+00   -9.1173141E+00   -8.7343428E+00   -1.0574270E+01   -1.1547921E+01   -1.9271775E+01   -2.8091760E+01   -8.1926761E+00   -6.5830658E+00   -9.1896234E+00   -1.2120046E+01   -7.0806733E+00   -9.0700457E+00   -5.2831613E+00
    1.0170000E+01    6.2483509E+00   -6.2200397E+00   -3.9999999E+00   -3.0287984E+00   -3.1948306E+00   -4.5110983E+00   -9.4998792E+00   -3.3893470E+00   -2.2846902E+00   -3.8859689E+00   -6.4490795E+00   -7.2511791E+00   -1.5487431E+01   -1.4000000E+01   -1.4000002E+01   -3.2679260E+00   -1.4000000E+01   -6.3579640E+00   -3.0000000E+01   -2.4481216E+00   -8.6243635E+00   -9.1053605E+00   -8.7428156E+00   -1.0592130E+01   -1.1561141E+01   -1.9297673E+01   -2.8113408E+01   -8.1854602E+00   -6.5695484E+00   -9.2019871E+00   -1.2128160E+01   -7.0998362E+00   -9.0515612E+00   -5.2718951E+00
    1.0350000E+01    6.2551991E+00   -6.2267242E+00   -3.9999999E+00   -3.0231861E+00   -3.1885716E+00   -4.5181364E+00   -9.5142127E+00   -3.3959944E+00   -2.2859612E+00   -3.8771414E+00   -6.4490857E+00   -7.2749119E+00   -1.5506486E+01   -1.4000000E+01   -1.4000002E+01   -3.2609024E+00   -1.4000000E+01   -6.3668417E+00   -3.0000000E+01   -2.4423379E+00   -8.6262951E+00   -9.0935956E+00   -8.7510049E+00   -1.0609558E+01   -1.1574052E+01   -1.9322963E+01   -2.8134564E+01   -8.1784080E+00   -6.5563259E+00   -9.2140382E+00   -1.2136078E+01   -7.1185293E+00   -9.0335167E+00   -5.2609053E+00
    1.0530000E+01    6.2618905E+00   -6.2332545E+00   -3.9999999E+00   -3.0177235E+00   -3.1825206E+00   -4.5248726E+00   -9.5281426E+00   -3.4025579E+00   -2.2871917E+00   -3.8684546E+00   -6.4490920E+00   -7.2980728E+00   -1.5525095E+01   -1.4000000E+01   -1.4000002E+01   -3.2539378E+00   -1.4000000E+01   -6.3755759E+00   -3.0000000E+01   -2.4366739E+00   -8.6281154E+00   -9.0820332E+00   -8.7589351E+00   -1.0626563E+01   -1.1586660E+01   -1.9347657E+01   -2.8155240E+01   -8.1715157E+00   -6.5433891E+00   -9.2257792E+00   -1.2143800E+01   -7.1367584E+00   -9.0158953E+00   -5.2501785E+00
    1.0710000E+01    6.2684282E+00   -6.2396338E+00   -3.9999999E+00   -3.0124027E+00   -3.1766884E+00   -4.5312229E+00   -9.5416995E+00   -3.4090342E+00   -2.2883802E+00   -3.8599037E+00   -6.4490982E+00   -7.3206786E+00   -1.5543266E+01   -1.4000000E+01   -1.4000002E+01   -3.2470097E+00   -1.4000000E+01   -6.3841717E+00   -3.0000000E+01   -2.4311246E+00   -8.6298493E+00   -9.0706917E+00   -8.7666340E+00   -1.0643159E+01   -1.1598973E+01   -1.9371772E+01   -2.8175445E+01   -8.1647802E+00   -6.5307295E+00   -9.2372191E+00   -1.2151330E+01   -7.1545358E+00   -8.9986812E+00   -5.2397022E+00
    1.0890000E+01    6.2748150E+00   -6.2458647E+00   -3.9999999E+00   -3.0072166E+00   -3.1710849E+00   -4.5370488E+00   -9.5549199E+00   -3.4154209E+00   -2.2895249E+00   -3.8514841E+00   -6.4491043E+00   -7.3427483E+00   -1.5561007E+01   -1.4000000E+01   -1.4000002E+01   -3.2400992E+00   -1.4000000E+01   -6.3926339E+00   -3.0000000E+01   -2.4256853E+00   -8.6315283E+00   -9.0595972E+00   -8.7741358E+00   -1.0659361E+01   -1.1610995E+01   -1.9395329E+01   -2.8195189E+01   -8.1581985E+00   -6.5183393E+00   -9.2483697E+00   -1.2158668E+01   -7.1718759E+00   -8.9818598E+00   -5.2294648E+00
    1.1070000E+01    6.2810532E+00   -6.2519496E+00   -3.9999999E+00   -3.0021584E+00   -3.1657175E+00   -4.5421320E+00   -9.5678501E+00   -3.4217161E+00   -2.2906240E+00   -3.8431913E+00   -6.4491104E+00   -7.3643006E+00   -1.5578324E+01   -1.4000000E+01   -1.4000001E+01   -3.2331928E+00   -1.4000000E+01   -6.4009669E+00   -3.0000000E+01   -2.4203516E+00   -8.6331945E+00   -9.0487868E+00   -8.7814846E+00   -1.0675186E+01   -1.1622732E+01   -1.9418346E+01   -2.8214479E+01   -8.1517681E+00   -6.5062116E+00   -9.2592436E+00   -1.2165814E+01   -7.1887937E+00   -8.9654176E+00   -5.2194553E+00
    1.1250000E+01    6.2871450E+00   -6.2578905E+00   -3.9999999E+00   -2.9972217E+00   -3.1605904E+00   -4.5461438E+00   -9.5805509E+00   -3.4279187E+00   -2.2916752E+00   -3.8350211E+00   -6.4491165E+00   -7.3853534E+00   -1.5595224E+01   -1.4000000E+01   -1.4000001E+01   -3.2262842E+00   -1.4000000E+01   -6.4091750E+00   -3.0000000E+01   -2.4151195E+00   -8.6349052E+00   -9.0383140E+00   -8.7887394E+00   -1.0690650E+01   -1.1634185E+01   -1.9440842E+01   -2.8233320E+01   -8.1454871E+00   -6.4943402E+00   -9.2698527E+00   -1.2172769E+01   -7.2053030E+00   -8.9493423E+00   -5.2096634E+00
    1.1430000E+01    6.2930919E+00   -6.2636887E+00   -3.9999999E+00   -2.9924004E+00   -3.1557037E+00   -4.5486110E+00   -9.5931026E+00   -3.4340285E+00   -2.2926767E+00   -3.8269696E+00   -6.4491226E+00   -7.4059227E+00   -1.5611710E+01   -1.4000000E+01   -1.4000001E+01   -3.2193759E+00   -1.4000000E+01   -6.4172625E+00   -3.0000000E+01   -2.4099852E+00   -8.6367377E+00   -9.0282527E+00   -8.7959792E+00   -1.0705768E+01   -1.1645360E+01   -1.9462834E+01   -2.8251718E+01   -8.1393537E+00   -6.4827196E+00   -9.2802080E+00   -1.2179531E+01   -7.2214163E+00   -8.9336224E+00   -5.2000792E+00
    1.1610000E+01    6.2988950E+00   -6.2693457E+00   -3.9999999E+00   -2.9876886E+00   -3.1510538E+00   -4.5488856E+00   -9.6056099E+00   -3.4400461E+00   -2.2936260E+00   -3.8190329E+00   -6.4491286E+00   -7.4260230E+00   -1.5627786E+01   -1.4000000E+01   -1.4000001E+01   -3.2124793E+00   -1.4000000E+01   -6.4252333E+00   -3.0000000E+01   -2.4049453E+00   -8.6387945E+00   -9.0187033E+00   -8.8033078E+00   -1.0720554E+01   -1.1656257E+01   -1.9484335E+01   -2.8269677E+01   -8.1333667E+00   -6.4713450E+00   -9.2903193E+00   -1.2186100E+01   -7.2371446E+00   -8.9182475E+00   -5.1906935E+00
    1.1790000E+01    6.3045553E+00   -6.2748621E+00   -3.9999999E+00   -2.9830809E+00   -3.1466334E+00   -4.5461267E+00   -9.6182058E+00   -3.4459738E+00   -2.2945208E+00   -3.8112075E+00   -6.4491346E+00   -7.4456669E+00   -1.5643455E+01   -1.4000000E+01   -1.3999822E+01   -3.2056151E+00   -1.4000000E+01   -6.4330910E+00   -3.0000000E+01   -2.3999965E+00   -8.6412068E+00   -9.0097950E+00   -8.8108569E+00   -1.0735018E+01   -1.1666879E+01   -1.9505179E+01   -2.8287020E+01   -8.1275254E+00   -6.4602125E+00   -9.3001950E+00   -1.2192474E+01   -7.2524973E+00   -8.9032078E+00   -5.1814974E+00
    1.1970000E+01    6.3100731E+00   -6.2802385E+00   -3.9999999E+00   -2.9785716E+00   -3.1424331E+00   -4.5393118E+00   -9.6310506E+00   -3.4518150E+00   -2.2953587E+00   -3.8034899E+00   -6.4491405E+00   -7.4648653E+00   -1.5658718E+01   -1.4000000E+01   -1.3932466E+01   -3.1988123E+00   -1.4000000E+01   -6.4408392E+00   -3.0000000E+01   -2.3951360E+00   -8.6441340E+00   -9.0016865E+00   -8.8187867E+00   -1.0749171E+01   -1.1677228E+01   -1.9458380E+01   -2.8236750E+01   -8.1218293E+00   -6.4493190E+00   -9.3098426E+00   -1.2198651E+01   -7.2674822E+00   -8.8884945E+00   -5.1724824E+00
    1.2150000E+01    6.3154486E+00   -6.2854750E+00   -3.9999999E+00   -2.9741555E+00   -3.1384425E+00   -4.5272927E+00   -9.6443267E+00   -3.4575746E+00   -2.2961369E+00   -3.7958768E+00   -6.4491464E+00   -7.4836271E+00   -1.5673577E+01   -1.4000000E+01   -1.2157440E+01   -3.1921071E+00   -1.4000000E+01   -6.4484814E+00   -3.0000000E+01   -2.3903612E+00   -8.6477577E+00   -8.9945593E+00   -8.8272791E+00   -1.0763022E+01   -1.1687302E+01   -1.7703450E+01   -2.6478373E+01   -8.1162785E+00   -6.4386620E+00   -9.3192680E+00   -1.2204629E+01   -7.2821055E+00   -8.8740996E+00   -5.1636406E+00
    1.2330000E+01    6.3206769E+00   -6.2905670E+00   -3.9999999E+00   -2.9698358E+00   -3.1346541E+00   -4.5089281E+00   -9.6582135E+00   -3.4632531E+00   -2.2968527E+00   -3.7883650E+00   -6.4491522E+00   -7.5018122E+00   -1.5688017E+01   -1.4000000E+01   -9.5533870E+00   -3.1855454E+00   -1.4000000E+01   -6.4560202E+00   -3.0000000E+01   -2.3856744E+00   -8.6522652E+00   -8.9886102E+00   -8.8365174E+00   -1.0776435E+01   -1.1697095E+01   -1.5118894E+01   -2.3890519E+01   -8.1108780E+00   -6.4282493E+00   -9.3283366E+00   -1.2210400E+01   -7.2962281E+00   -8.8600332E+00   -5.1549768E+00
    1.2510000E+01    6.3239664E+00   -6.2937716E+00   -3.9999999E+00   -2.9690703E+00   -3.1320520E+00   -4.4852660E+00   -9.9212823E+00   -3.4664256E+00   -2.2975046E+00   -3.7809099E+00   -6.4491558E+00   -7.3837334E+00   -1.5696367E+01   -1.4000000E+01   -6.9413442E+00   -3.1809530E+00   -1.4000000E+01   -6.4603179E+00   -3.0000000E+01   -2.3829282E+00   -8.9094253E+00   -9.2391914E+00   -9.0966573E+00   -1.0655351E+01   -1.1702515E+01   -1.2389589E+01   -2.1287920E+01   -8.1074814E+00   -6.4219039E+00   -9.2047196E+00   -1.2213489E+01   -7.1757919E+00   -8.8533369E+00   -5.1516786E+00
    1.2690000E+01    6.3272199E+00   -6.2969415E+00   -3.9999999E+00   -2.9683104E+00   -3.1295333E+00   -4.4594434E+00   -9.9337916E+00   -3.4695934E+00   -2.2981494E+00   -3.7738083E+00   -6.4491594E+00   -7.3538263E+00   -1.5705151E+01   -1.4000000E+01   -6.6372813E+00   -3.1764488E+00   -1.4000000E+01   -6.4671826E+00   -3.0000000E+01   -2.3802121E+00   -8.9160892E+00   -9.2393481E+00   -9.1062687E+00   -1.0622470E+01   -1.1708402E+01   -1.2056425E+01   -2.0993722E+01   -8.1041219E+00   -6.4156283E+00   -9.1693340E+00   -1.2217069E+01   -7.1435525E+00   -8.8467108E+00   -5.1484134E+00
    1.2870000E+01    6.3304359E+00   -6.3000749E+00   -3.9999999E+00   -2.9675559E+00   -3.1270970E+00   -4.4314180E+00   -9.9464606E+00   -3.4727605E+00   -2.2987836E+00   -3.7670831E+00   -6.4491629E+00   -7.3503478E+00   -1.5713959E+01   -1.4000000E+01   -6.4579194E+00   -3.1720438E+00   -1.4000000E+01   -6.4739288E+00   -3.0000000E+01   -2.3775243E+00   -8.9229790E+00   -9.2398059E+00   -9.1160725E+00   -1.0616052E+01   -1.1714344E+01   -1.1874380E+01   -2.0824234E+01   -8.1008013E+00   -6.4094223E+00   -9.1604366E+00   -1.2220728E+01   -7.1377652E+00   -8.8401547E+00   -5.1451793E+00
    1.3050000E+01    6.3336153E+00   -6.3031727E+00   -3.9999999E+00   -2.9668066E+00   -3.1247422E+00   -4.4011977E+00   -9.9594831E+00   -3.4759268E+00   -2.2994068E+00   -3.7607188E+00   -6.4491665E+00   -7.3559724E+00   -1.5722714E+01   -1.4000000E+01   -6.3297364E+00   -3.1677486E+00   -1.4000000E+01   -6.4803339E+00   -3.0000000E+01   -2.3748636E+00   -8.9302870E+00   -9.2407553E+00   -9.1262615E+00   -1.0618771E+01   -1.1720266E+01   -1.1752608E+01   -2.0705859E+01   -8.0975187E+00   -6.4032840E+00   -9.1606999E+00   -1.2224389E+01   -7.1411032E+00   -8.8336664E+00   -5.1419749E+00
    1.3230000E+01    6.3367583E+00   -6.3062354E+00   -3.9999999E+00   -2.9660625E+00   -3.1224688E+00   -4.3688490E+00   -9.9728564E+00   -3.4790926E+00   -2.3000187E+00   -3.7547008E+00   -6.4491699E+00   -7.3647157E+00   -1.5731390E+01   -1.4000000E+01   -6.2296592E+00   -3.1635741E+00   -1.4000000E+01   -6.4863918E+00   -3.0000000E+01   -2.3722292E+00   -8.9380094E+00   -9.2421916E+00   -9.1368327E+00   -1.0624640E+01   -1.1726140E+01   -1.1662049E+01   -2.0615495E+01   -8.0942738E+00   -6.3972124E+00   -9.1641380E+00   -1.2228022E+01   -7.1475810E+00   -8.8272445E+00   -5.1387993E+00
    1.3410000E+01    6.3398652E+00   -6.3092631E+00   -3.9999999E+00   -2.9653233E+00   -3.1202770E+00   -4.3344953E+00   -9.9865651E+00   -3.4822577E+00   -2.3006188E+00   -3.7490158E+00   -6.4491734E+00   -7.3743920E+00   -1.5739976E+01   -1.4000000E+01   -6.1474034E+00   -3.1595307E+00   -1.4000000E+01   -6.4921143E+00   -3.0000000E+01   -2.3696206E+00   -8.9461302E+00   -9.2440986E+00   -9.1477702E+00   -1.0631475E+01   -1.1731954E+01   -1.1590234E+01   -2.0542848E+01   -8.0910664E+00   -6.3912068E+00   -9.1685643E+00   -1.2231616E+01   -7.1550124E+00   -8.8208880E+00   -5.1356515E+00
    1.3590000E+01    6.3429360E+00   -6.3122560E+00   -3.9999999E+00   -2.9645889E+00   -3.1181675E+00   -4.2983113E+00   -1.0000582E+01   -3.4854220E+00   -2.3012066E+00   -3.7436513E+00   -6.4491768E+00   -7.3842007E+00   -1.5748467E+01   -1.4000000E+01   -6.0774798E+00   -3.1556286E+00   -1.4000000E+01   -6.4975140E+00   -3.0000000E+01   -2.3670372E+00   -8.9546218E+00   -9.2464485E+00   -9.1590469E+00   -1.0638475E+01   -1.1737705E+01   -1.1530872E+01   -2.0482423E+01   -8.0878966E+00   -6.3852668E+00   -9.1731773E+00   -1.2235166E+01   -7.1625960E+00   -8.8145962E+00   -5.1325309E+00
    1.3770000E+01    6.3459709E+00   -6.3152142E+00   -3.9999999E+00   -2.9638592E+00   -3.1161415E+00   -4.2605147E+00   -1.0014871E+01   -3.4885854E+00   -2.3017817E+00   -3.7385954E+00   -6.4491802E+00   -7.3938556E+00   -1.5756863E+01   -1.4000000E+01   -6.0166105E+00   -3.1518774E+00   -1.4000000E+01   -6.5026030E+00   -3.0000000E+01   -2.3644786E+00   -8.9634464E+00   -9.2492033E+00   -9.1706251E+00   -1.0645352E+01   -1.1743391E+01   -1.1480399E+01   -2.0430941E+01   -8.0847642E+00   -6.3793918E+00   -9.1776901E+00   -1.2238670E+01   -7.1700449E+00   -8.8083682E+00   -5.1294366E+00
    1.3950000E+01    6.3489699E+00   -6.3181377E+00   -3.9999999E+00   -2.9631341E+00   -3.1142006E+00   -4.2213556E+00   -1.0029384E+01   -3.4917476E+00   -2.3023434E+00   -3.7338372E+00   -6.4491835E+00   -7.4032603E+00   -1.5765163E+01   -1.4000000E+01   -5.9626799E+00   -3.1482860E+00   -1.4000000E+01   -6.5073923E+00   -3.0000000E+01   -2.3619442E+00   -8.9725578E+00   -9.2523168E+00   -9.1824586E+00   -1.0652011E+01   -1.1749011E+01   -1.1436603E+01   -2.0386286E+01   -8.0816693E+00   -6.3735817E+00   -9.1820055E+00   -1.2242127E+01   -7.1772621E+00   -8.8022034E+00   -5.1263679E+00
    1.4130000E+01    6.3519329E+00   -6.3210266E+00   -3.9999999E+00   -2.9624133E+00   -3.1123465E+00   -4.1811044E+00   -1.0044069E+01   -3.4949082E+00   -2.3028913E+00   -3.7293661E+00   -6.4491869E+00   -7.4123875E+00   -1.5773368E+01   -1.4000000E+01   -5.9142428E+00   -3.1448625E+00   -1.4000000E+01   -6.5118927E+00   -3.0000000E+01   -2.3594335E+00   -8.9819032E+00   -9.2557362E+00   -9.1944948E+00   -1.0658424E+01   -1.1754567E+01   -1.1398010E+01   -2.0347012E+01   -8.0786121E+00   -6.3678360E+00   -9.1860955E+00   -1.2245536E+01   -7.1842195E+00   -8.7961011E+00   -5.1233241E+00
    1.4310000E+01    6.3548597E+00   -6.3238807E+00   -3.9999999E+00   -2.9616968E+00   -3.1105810E+00   -4.1400410E+00   -1.0058871E+01   -3.4980668E+00   -2.3034246E+00   -3.7251724E+00   -6.4491901E+00   -7.4212338E+00   -1.5781478E+01   -1.4000000E+01   -5.8702676E+00   -3.1416141E+00   -1.4000000E+01   -6.5161141E+00   -3.0000000E+01   -2.3569462E+00   -8.9914255E+00   -9.2594048E+00   -9.2066768E+00   -1.0664588E+01   -1.1760057E+01   -1.1363585E+01   -2.0312087E+01   -8.0755926E+00   -6.3621545E+00   -9.1899562E+00   -1.2248896E+01   -7.1909131E+00   -8.7900608E+00   -5.1203046E+00
    1.4490000E+01    6.3577504E+00   -6.3267000E+00   -3.9999999E+00   -2.9609845E+00   -3.1089061E+00   -4.0984442E+00   -1.0073728E+01   -3.5012229E+00   -2.3039428E+00   -3.7212465E+00   -6.4491933E+00   -7.4298040E+00   -1.5789492E+01   -1.4000000E+01   -5.8299922E+00   -3.1385467E+00   -1.4000000E+01   -6.5200662E+00   -3.0000000E+01   -2.3544816E+00   -9.0010659E+00   -9.2632639E+00   -9.2189455E+00   -1.0670507E+01   -1.1765482E+01   -1.1332571E+01   -2.0280748E+01   -8.0726111E+00   -6.3565369E+00   -9.1935918E+00   -1.2252207E+01   -7.1973473E+00   -8.7840821E+00   -5.1173086E+00
    1.4670000E+01    6.3606046E+00   -6.3294843E+00   -3.9999999E+00   -2.9602762E+00   -3.1073233E+00   -4.0565837E+00   -1.0088583E+01   -3.5043759E+00   -2.3044452E+00   -3.7175793E+00   -6.4491965E+00   -7.4381052E+00   -1.5797409E+01   -1.4000000E+01   -5.7928373E+00   -3.1356651E+00   -1.4000000E+01   -6.5237582E+00   -3.0000000E+01   -2.3520393E+00   -9.0107651E+00   -9.2672546E+00   -9.2312417E+00   -1.0676189E+01   -1.1770841E+01   -1.1304395E+01   -2.0252416E+01   -8.0696677E+00   -6.3509831E+00   -9.1970091E+00   -1.2255469E+01   -7.2035284E+00   -8.7781644E+00   -5.1143356E+00
    1.4850000E+01    6.3634222E+00   -6.3322333E+00   -3.9999999E+00   -2.9595719E+00   -3.1058339E+00   -4.0147132E+00   -1.0103377E+01   -3.5075252E+00   -2.3049311E+00   -3.7141622E+00   -6.4491996E+00   -7.4461450E+00   -1.5805230E+01   -1.4000000E+01   -5.7583519E+00   -3.1329727E+00   -1.4000000E+01   -6.5271989E+00   -3.0000000E+01   -2.3496190E+00   -9.0204659E+00   -9.2713202E+00   -9.2435078E+00   -1.0681641E+01   -1.1776133E+01   -1.1278614E+01   -2.0226639E+01   -8.0667626E+00   -6.3454928E+00   -9.2002154E+00   -1.2258679E+01   -7.2094637E+00   -8.7723075E+00   -5.1113850E+00
    1.5030000E+01    6.3662029E+00   -6.3349468E+00   -3.9999999E+00   -2.9588715E+00   -3.1044388E+00   -3.9730659E+00   -1.0118056E+01   -3.5106701E+00   -2.3053997E+00   -3.7109867E+00   -6.4492027E+00   -7.4539307E+00   -1.5812953E+01   -1.4000000E+01   -5.7261785E+00   -3.1304717E+00   -1.4000000E+01   -6.5303967E+00   -3.0000000E+01   -2.3472200E+00   -9.0301134E+00   -9.2754064E+00   -9.2556888E+00   -1.0686872E+01   -1.1781359E+01   -1.1254877E+01   -2.0203058E+01   -8.0638963E+00   -6.3400661E+00   -9.2032178E+00   -1.2261836E+01   -7.2151599E+00   -8.7665112E+00   -5.1084562E+00
    1.5210000E+01    6.3689462E+00   -6.3376244E+00   -3.9999999E+00   -2.9581748E+00   -3.1031380E+00   -3.9318520E+00   -1.0132566E+01   -3.5138101E+00   -2.3058501E+00   -3.7080448E+00   -6.4492058E+00   -7.4614691E+00   -1.5820577E+01   -1.4000000E+01   -5.6960282E+00   -3.1281626E+00   -1.4000000E+01   -6.5333598E+00   -3.0000000E+01   -2.3448420E+00   -9.0396569E+00   -9.2794632E+00   -9.2677335E+00   -1.0691888E+01   -1.1786518E+01   -1.1232903E+01   -2.0181383E+01   -8.0610691E+00   -6.3347027E+00   -9.2060230E+00   -1.2264941E+01   -7.2206233E+00   -8.7607753E+00   -5.1055487E+00
    1.5390000E+01    6.3716518E+00   -6.3402657E+00   -3.9999999E+00   -2.9574820E+00   -3.1019305E+00   -3.8912574E+00   -1.0146862E+01   -3.5169443E+00   -2.3062816E+00   -3.7053287E+00   -6.4492087E+00   -7.4687664E+00   -1.5828102E+01   -1.4000000E+01   -5.6676646E+00   -3.1260445E+00   -1.4000000E+01   -6.5360961E+00   -3.0000000E+01   -2.3424846E+00   -9.0490499E+00   -9.2834451E+00   -9.2795950E+00   -1.0696696E+01   -1.1791607E+01   -1.1212461E+01   -2.0161376E+01   -8.0582813E+00   -6.3294026E+00   -9.2086373E+00   -1.2267991E+01   -7.2258599E+00   -8.7550997E+00   -5.1026621E+00
    1.5570000E+01    6.3743191E+00   -6.3428700E+00   -3.9999999E+00   -2.9567929E+00   -3.1008146E+00   -3.8514436E+00   -1.0160900E+01   -3.5200722E+00   -2.3066932E+00   -3.7028310E+00   -6.4492117E+00   -7.4758284E+00   -1.5835524E+01   -1.4000000E+01   -5.6408912E+00   -3.1241152E+00   -1.4000000E+01   -6.5386131E+00   -3.0000000E+01   -2.3401473E+00   -9.0582507E+00   -9.2873113E+00   -9.2912309E+00   -1.0701303E+01   -1.1796628E+01   -1.1193361E+01   -2.0142840E+01   -8.0555336E+00   -6.3241659E+00   -9.2110668E+00   -1.2270984E+01   -7.2308751E+00   -8.7494846E+00   -5.0997959E+00
    1.5750000E+01    6.3769475E+00   -6.3454367E+00   -3.9999999E+00   -2.9561074E+00   -3.0997869E+00   -3.8125482E+00   -1.0174642E+01   -3.5231930E+00   -2.3070840E+00   -3.7005445E+00   -6.4492146E+00   -7.4826602E+00   -1.5842841E+01   -1.4000000E+01   -5.6155436E+00   -3.1223709E+00   -1.4000000E+01   -6.5409180E+00   -3.0000000E+01   -2.3378297E+00   -9.0672224E+00   -9.2910263E+00   -9.3026037E+00   -1.0705714E+01   -1.1801577E+01   -1.1175444E+01   -2.0125609E+01   -8.0528263E+00   -6.3189926E+00   -9.2133170E+00   -1.2273920E+01   -7.2356737E+00   -8.7439302E+00   -5.0969497E+00
    1.5930000E+01    6.3795363E+00   -6.3479653E+00   -3.9999999E+00   -2.9554256E+00   -3.0988429E+00   -3.7746865E+00   -1.0188053E+01   -3.5263061E+00   -2.3074528E+00   -3.6984624E+00   -6.4492174E+00   -7.4892665E+00   -1.5850053E+01   -1.4000000E+01   -5.5914821E+00   -3.1208069E+00   -1.4000000E+01   -6.5430177E+00   -3.0000000E+01   -2.3355314E+00   -9.0759330E+00   -9.2945591E+00   -9.3136805E+00   -1.0709935E+01   -1.1806453E+01   -1.1158575E+01   -2.0109541E+01   -8.0501602E+00   -6.3138827E+00   -9.2153930E+00   -1.2276797E+01   -7.2402603E+00   -8.7384366E+00   -5.0941234E+00
    1.6110000E+01    6.3820849E+00   -6.3504547E+00   -3.9999999E+00   -2.9547475E+00   -3.0979763E+00   -3.7379531E+00   -1.0201105E+01   -3.5294107E+00   -2.3077988E+00   -3.6965783E+00   -6.4492202E+00   -7.4956513E+00   -1.5857155E+01   -1.4000000E+01   -5.5685873E+00   -3.1194172E+00   -1.4000000E+01   -6.5449187E+00   -3.0000000E+01   -2.3332520E+00   -9.0843550E+00   -9.2978840E+00   -9.3244328E+00   -1.0713970E+01   -1.1811256E+01   -1.1142640E+01   -2.0094514E+01   -8.0475360E+00   -6.3088365E+00   -9.2172996E+00   -1.2279612E+01   -7.2446387E+00   -8.7330044E+00   -5.0913165E+00
    1.6290000E+01    6.3845924E+00   -6.3529042E+00   -3.9999999E+00   -2.9540730E+00   -3.0971789E+00   -3.7024237E+00   -1.0213772E+01   -3.5325062E+00   -2.3081206E+00   -3.6948860E+00   -6.4492229E+00   -7.5018181E+00   -1.5864144E+01   -1.4000000E+01   -5.5467564E+00   -3.1181952E+00   -1.4000000E+01   -6.5466272E+00   -3.0000000E+01   -2.3309911E+00   -9.0924652E+00   -9.3009792E+00   -9.3348363E+00   -1.0717824E+01   -1.1815982E+01   -1.1127540E+01   -2.0080424E+01   -8.0449543E+00   -6.3038540E+00   -9.2190411E+00   -1.2282363E+01   -7.2488123E+00   -8.7276341E+00   -5.0885289E+00
    1.6470000E+01    6.3870578E+00   -6.3553127E+00   -3.9999999E+00   -2.9534021E+00   -3.0964407E+00   -3.6681568E+00   -1.0226032E+01   -3.5355919E+00   -2.3084172E+00   -3.6933799E+00   -6.4492257E+00   -7.5077698E+00   -1.5871018E+01   -1.4000000E+01   -5.5258999E+00   -3.1171336E+00   -1.4000000E+01   -6.5481489E+00   -3.0000000E+01   -2.3287483E+00   -9.1002443E+00   -9.3038275E+00   -9.3448707E+00   -1.0721502E+01   -1.1820629E+01   -1.1113189E+01   -2.0067179E+01   -8.0424160E+00   -6.2989356E+00   -9.2206213E+00   -1.2285049E+01   -7.2527840E+00   -8.7223262E+00   -5.0857604E+00
    1.6650000E+01    6.3894802E+00   -6.3576792E+00   -3.9999999E+00   -2.9527349E+00   -3.0957495E+00   -3.6351957E+00   -1.0237868E+01   -3.5386673E+00   -2.3086872E+00   -3.6920549E+00   -6.4492283E+00   -7.5135086E+00   -1.5877771E+01   -1.4000000E+01   -5.5059398E+00   -3.1162253E+00   -1.4000000E+01   -6.5494890E+00   -3.0000000E+01   -2.3265233E+00   -9.1076769E+00   -9.3064153E+00   -9.3545191E+00   -1.0725007E+01   -1.1825195E+01   -1.1099512E+01   -2.0054697E+01   -8.0399219E+00   -6.2940816E+00   -9.2220436E+00   -1.2287667E+01   -7.2565560E+00   -8.7170815E+00   -5.0830108E+00
    1.6830000E+01    6.3918584E+00   -6.3600025E+00   -3.9999999E+00   -2.9520714E+00   -3.0950909E+00   -3.6035702E+00   -1.0249264E+01   -3.5417316E+00   -2.3089294E+00   -3.6909063E+00   -6.4492310E+00   -7.5190363E+00   -1.5884401E+01   -1.4000000E+01   -5.4868074E+00   -3.1154632E+00   -1.4000000E+01   -6.5506524E+00   -3.0000000E+01   -2.3243156E+00   -9.1147505E+00   -9.3087324E+00   -9.3637676E+00   -1.0728342E+01   -1.1829678E+01   -1.1086442E+01   -2.0042907E+01   -8.0374732E+00   -6.2892924E+00   -9.2233111E+00   -1.2290214E+01   -7.2601302E+00   -8.7119009E+00   -5.0802800E+00
    1.7010000E+01    6.3941914E+00   -6.3622812E+00   -3.9999999E+00   -2.9514116E+00   -3.0944484E+00   -3.5732983E+00   -1.0260207E+01   -3.5447843E+00   -2.3091422E+00   -3.6899298E+00   -6.4492336E+00   -7.5243539E+00   -1.5890903E+01   -1.4000000E+01   -5.4684419E+00   -3.1148405E+00   -1.4000000E+01   -6.5516431E+00   -3.0000000E+01   -2.3221250E+00   -9.1214558E+00   -9.3107718E+00   -9.3726054E+00   -1.0731509E+01   -1.1834075E+01   -1.1073922E+01   -2.0031746E+01   -8.0350707E+00   -6.2845684E+00   -9.2244262E+00   -1.2292688E+01   -7.2635077E+00   -8.7067854E+00   -5.0775679E+00
    1.7190000E+01    6.3964777E+00   -6.3645141E+00   -3.9999999E+00   -2.9507555E+00   -3.0938033E+00   -3.5443873E+00   -1.0270687E+01   -3.5478247E+00   -2.3093242E+00   -3.6891219E+00   -6.4492362E+00   -7.5294619E+00   -1.5897272E+01   -1.4000000E+01   -5.4507894E+00   -3.1143518E+00   -1.4000000E+01   -6.5524650E+00   -3.0000000E+01   -2.3199510E+00   -9.1277857E+00   -9.3125291E+00   -9.3810238E+00   -1.0734511E+01   -1.1838381E+01   -1.1061899E+01   -2.0021156E+01   -8.0327157E+00   -6.2799102E+00   -9.2253908E+00   -1.2295086E+01   -7.2666890E+00   -8.7017360E+00   -5.0748745E+00
    1.7370000E+01    6.3987161E+00   -6.3666996E+00   -3.9999999E+00   -2.9501032E+00   -3.0931347E+00   -3.5168357E+00   -1.0280696E+01   -3.5508523E+00   -2.3094738E+00   -3.6884795E+00   -6.4492388E+00   -7.5343599E+00   -1.5903502E+01   -1.4000000E+01   -5.4338017E+00   -3.1139923E+00   -1.4000000E+01   -6.5531210E+00   -3.0000000E+01   -2.3177933E+00   -9.1337357E+00   -9.3140023E+00   -9.3890164E+00   -1.0737349E+01   -1.1842596E+01   -1.1050325E+01   -2.0011085E+01   -8.0304094E+00   -6.2753183E+00   -9.2262063E+00   -1.2297405E+01   -7.2696740E+00   -8.6967539E+00   -5.0721998E+00
    1.7550000E+01    6.4009051E+00   -6.3688363E+00   -3.9999999E+00   -2.9494547E+00   -3.0924200E+00   -3.4906341E+00   -1.0290227E+01   -3.5538664E+00   -2.3095894E+00   -3.6880003E+00   -6.4492414E+00   -7.5390472E+00   -1.5909589E+01   -1.4000000E+01   -5.4174358E+00   -3.1137588E+00   -1.4000000E+01   -6.5536137E+00   -3.0000000E+01   -2.3156516E+00   -9.1393029E+00   -9.3151914E+00   -9.3965786E+00   -1.0740024E+01   -1.1846713E+01   -1.1039157E+01   -2.0001486E+01   -8.0281531E+00   -6.2707936E+00   -9.2268735E+00   -1.2299641E+01   -7.2724619E+00   -8.6918404E+00   -5.0695436E+00
    1.7730000E+01    6.4030432E+00   -6.3709223E+00   -3.9999999E+00   -2.9488101E+00   -3.0916351E+00   -3.4657664E+00   -1.0299276E+01   -3.5568665E+00   -2.3096692E+00   -3.6876826E+00   -6.4492439E+00   -7.5435220E+00   -1.5915527E+01   -1.4000000E+01   -5.4016530E+00   -3.1136494E+00   -1.4000000E+01   -6.5539449E+00   -3.0000000E+01   -2.3135255E+00   -9.1444860E+00   -9.3160985E+00   -9.4037072E+00   -1.0742536E+01   -1.1850732E+01   -1.1028356E+01   -1.9992316E+01   -8.0259482E+00   -6.2663368E+00   -9.2273927E+00   -1.2301790E+01   -7.2750514E+00   -8.6869969E+00   -5.0669059E+00
    1.7910000E+01    6.4051237E+00   -6.3729513E+00   -3.9999999E+00   -2.9481709E+00   -3.0907577E+00   -3.4422657E+00   -1.0307818E+01   -3.5598449E+00   -2.3097113E+00   -3.6875252E+00   -6.4492465E+00   -7.5477725E+00   -1.5921297E+01   -1.4000000E+01   -5.3864546E+00   -3.1136633E+00   -1.4000000E+01   -6.5541156E+00   -3.0000000E+01   -2.3114198E+00   -9.1492743E+00   -9.3167257E+00   -9.4103848E+00   -1.0744880E+01   -1.1854637E+01   -1.1017912E+01   -1.9983557E+01   -8.0238013E+00   -6.2619593E+00   -9.2277632E+00   -1.2303846E+01   -7.2774350E+00   -8.6822362E+00   -5.0642931E+00
