# Time          5.0000E+01
# Units: Dimensionless (Log10(Q/Keq)
    Distance           Quartz           Albite           Dolomite-dis     Microcline       Pyrite           Fe(OH)3          Muscovite        Chamosite-7A     Illite           Kaolinite        Smectite-high    SiO2(am)         Calcite          POMC             O2(s)            Gibbsite     
    9.0000000E-02   -5.0857411E-01   -6.0010479E+00   -1.0931346E+01   -3.0029501E+00   -5.6293630E+01    2.9284715E-01    2.7552032E+00   -1.0613424E+01   -6.7574839E-01    3.8041494E+00   -1.2222321E+01   -4.1348260E-01   -5.1071040E+00   -4.1741275E+03    3.7146053E+00    2.1131707E+00
    2.7000000E-01   -2.4776116E-01   -5.2220876E+00   -1.0285680E+01   -2.3322308E+00   -5.6206378E+01    9.8291418E-04    2.9541252E+00   -1.0510148E+01   -1.4997859E-01    3.8539780E+00   -1.1155630E+01   -1.5266965E-01   -4.7877730E+00   -5.0717263E+03    3.4087469E+00    1.8772721E+00
    4.5000000E-01   -9.3990859E-02   -4.7798732E+00   -9.8678838E+00   -1.9022601E+00   -5.6165253E+01    1.2154479E-03    3.0257836E+00   -1.0489015E+01    1.1721222E-01    3.8032063E+00   -1.0493222E+01    1.1006526E-03   -4.5786618E+00   -5.9116473E+03    3.1019594E+00    1.6981159E+00
    6.3000000E-01    1.2559237E-02   -4.4639477E+00   -9.5567390E+00   -1.5580432E+00   -5.6142049E+01    1.4039349E-03    3.1188280E+00   -1.0471431E+01    3.3024112E-01    3.7651340E+00   -1.0011799E+01    1.0765075E-01   -4.4224694E+00   -6.5186409E+03    2.7831315E+00    1.5725297E+00
    8.1000000E-01    9.2705735E-02   -4.2208561E+00   -9.3089515E+00   -1.2727772E+00   -5.6125655E+01    1.5429583E-03    3.2133125E+00   -1.0464187E+01    5.0620311E-01    3.7346455E+00   -9.6387741E+00    1.8779725E-01   -4.2979166E+00   -6.7291082E+03    2.4498740E+00    1.4771390E+00
    9.9000000E-01    1.5621692E-01   -4.0255439E+00   -9.1031510E+00   -1.0341516E+00   -5.6109752E+01    1.6355088E-03    3.2984112E+00   -1.0467663E+01    6.5205092E-01    3.7081409E+00   -9.3391824E+00    2.5130843E-01   -4.1943784E+00   -6.7528601E+03    2.1007392E+00    1.4003755E+00
    1.1700000E+00    2.0841362E-01   -3.8637745E+00   -8.9271740E+00   -8.3332437E-01   -5.6089869E+01    1.6881609E-03    3.3712093E+00   -1.0479256E+01    7.7360886E-01    3.6845052E+00   -9.0924279E+00    3.0350513E-01   -4.1057918E+00   -6.7405922E+03    1.7342501E+00    1.3363609E+00
    1.3500000E+00    2.5250955E-01   -3.7267371E+00   -8.7736608E+00   -6.6321023E-01   -5.6062443E+01    1.7085787E-03    3.4320795E+00   -1.0495994E+01    8.7574066E-01    3.6634531E+00   -8.8854080E+00    3.4760106E-01   -4.0284884E+00   -6.7223615E+03    1.3487409E+00    1.2817389E+00
    1.5300000E+00    2.9060176E-01   -3.6086098E+00   -8.6380982E+00   -5.1803697E-01   -5.6024433E+01    1.7039186E-03    3.4826616E+00   -1.0515276E+01    9.6244871E-01    3.6450464E+00   -8.7094501E+00    3.8569328E-01   -3.9602209E+00   -6.7024243E+03    9.4229808E-01    1.2344433E+00
    1.7100000E+00    3.2414557E-01   -3.5053374E+00   -8.5177621E+00   -3.9314523E-01   -5.5973134E+01    1.6799493E-03    3.5249546E+00   -1.0535104E+01    1.0369912E+00    3.6295353E+00   -8.5587206E+00    4.1923708E-01   -3.8996349E+00   -6.6812875E+03    5.1270439E-01    1.1931440E+00
    1.8900000E+00    3.5422317E-01   -3.4139123E+00   -8.4110168E+00   -2.8484084E-01   -5.5906094E+01    1.6406762E-03    3.5608609E+00   -1.0554192E+01    1.1020056E+00    3.6172924E+00   -8.4292279E+00    4.4931468E-01   -3.8459325E+00   -6.6540439E+03    5.7370951E-02    1.1569449E+00
    2.0700000E+00    3.9513049E-01   -3.1724619E+00   -8.2791658E+00   -8.7217501E-02   -5.5842298E+01    1.3557662E-03    3.9060332E+00   -1.0375644E+01    1.4306389E+00    3.8466560E+00   -8.1211184E+00    4.9022200E-01   -3.7888427E+00   -4.9413053E+03   -4.2330641E-01    1.2307194E+00
    2.2500000E+00    4.3146718E-01   -3.0643230E+00   -8.1600436E+00   -1.9324951E-02   -5.5766751E+01    1.2881568E-03    3.8917849E+00   -1.0418884E+01    1.4764042E+00    3.8371885E+00   -7.9795341E+00    5.2655869E-01   -3.7364216E+00   -4.8505846E+03   -9.1552789E-01    1.1896490E+00
    2.4300000E+00    4.6416758E-01   -2.9672838E+00   -8.0506328E+00    4.0434820E-02   -5.5682200E+01    1.2368788E-03    3.8761666E+00   -1.0448343E+01    1.5154218E+00    3.8272113E+00   -7.8509423E+00    5.5925909E-01   -3.6876003E+00   -4.8149822E+03   -1.4204776E+00    1.1519600E+00
    2.6100000E+00    4.9384872E-01   -2.8789718E+00   -7.9492522E+00    9.3952282E-02   -5.5590442E+01    1.1967715E-03    3.8608487E+00   -1.0466176E+01    1.5499876E+00    3.8177382E+00   -7.7324726E+00    5.8894023E-01   -3.6418361E+00   -4.7875794E+03   -1.9380250E+00    1.1175423E+00
    2.7900000E+00    5.2097366E-01   -2.7981092E+00   -7.8547134E+00    1.4211390E-01   -5.5492671E+01    1.1640854E-03    3.8456145E+00   -1.0475124E+01    1.5806819E+00    3.8085922E+00   -7.6227412E+00    6.1606517E-01   -3.5987455E+00   -4.7611659E+03   -2.4683763E+00    1.0858444E+00
    2.9700000E+00    5.4590736E-01   -2.7236297E+00   -7.7660946E+00    1.8567537E-01   -5.5389738E+01    1.1362591E-03    3.8304769E+00   -1.0477126E+01    1.6080962E+00    3.7997606E+00   -7.5205930E+00    6.4099887E-01   -3.5580206E+00   -4.7344599E+03   -3.0117685E+00    1.0564949E+00
    3.1500000E+00    5.6894244E-01   -2.6546760E+00   -7.6826553E+00    2.2524370E-01   -5.5282263E+01    1.1115558E-03    3.8154484E+00   -1.0473610E+01    1.6327029E+00    3.7912339E+00   -7.4250843E+00    6.6403395E-01   -3.5194056E+00   -4.7072173E+03   -3.5683985E+00    1.0291964E+00
    3.3300000E+00    5.9031709E-01   -2.5905486E+00   -7.6037888E+00    2.6131363E-01   -5.5170709E+01    1.0887943E-03    3.8005381E+00   -1.0465638E+01    1.6548839E+00    3.7830029E+00   -7.3354286E+00    6.8540860E-01   -3.4826838E+00   -4.6793902E+03   -4.1383936E+00    1.0037063E+00
    3.5100000E+00    6.1022764E-01   -2.5306699E+00   -7.5289907E+00    2.9429349E-01   -5.5055433E+01    1.0671688E-03    3.7857523E+00   -1.0454006E+01    1.6749520E+00    3.7750584E+00   -7.2509627E+00    7.0531916E-01   -3.4476703E+00   -4.6509735E+03   -4.7217847E+00    9.7982348E-01
    3.6900000E+00    6.2883783E-01   -2.4745575E+00   -7.4578362E+00    3.2452395E-01   -5.4936730E+01    1.0461313E-03    3.7710949E+00   -1.0439327E+01    1.6931660E+00    3.7673909E+00   -7.1711235E+00    7.2392934E-01   -3.4142058E+00   -4.6219756E+03   -5.3184766E+00    9.5737954E-01
    3.8700000E+00    6.4628553E-01   -2.4218045E+00   -7.3899642E+00    3.5229195E-01   -5.4814863E+01    1.0253154E-03    3.7565675E+00   -1.0422081E+01    1.7097422E+00    3.7599909E+00   -7.0954304E+00    7.4137704E-01   -3.3821519E+00   -4.5924144E+03   -5.9282102E+00    9.3623183E-01
    4.0500000E+00    6.6268791E-01   -2.3720652E+00   -7.3250650E+00    3.7784123E-01   -5.4690092E+01    1.0044869E-03    3.7421700E+00   -1.0402655E+01    1.7248626E+00    3.7528489E+00   -7.0234717E+00    7.5777942E-01   -3.3513877E+00   -4.5623180E+03   -6.5505160E+00    9.1625845E-01
    4.2300000E+00    6.7814535E-01   -2.3250431E+00   -7.2628705E+00    4.0138040E-01   -5.4562693E+01    9.8351308E-04    3.7279009E+00   -1.0381373E+01    1.7386819E+00    3.7459555E+00   -6.9548940E+00    7.7323687E-01   -3.3218070E+00   -4.5317260E+03   -7.1846574E+00    8.9735435E-01
    4.4100000E+00    6.9274449E-01   -2.2804824E+00   -7.2031472E+00    4.2308922E-01   -5.4432981E+01    9.6234282E-04    3.7137576E+00   -1.0358513E+01    1.7513321E+00    3.7393017E+00   -6.8893933E+00    7.8783600E-01   -3.2933160E+00   -4.5006923E+03   -7.8295605E+00    8.7942829E-01
    4.5900000E+00    7.0656056E-01   -2.2381609E+00   -7.1456902E+00    4.4312355E-01   -5.4301330E+01    9.4099594E-04    3.6997364E+00   -1.0334322E+01    1.7629269E+00    3.7328783E+00   -6.8267077E+00    8.0165207E-01   -3.2658313E+00   -4.4692879E+03   -8.4837297E+00    8.6240052E-01
    4.7700000E+00    7.1965932E-01   -2.1978843E+00   -7.0903187E+00    4.6161929E-01   -5.4168201E+01    9.1955745E-04    3.6858329E+00   -1.0309029E+01    1.7735644E+00    3.7266765E+00   -6.7666119E+00    8.1475084E-01   -3.2392785E+00   -4.4376042E+03   -9.1451465E+00    8.4620087E-01
    4.9500000E+00    7.3209857E-01   -2.1594821E+00   -7.0368721E+00    4.7869554E-01   -5.4034158E+01    8.9817573E-04    3.6720417E+00   -1.0282846E+01    1.7833298E+00    3.7206876E+00   -6.7089116E+00    8.2719008E-01   -3.2135908E+00   -4.4057563E+03   -9.8111519E+00    8.3076717E-01
    5.1300000E+00    7.4392931E-01   -2.1228035E+00   -6.9852066E+00    4.9445725E-01   -5.3899901E+01    8.7706337E-04    3.6583570E+00   -1.0255980E+01    1.7922974E+00    3.7149027E+00   -6.6534391E+00    8.3902082E-01   -3.1887075E+00   -4.3738875E+03   -1.0478311E+01    8.1604395E-01
    5.3100000E+00    7.5519678E-01   -2.0877148E+00   -6.9351922E+00    5.0899729E-01   -5.3766291E+01    8.5649974E-04    3.6447718E+00   -1.0228632E+01    1.8005320E+00    3.7093124E+00   -6.6000497E+00    8.5028829E-01   -3.1645737E+00   -4.3421730E+03   -1.1142265E+01    8.0198135E-01
    5.4900000E+00    7.6594121E-01   -2.0540967E+00   -6.8867102E+00    5.2239834E-01   -5.3634380E+01    8.3683451E-04    3.6312783E+00   -1.0201000E+01    1.8080902E+00    3.7039067E+00   -6.5486177E+00    8.6103272E-01   -3.1411383E+00   -4.3108242E+03   -1.1797578E+01    7.8853408E-01
    5.6700000E+00    7.7619850E-01   -2.0218422E+00   -6.8396506E+00    5.3473433E-01   -5.3505441E+01    8.1849185E-04    3.6178671E+00   -1.0173284E+01    1.8150212E+00    3.6986740E+00   -6.4990328E+00    8.7129001E-01   -3.1183536E+00   -4.2800927E+03   -1.2437588E+01    7.7566044E-01
    5.8500000E+00    7.8600068E-01   -1.9908550E+00   -6.7939088E+00    5.4607188E-01   -5.3380987E+01    8.0197457E-04    3.6045265E+00   -1.0145680E+01    1.8213674E+00    3.6936002E+00   -6.4511961E+00    8.8109219E-01   -3.0961736E+00   -4.2502734E+03   -1.3054296E+01    7.6332137E-01
    6.0300000E+00    7.9537632E-01   -1.9610477E+00   -6.7493830E+00    5.5647142E-01   -5.3262785E+01    7.8786800E-04    3.5912421E+00   -1.0118387E+01    1.8271647E+00    3.6886676E+00   -6.4050163E+00    8.9046783E-01   -3.0745529E+00   -4.2217069E+03   -1.3638311E+01    7.5147942E-01
    6.2100000E+00    8.0435083E-01   -1.9323408E+00   -6.7059707E+00    5.6598835E-01   -5.3152852E+01    7.7684331E-04    3.5779954E+00   -1.0091596E+01    1.8324428E+00    3.6838530E+00   -6.3604048E+00    8.9944234E-01   -3.0534451E+00   -4.1947794E+03   -1.4178904E+01    7.4009761E-01
    6.3900000E+00    8.1294660E-01   -1.9046614E+00   -6.6635646E+00    5.7467405E-01   -5.3053417E+01    7.6966000E-04    3.5647623E+00   -1.0065497E+01    1.8372244E+00    3.6791257E+00   -6.3172706E+00    9.0803811E-01   -3.0328008E+00   -4.1699207E+03   -1.4664221E+01    7.2913818E-01
    6.5700000E+00    8.2118312E-01   -1.8779421E+00   -6.6220479E+00    5.8257694E-01   -5.2966859E+01    7.6716768E-04    3.5515111E+00   -1.0040267E+01    1.8415250E+00    3.6744447E+00   -6.2755140E+00    9.1627463E-01   -3.0125653E+00   -4.1475990E+03   -1.5081698E+01    7.1856114E-01
    6.7500000E+00    8.2907696E-01   -1.8521200E+00   -6.5812890E+00    5.8974344E-01   -5.2895597E+01    7.7030730E-04    3.5382005E+00   -1.0016074E+01    1.8453518E+00    3.6697553E+00   -6.2350198E+00    9.2416847E-01   -2.9926760E+00   -4.1283104E+03   -1.5418706E+01    7.0832259E-01
    6.9300000E+00    8.3664168E-01   -1.8271361E+00   -6.5411349E+00    5.9621904E-01   -5.2841950E+01    7.8011242E-04    3.5247765E+00   -9.9930643E+00    1.8487030E+00    3.6649851E+00   -6.1956496E+00    9.3173319E-01   -2.9730595E+00   -4.1125643E+03   -1.5663418E+01    6.9837281E-01
    7.1100000E+00    8.4388760E-01   -1.8029346E+00   -6.5014046E+00    6.0204938E-01   -5.2807966E+01    7.9771148E-04    3.5111694E+00   -9.9713625E+00    1.8515652E+00    3.6600395E+00   -6.1572325E+00    9.3897911E-01   -2.9536277E+00   -4.1008631E+03   -1.5805815E+01    6.8865407E-01
    7.2900000E+00    8.5082155E-01   -1.7794618E+00   -6.4618802E+00    6.0728138E-01   -5.2795258E+01    8.2433287E-04    3.4972894E+00   -9.9510645E+00    1.8539127E+00    3.6547954E+00   -6.1195559E+00    9.4591306E-01   -2.9342741E+00   -4.0936761E+03   -1.5838704E+01    6.7909808E-01
    7.4700000E+00    8.5744645E-01   -1.7566656E+00   -6.4222972E+00    6.1196454E-01   -5.2804874E+01    8.6131535E-04    3.4830224E+00   -9.9322333E+00    1.8557040E+00    3.6490951E+00   -6.0823537E+00    9.5253796E-01   -2.9148683E+00   -4.0914086E+03   -1.5758557E+01    6.6962303E-01
    7.6500000E+00    8.6376086E-01   -1.7344951E+00   -6.3823328E+00    6.1615248E-01   -5.2837228E+01    9.1012793E-04    3.4682241E+00   -9.9148956E+00    1.8568794E+00    3.6427377E+00   -6.0452937E+00    9.5885237E-01   -2.8952509E+00   -4.0943679E+03   -1.5565986E+01    6.6012990E-01
    7.8300000E+00    8.6975834E-01   -1.7128991E+00   -6.3415907E+00    6.1990492E-01   -5.2892127E+01    9.7240568E-04    3.4527122E+00   -9.8990394E+00    1.8573568E+00    3.6354682E+00   -6.0079617E+00    9.6484986E-01   -2.8752252E+00   -4.1027291E+03   -1.5265757E+01    6.5049770E-01
    8.0100000E+00    8.7542529E-01   -1.6918280E+00   -6.2995815E+00    6.2329888E-01   -5.2968889E+01    1.0500193E-03    3.4362652E+00   -9.8846078E+00    1.8570291E+00    3.6269612E+00   -5.9698413E+00    9.7051681E-01   -2.8545478E+00   -4.1166314E+03   -1.4866310E+01    6.4057725E-01
    8.1900000E+00    8.7959306E-01   -1.6757719E+00   -6.2562084E+00    6.3131508E-01   -5.3064548E+01    1.0529984E-03    3.4199399E+00   -9.8700460E+00    1.8536214E+00    3.6109552E+00   -5.9333608E+00    9.7468457E-01   -2.8330436E+00   -4.3898852E+03   -1.4375490E+01    6.2840647E-01
    8.3700000E+00    8.8341210E-01   -1.6584366E+00   -6.2123475E+00    6.4075160E-01   -5.3170868E+01    1.1564223E-03    3.4089883E+00   -9.8556340E+00    1.8541053E+00    3.5982052E+00   -5.8951379E+00    9.7850361E-01   -2.8112904E+00   -4.6706289E+03   -1.3849596E+01    6.1821241E-01
    8.5500000E+00    8.8689494E-01   -1.6419275E+00   -6.1687267E+00    6.4952514E-01   -5.3281358E+01    1.2631125E-03    3.3978072E+00   -9.8464435E+00    1.8540726E+00    3.5852162E+00   -5.8587315E+00    9.8198645E-01   -2.7896561E+00   -4.9546084E+03   -1.3321410E+01    6.0823508E-01
    8.7300000E+00    8.9005908E-01   -1.6262751E+00   -6.1257342E+00    6.5761159E-01   -5.3393111E+01    1.3687561E-03    3.3866162E+00   -9.8429819E+00    1.8536417E+00    3.5722671E+00   -5.8246701E+00    9.8515059E-01   -2.7683341E+00   -5.2332768E+03   -1.2804841E+01    5.9859639E-01
    8.9100000E+00    8.9292363E-01   -1.6114663E+00   -6.0835595E+00    6.6502315E-01   -5.3504805E+01    1.4699719E-03    3.3755407E+00   -9.8454217E+00    1.8528943E+00    3.5595091E+00   -5.7931784E+00    9.8801514E-01   -2.7474190E+00   -5.4923581E+03   -1.2305697E+01    5.8935287E-01
    9.0900000E+00    8.9550758E-01   -1.5974680E+00   -6.0422804E+00    6.7178880E-01   -5.3615926E+01    1.5640931E-03    3.3646468E+00   -9.8537461E+00    1.8518856E+00    3.5470175E+00   -5.7643132E+00    9.9059909E-01   -2.7269497E+00   -5.7132485E+03   -1.1825728E+01    5.8052308E-01
    9.2700000E+00    8.9782906E-01   -1.5842384E+00   -6.0019148E+00    6.7794462E-01   -5.3726339E+01    1.6490342E-03    3.3539672E+00   -9.8678282E+00    1.8506546E+00    3.5348250E+00   -5.7380398E+00    9.9292058E-01   -2.7069353E+00   -5.8809601E+03   -1.1364785E+01    5.7210536E-01
    9.4500000E+00    8.9990503E-01   -1.5717332E+00   -5.9624503E+00    6.8352856E-01   -5.3836070E+01    1.7232176E-03    3.3435166E+00   -9.8874743E+00    1.8492307E+00    3.5229424E+00   -5.7142750E+00    9.9499654E-01   -2.6873705E+00   -5.9943154E+03   -1.0921924E+01    5.6408810E-01
    9.6300000E+00    9.0175115E-01   -1.5599092E+00   -5.9238605E+00    6.8857776E-01   -5.3945199E+01    1.7855362E-03    3.3333003E+00   -9.9124437E+00    1.8476372E+00    3.5113691E+00   -5.6929102E+00    9.9684266E-01   -2.6682434E+00   -6.0657985E+03   -1.0495928E+01    5.5645533E-01
    9.8100000E+00    9.0338189E-01   -1.5487252E+00   -5.8861135E+00    6.9312732E-01   -5.4053802E+01    1.8353354E-03    3.3233185E+00   -9.9424573E+00    1.8458937E+00    3.5000993E+00   -5.6738223E+00    9.9847341E-01   -2.6495403E+00   -6.1114196E+03   -1.0085551E+01    5.4918967E-01
    9.9900000E+00    9.0481061E-01   -1.5381427E+00   -5.8491764E+00    6.9720986E-01   -5.4161931E+01    1.8723976E-03    3.3135694E+00   -9.9771995E+00    1.8440174E+00    3.4891250E+00   -5.6568783E+00    9.9990212E-01   -2.6312482E+00   -6.1431874E+03   -9.6896119E+00    5.4227383E-01
    1.0170000E+01    9.0604962E-01   -1.5281264E+00   -5.8130176E+00    7.0085541E-01   -5.4269603E+01    1.8969207E-03    3.3040498E+00   -1.0016317E+01    1.8420238E+00    3.4784379E+00   -5.6419374E+00    1.0011411E+00   -2.6133556E+00   -6.1680340E+03   -9.3070324E+00    5.3569128E-01
    1.0350000E+01    9.0711031E-01   -1.5186437E+00   -5.7776073E+00    7.0409147E-01   -5.4376797E+01    1.9094831E-03    3.2947564E+00   -1.0059420E+01    1.8399271E+00    3.4680298E+00   -5.6288516E+00    1.0022018E+00   -2.5958533E+00   -6.1894374E+03   -8.9368372E+00    5.2942653E-01
    1.0530000E+01    9.0800327E-01   -1.5096645E+00   -5.7429186E+00    7.0694322E-01   -5.4483454E+01    1.9109949E-03    3.2856857E+00   -1.0106077E+01    1.8377406E+00    3.4578933E+00   -5.6174659E+00    1.0030948E+00   -2.5787345E+00   -6.2090170E+03   -8.5781493E+00    5.2346533E-01
    1.0710000E+01    9.0873833E-01   -1.5011615E+00   -5.7089273E+00    7.0943363E-01   -5.4589477E+01    1.9026358E-03    3.2768348E+00   -1.0155821E+01    1.8354768E+00    3.4480222E+00   -5.6076198E+00    1.0038298E+00   -2.5619942E+00   -6.2275013E+03   -8.2301795E+00    5.1779469E-01
    1.0890000E+01    9.0932472E-01   -1.4931093E+00   -5.6756127E+00    7.1158370E-01   -5.4694738E+01    1.8857831E-03    3.2682015E+00   -1.0208153E+01    1.8331479E+00    3.4384116E+00   -5.5991483E+00    1.0044162E+00   -2.5456293E+00   -6.2452189E+03   -7.8922164E+00    5.1240298E-01
    1.1070000E+01    9.0977107E-01   -1.4854846E+00   -5.6429575E+00    7.1341258E-01   -5.4799077E+01    1.8619346E-03    3.2597845E+00   -1.0262543E+01    1.8307654E+00    3.4290584E+00   -5.5918850E+00    1.0048626E+00   -2.5296379E+00   -6.2623255E+03   -7.5636170E+00    5.0728005E-01
    1.1250000E+01    9.1008554E-01   -1.4782659E+00   -5.6109485E+00    7.1493770E-01   -5.4902312E+01    1.8326310E-03    3.2515842E+00   -1.0318446E+01    1.8283407E+00    3.4199619E+00   -5.5856646E+00    1.0051771E+00   -2.5140191E+00   -6.2789035E+03   -7.2437979E+00    5.0241732E-01
    1.1430000E+01    9.1027587E-01   -1.4714333E+00   -5.5795772E+00    7.1617493E-01   -5.5004241E+01    1.7993842E-03    3.2436027E+00   -1.0375310E+01    1.8258851E+00    3.4111238E+00   -5.5803277E+00    1.0053674E+00   -2.4987725E+00   -6.2950043E+03   -6.9322288E+00    4.9780796E-01
    1.1610000E+01    9.1034948E-01   -1.4649684E+00   -5.5488401E+00    7.1713860E-01   -5.5104654E+01    1.7636133E-03    3.2358446E+00   -1.0432590E+01    1.8234101E+00    3.4025493E+00   -5.5757247E+00    1.0054410E+00   -2.4838981E+00   -6.3106650E+03   -6.6284258E+00    4.9344708E-01
    1.1790000E+01    9.1031352E-01   -1.4588545E+00   -5.5187397E+00    7.1784157E-01   -5.5203331E+01    1.7265937E-03    3.2283175E+00   -1.0489766E+01    1.8209276E+00    3.3942472E+00   -5.5717210E+00    1.0054050E+00   -2.4693963E+00   -6.3259159E+03   -6.3319466E+00    4.8933203E-01
    1.1970000E+01    9.1017496E-01   -1.4530757E+00   -5.4892854E+00    7.1829520E-01   -5.5296042E+01    1.6894205E-03    3.2210324E+00   -1.0546352E+01    1.8184505E+00    3.3862314E+00   -5.5682016E+00    1.0052665E+00   -2.4552688E+00   -6.3407831E+03   -6.0423854E+00    4.8546266E-01
    1.2150000E+01    9.0994067E-01   -1.4476179E+00   -5.4604951E+00    7.1850934E-01   -5.4053194E+01    1.6529866E-03    3.2140047E+00   -1.0601920E+01    1.8159929E+00    3.3785210E+00   -5.5650759E+00    1.0050322E+00   -2.4415188E+00   -6.3552897E+03   -5.7593692E+00    4.8184177E-01
    1.2330000E+01    9.0961721E-01   -1.4424746E+00   -5.4324082E+00    7.1849484E-01   -4.8556233E+01    1.6181071E-03    3.2072605E+00   -1.0656025E+01    1.8135728E+00    3.3711444E+00   -5.5622704E+00    1.0047087E+00   -2.4281582E+00   -6.3694559E+03   -5.4825545E+00    4.7847692E-01
    1.2510000E+01    9.0890740E-01   -1.6936516E+00   -5.4146735E+00    4.6952736E-01   -4.2798318E+01    2.0209596E-03    2.4528154E+00   -1.1127861E+01    1.2358273E+00    2.8642471E+00   -5.8587494E+00    1.0039989E+00   -2.4198533E+00   -6.3808594E+03   -5.2101978E+00    2.2573807E-01
    1.2690000E+01    9.0819516E-01   -1.6948400E+00   -5.3971070E+00    4.7052504E-01   -4.2231476E+01    2.1262299E-03    2.4483809E+00   -1.1114866E+01    1.2330763E+00    2.8573904E+00   -5.8466743E+00    1.0032867E+00   -2.4116398E+00   -6.3934284E+03   -4.9522812E+00    2.2302198E-01
    1.2870000E+01    9.0747601E-01   -1.6953173E+00   -5.3797152E+00    4.7220343E-01   -4.1917286E+01    2.2064327E-03    2.4461510E+00   -1.1111134E+01    1.2319961E+00    2.8520439E+00   -5.8364859E+00    1.0025675E+00   -2.4035184E+00   -6.4057926E+03   -4.7091841E+00    2.2106788E-01
    1.3050000E+01    9.0675009E-01   -1.6958101E+00   -5.3624939E+00    4.7383676E-01   -4.1707035E+01    2.2665673E-03    2.4439445E+00   -1.1114979E+01    1.2309141E+00    2.8467522E+00   -5.8283076E+00    1.0018416E+00   -2.3954843E+00   -6.4175850E+03   -4.4799510E+00    2.1914795E-01
    1.3230000E+01    9.0601753E-01   -1.6963195E+00   -5.3454395E+00    4.7542489E-01   -4.1553526E+01    2.3109804E-03    2.4417570E+00   -1.1124121E+01    1.2298268E+00    2.8415115E+00   -5.8215697E+00    1.0011090E+00   -2.3875330E+00   -6.4287324E+03   -4.2637349E+00    2.1726015E-01
    1.3410000E+01    9.0527849E-01   -1.6968448E+00   -5.3285484E+00    4.7696921E-01   -4.1435452E+01    2.3433377E-03    2.4395892E+00   -1.1136869E+01    1.2287343E+00    2.8363213E+00   -5.8158489E+00    1.0003700E+00   -2.3796601E+00   -6.4392438E+03   -4.0597825E+00    2.1540406E-01
    1.3590000E+01    9.0453310E-01   -1.6973856E+00   -5.3118174E+00    4.7847103E-01   -4.1341309E+01    2.3666432E-03    2.4374415E+00   -1.1151960E+01    1.2276368E+00    2.8311810E+00   -5.8108301E+00    9.9962461E-01   -2.3718616E+00   -6.4491480E+03   -3.8674216E+00    2.1357932E-01
    1.3770000E+01    9.0378149E-01   -1.6979413E+00   -5.2952437E+00    4.7993161E-01   -4.1264168E+01    2.3832939E-03    2.4353146E+00   -1.1168458E+01    1.2265344E+00    2.8260903E+00   -5.8062788E+00    9.9887300E-01   -2.3641334E+00   -6.4584769E+03   -3.6860512E+00    2.1178558E-01
    1.3950000E+01    9.0302380E-01   -1.6985116E+00   -5.2788245E+00    4.8135217E-01   -4.1199539E+01    2.3951542E-03    2.4332092E+00   -1.1185672E+01    1.2254274E+00    2.8210489E+00   -5.8020224E+00    9.9811531E-01   -2.3564720E+00   -6.4672601E+03   -3.5151324E+00    2.1002258E-01
    1.4130000E+01    9.0226015E-01   -1.6990959E+00   -5.2625571E+00    4.8273387E-01   -4.1144359E+01    2.4036393E-03    2.4311258E+00   -1.1203099E+01    1.2243161E+00    2.8160566E+00   -5.7979360E+00    9.9735166E-01   -2.3488740E+00   -6.4755248E+03   -3.3541814E+00    2.0829006E-01
    1.4310000E+01    9.0149067E-01   -1.6996938E+00   -5.2464392E+00    4.8407784E-01   -4.1096460E+01    2.4097964E-03    2.4290652E+00   -1.1220386E+01    1.2232007E+00    2.8111130E+00   -5.7939308E+00    9.9658218E-01   -2.3413363E+00   -6.4832951E+03   -3.2027634E+00    2.0658777E-01
    1.4490000E+01    9.0071547E-01   -1.7003051E+00   -5.2304685E+00    4.8538514E-01   -4.1054257E+01    2.4143809E-03    2.4270281E+00   -1.1237286E+01    1.2220815E+00    2.8062182E+00   -5.7899457E+00    9.9580699E-01   -2.3338563E+00   -6.4905927E+03   -3.0604871E+00    2.0491554E-01
    1.4670000E+01    8.9993470E-01   -1.7009293E+00   -5.2146429E+00    4.8665681E-01   -4.1016568E+01    2.4179220E-03    2.4250150E+00   -1.1253638E+01    1.2209591E+00    2.8013719E+00   -5.7859401E+00    9.9502621E-01   -2.3264315E+00   -6.4974372E+03   -2.9270002E+00    2.0327318E-01
    1.4850000E+01    8.9914845E-01   -1.7015663E+00   -5.1989606E+00    4.8789385E-01   -4.0982493E+01    2.4207788E-03    2.4230268E+00   -1.1269339E+01    1.2198337E+00    2.7965742E+00   -5.7818888E+00    9.9423996E-01   -2.3190599E+00   -6.5038461E+03   -2.8019852E+00    2.0166057E-01
    1.5030000E+01    8.9835685E-01   -1.7022157E+00   -5.1834199E+00    4.8909722E-01   -4.0951332E+01    2.4231848E-03    2.4210643E+00   -1.1284334E+01    1.2187061E+00    2.7918251E+00   -5.7777773E+00    9.9344836E-01   -2.3117400E+00   -6.5098350E+03   -2.6851566E+00    2.0007762E-01
    1.5210000E+01    8.9756002E-01   -1.7028775E+00   -5.1680196E+00    4.9026785E-01   -4.0922535E+01    2.4252836E-03    2.4191284E+00   -1.1298593E+01    1.2175766E+00    2.7871248E+00   -5.7735987E+00    9.9265153E-01   -2.3044704E+00   -6.5154180E+03   -2.5762574E+00    1.9852433E-01
    1.5390000E+01    8.9675807E-01   -1.7035517E+00   -5.1527586E+00    4.9140662E-01   -4.0895662E+01    2.4271559E-03    2.4172200E+00   -1.1312110E+01    1.2164462E+00    2.7824738E+00   -5.7693514E+00    9.9184958E-01   -2.2972503E+00   -6.5206078E+03   -2.4750570E+00    1.9700076E-01
    1.5570000E+01    8.9595112E-01   -1.7042381E+00   -5.1376363E+00    4.9251443E-01   -4.0870356E+01    2.4288395E-03    2.4153405E+00   -1.1324891E+01    1.2153156E+00    2.7778726E+00   -5.7650373E+00    9.9104263E-01   -2.2900792E+00   -6.5254156E+03   -2.3813485E+00    1.9550709E-01
    1.5750000E+01    8.9513928E-01   -1.7049369E+00   -5.1226526E+00    4.9359212E-01   -4.0846322E+01    2.4303436E-03    2.4134913E+00   -1.1336951E+01    1.2141858E+00    2.7733220E+00   -5.7606608E+00    9.9023079E-01   -2.2829569E+00   -6.5298516E+03   -2.2949476E+00    1.9404364E-01
    1.5930000E+01    8.9432267E-01   -1.7056483E+00   -5.1078081E+00    4.9464052E-01   -4.0823312E+01    2.4316593E-03    2.4116743E+00   -1.1348307E+01    1.2130579E+00    2.7688234E+00   -5.7562278E+00    9.8941418E-01   -2.2758838E+00   -6.5339246E+03   -2.2156902E+00    1.9261095E-01
    1.6110000E+01    8.9350142E-01   -1.7063725E+00   -5.0931039E+00    4.9566044E-01   -4.0801117E+01    2.4327663E-03    2.4098918E+00   -1.1358980E+01    1.2119334E+00    2.7643785E+00   -5.7517453E+00    9.8859293E-01   -2.2688603E+00   -6.5376426E+03   -2.1434318E+00    1.9120976E-01
    1.6290000E+01    8.9267564E-01   -1.7071099E+00   -5.0785423E+00    4.9665269E-01   -4.0779556E+01    2.4336380E-03    2.4081469E+00   -1.1368990E+01    1.2108139E+00    2.7599897E+00   -5.7472215E+00    9.8776715E-01   -2.2618875E+00   -6.5410126E+03   -2.0780459E+00    1.8984116E-01
    1.6470000E+01    8.9184546E-01   -1.7078611E+00   -5.0641267E+00    4.9761803E-01   -4.0758469E+01    2.4342437E-03    2.4064431E+00   -1.1378356E+01    1.2097013E+00    2.7556603E+00   -5.7426659E+00    9.8693697E-01   -2.2549664E+00   -6.5440406E+03   -2.0194235E+00    1.8850662E-01
    1.6650000E+01    8.9101103E-01   -1.7086268E+00   -5.0498618E+00    4.9855722E-01   -4.0737714E+01    2.4345505E-03    2.4047853E+00   -1.1387095E+01    1.2085981E+00    2.7513945E+00   -5.7380893E+00    9.8610254E-01   -2.2480987E+00   -6.5467316E+03   -1.9674722E+00    1.8720813E-01
    1.6830000E+01    8.9017249E-01   -1.7094078E+00   -5.0357541E+00    4.9947097E-01   -4.0717159E+01    2.4345243E-03    2.4031794E+00   -1.1395221E+01    1.2075072E+00    2.7471977E+00   -5.7335041E+00    9.8526400E-01   -2.2412862E+00   -6.5490902E+03   -1.9221159E+00    1.8594831E-01
    1.7010000E+01    8.8932999E-01   -1.7102053E+00   -5.0218124E+00    5.0035993E-01   -4.0696683E+01    2.4341295E-03    2.4016330E+00   -1.1402747E+01    1.2064320E+00    2.7430773E+00   -5.7289253E+00    9.8442150E-01   -2.2345312E+00   -6.5511196E+03   -1.8832942E+00    1.8473059E-01
    1.7190000E+01    8.8848371E-01   -1.7110206E+00   -5.0080483E+00    5.0122467E-01   -4.0676168E+01    2.4333286E-03    2.4001553E+00   -1.1409681E+01    1.2053769E+00    2.7390424E+00   -5.7243707E+00    9.8357522E-01   -2.2278367E+00   -6.5528226E+03   -1.8509625E+00    1.8355942E-01
    1.7370000E+01    8.8763384E-01   -1.7118555E+00   -4.9944765E+00    5.0206559E-01   -4.0655499E+01    2.4320822E-03    2.3987584E+00   -1.1416029E+01    1.2043473E+00    2.7351048E+00   -5.7198619E+00    9.8272535E-01   -2.2212062E+00   -6.5542011E+03   -1.8250919E+00    1.8244048E-01
    1.7550000E+01    8.8678061E-01   -1.7127124E+00   -4.9811162E+00    5.0288294E-01   -4.0634560E+01    2.4303473E-03    2.3974569E+00   -1.1421795E+01    1.2033497E+00    2.7312794E+00   -5.7154251E+00    9.8187212E-01   -2.2146443E+00   -6.5552562E+03   -1.8056690E+00    1.8138103E-01
    1.7730000E+01    8.8592428E-01   -1.7135938E+00   -4.9679917E+00    5.0367663E-01   -4.0613230E+01    2.4280762E-03    2.3962690E+00   -1.1426977E+01    1.2023922E+00    2.7275852E+00   -5.7110922E+00    9.8101579E-01   -2.2081572E+00   -6.5559881E+03   -1.7926964E+00    1.8039027E-01
    1.7910000E+01    8.8506620E-01   -1.7145022E+00   -4.9551496E+00    5.0444523E-01   -4.0591410E+01    2.4252178E-03    2.3952187E+00   -1.1431566E+01    1.2014862E+00    2.7240502E+00   -5.7069072E+00    9.8015772E-01   -2.2017611E+00   -6.5563963E+03   -1.7861927E+00    1.7948080E-01
