# Time          5.0000E+01
# Units: Log10 mol/kgw
    Distance      pH               H+               Li+              Na+              Ca++             K+               Al+++            SiO2(aq)         CO2(aq)          O2(aq)           Methane(aq)      Fe++             Fe+++            HS-              SO4--            Mg++             Cl-              CH2O             Tracer           HCO3-            Al(OH)2+         AlO2-            AlOH++           FeOH+            FeOH++           FeSO4(aq)        FeSO4+           OH-              CO3--            FeCO3(aq)        FeCO3+           FeHCO3+          NaCO3-           NaHCO3(aq)   
    9.0000000E-02    5.8605996E+00   -5.8529454E+00   -3.9999999E+00   -4.6521125E+00   -4.8633588E+00   -4.9284366E+00   -7.1990403E+00   -4.4297319E+00   -2.9685357E+00   -3.4727284E+00   -6.4486775E+00   -7.1695505E+00   -1.4394655E+01   -1.4000000E+01   -1.4000004E+01   -5.0465964E+00   -1.4000000E+01   -4.6440587E+00   -3.0000000E+01   -3.5435434E+00   -6.9351061E+00   -8.1916056E+00   -6.7352829E+00   -1.0832214E+01   -1.0761670E+01   -1.9032129E+01   -2.6762657E+01   -8.5969001E+00   -8.1221974E+00   -1.0490285E+01   -1.2331252E+01   -8.0242084E+00   -1.2134665E+01   -7.9434226E+00
    2.7000000E-01    5.9244279E+00   -5.9157160E+00   -3.9999999E+00   -4.4174486E+00   -4.6073766E+00   -4.6475415E+00   -7.6740719E+00   -4.1715477E+00   -2.9477118E+00   -3.4887785E+00   -6.4486841E+00   -7.1440921E+00   -1.4693176E+01   -1.4000000E+01   -1.4000004E+01   -4.7912028E+00   -1.4000000E+01   -5.9467773E+00   -3.0000000E+01   -3.4577664E+00   -7.2909091E+00   -8.4197520E+00   -7.1515786E+00   -1.0746191E+01   -1.1001456E+01   -1.9015535E+01   -2.7074084E+01   -8.5319487E+00   -7.9692566E+00   -1.0320727E+01   -1.2489713E+01   -7.9173529E+00   -1.1751513E+01   -7.6252235E+00
    4.5000000E-01    5.9696643E+00   -5.9600861E+00   -3.9999999E+00   -4.2784009E+00   -4.4628177E+00   -4.4513956E+00   -7.9731628E+00   -4.0317516E+00   -2.9259091E+00   -3.5054045E+00   -6.4486902E+00   -7.1763224E+00   -1.4820919E+01   -1.4000000E+01   -1.4000004E+01   -4.6492988E+00   -1.4000000E+01   -6.7089807E+00   -3.0000000E+01   -3.3897991E+00   -7.5064267E+00   -8.5447969E+00   -7.4095843E+00   -1.0735866E+01   -1.1088113E+01   -1.9055067E+01   -2.7212417E+01   -8.4857859E+00   -7.8533046E+00   -1.0244284E+01   -1.2512072E+01   -7.8852181E+00   -1.1500182E+01   -7.4200574E+00
    6.3000000E-01    6.0019828E+00   -5.9916586E+00   -3.9999999E+00   -4.1798574E+00   -4.3607837E+00   -4.3118458E+00   -8.1819724E+00   -3.9392680E+00   -2.9026642E+00   -3.5227317E+00   -6.4486960E+00   -7.2171171E+00   -1.4911119E+01   -1.4000000E+01   -1.4000003E+01   -4.5496856E+00   -1.4000000E+01   -6.7984315E+00   -3.0000000E+01   -3.3334312E+00   -7.6565387E+00   -8.6302719E+00   -7.5896361E+00   -1.0746658E+01   -1.1149556E+01   -1.9102179E+01   -2.7311754E+01   -8.4526647E+00   -7.7622394E+00   -1.0200309E+01   -1.2520323E+01   -7.8727580E+00   -1.1313749E+01   -7.2667477E+00
    8.1000000E-01    6.0250159E+00   -6.0140264E+00   -3.9999999E+00   -4.1033752E+00   -4.2802037E+00   -4.2089979E+00   -8.3352442E+00   -3.8718326E+00   -2.8780927E+00   -3.5408218E+00   -6.4487016E+00   -7.2493471E+00   -1.4974231E+01   -1.4000000E+01   -1.4000003E+01   -4.4711250E+00   -1.4000000E+01   -6.7857629E+00   -3.0000000E+01   -3.2851053E+00   -7.7690390E+00   -8.6967059E+00   -7.7230387E+00   -1.0757925E+01   -1.1192799E+01   -1.9140066E+01   -2.7383027E+01   -8.4289120E+00   -7.6887496E+00   -1.0164686E+01   -1.2518085E+01   -7.8594468E+00   -1.1166623E+01   -7.1433753E+00
    9.9000000E-01    6.0410745E+00   -6.0294773E+00   -3.9999999E+00   -4.0405957E+00   -4.2124739E+00   -4.1301738E+00   -8.4494196E+00   -3.8194024E+00   -2.8523208E+00   -3.5597418E+00   -6.4487070E+00   -7.2686756E+00   -1.5016944E+01   -1.4000000E+01   -1.4000003E+01   -4.4050423E+00   -1.4000000E+01   -6.7670501E+00   -3.0000000E+01   -3.2426125E+00   -7.8559331E+00   -8.7514828E+00   -7.8240369E+00   -1.0763091E+01   -1.1222335E+01   -1.9164582E+01   -2.7433205E+01   -8.4121928E+00   -7.6282438E+00   -1.0128677E+01   -1.2507738E+01   -7.8388336E+00   -1.1045947E+01   -7.0394208E+00
    1.1700000E+00    6.0516695E+00   -6.0395078E+00   -3.9999999E+00   -3.9870494E+00   -4.1534686E+00   -4.0676894E+00   -8.5349569E+00   -3.7769104E+00   -2.8254635E+00   -3.5795680E+00   -6.4487124E+00   -7.2756124E+00   -1.5043654E+01   -1.4000000E+01   -1.4000003E+01   -4.3473616E+00   -1.4000000E+01   -6.7472160E+00   -3.0000000E+01   -3.2045424E+00   -7.9247699E+00   -8.7991297E+00   -7.9016470E+00   -1.0761197E+01   -1.1241117E+01   -1.9176353E+01   -2.7466857E+01   -8.4009817E+00   -7.5777569E+00   -1.0089941E+01   -1.2490884E+01   -7.8100753E+00   -1.0944347E+01   -6.9490334E+00
    1.3500000E+00    6.0578650E+00   -6.0451729E+00   -3.9999999E+00   -3.9400827E+00   -4.1009114E+00   -4.0166447E+00   -8.5981388E+00   -3.7413705E+00   -2.7976265E+00   -3.6003881E+00   -6.4487178E+00   -7.2719662E+00   -1.5057468E+01   -1.4000000E+01   -1.4000003E+01   -4.2958574E+00   -1.4000000E+01   -6.7264066E+00   -3.0000000E+01   -3.1699266E+00   -7.9797789E+00   -8.8417476E+00   -7.9611335E+00   -1.0753016E+01   -1.1251236E+01   -1.9177265E+01   -2.7487203E+01   -8.3942046E+00   -7.5352276E+00   -1.0048305E+01   -1.2468681E+01   -7.7740509E+00   -1.0857146E+01   -6.8686108E+00
    1.5300000E+00    6.0604430E+00   -6.0472478E+00   -3.9999999E+00   -3.8979999E+00   -4.0533836E+00   -3.9738621E+00   -8.6433398E+00   -3.7108826E+00   -2.7689075E+00   -3.6223038E+00   -6.4487232E+00   -7.2595302E+00   -1.5060673E+01   -1.4000000E+01   -1.4000003E+01   -4.2491558E+00   -1.4000000E+01   -6.7045316E+00   -3.0000000E+01   -3.1380742E+00   -8.0238239E+00   -8.8806367E+00   -8.0061215E+00   -1.0739580E+01   -1.1254228E+01   -1.9169166E+01   -2.7496611E+01   -8.3910729E+00   -7.4991623E+00   -1.0004121E+01   -1.2442004E+01   -7.7318895E+00   -1.0781181E+01   -6.7957798E+00
    1.7100000E+00    6.0599975E+00   -6.0463216E+00   -3.9999999E+00   -3.8596562E+00   -4.0099145E+00   -3.9372337E+00   -8.6737717E+00   -3.6841666E+00   -2.7393962E+00   -3.6454333E+00   -6.4487285E+00   -7.2397597E+00   -1.5055008E+01   -1.4000000E+01   -1.4000003E+01   -4.2063238E+00   -1.4000000E+01   -6.6814726E+00   -3.0000000E+01   -3.1084756E+00   -8.0589676E+00   -8.9166714E+00   -8.0392527E+00   -1.0721766E+01   -1.1251263E+01   -1.9153551E+01   -2.7496880E+01   -8.3909874E+00   -7.4684422E+00   -9.9577668E+00   -1.2411534E+01   -7.6845571E+00   -1.0714211E+01   -6.7288965E+00
    1.8900000E+00    6.0569998E+00   -6.0428617E+00   -3.9999999E+00   -3.8241861E+00   -3.9697814E+00   -3.9054678E+00   -8.6919803E+00   -3.6602544E+00   -2.7091755E+00   -3.6699152E+00   -6.4487340E+00   -7.2138512E+00   -1.5041854E+01   -1.4000000E+01   -1.4000003E+01   -4.1665978E+00   -1.4000000E+01   -6.6506575E+00   -3.0000000E+01   -3.0807382E+00   -8.0868452E+00   -8.9505442E+00   -8.0626211E+00   -1.0700310E+01   -1.1243268E+01   -1.9131651E+01   -2.7489438E+01   -8.3934725E+00   -7.4421910E+00   -9.9095957E+00   -1.2377821E+01   -7.6328741E+00   -1.0654508E+01   -6.6667110E+00
    2.0700000E+00    6.0536540E+00   -6.0390190E+00   -3.9999999E+00   -3.7772875E+00   -3.9295346E+00   -3.9125656E+00   -8.6246204E+00   -3.6215215E+00   -2.6785143E+00   -3.6957427E+00   -6.4487402E+00   -7.2195816E+00   -1.5027632E+01   -1.4000000E+01   -1.4000003E+01   -4.1095574E+00   -1.4000000E+01   -4.8857335E+00   -3.0000000E+01   -3.0528677E+00   -8.0301254E+00   -8.9005161E+00   -8.0009256E+00   -1.0710953E+01   -1.1234710E+01   -1.9141703E+01   -2.7481364E+01   -8.3962652E+00   -7.4160363E+00   -9.8934711E+00   -1.2343570E+01   -7.6128486E+00   -1.0583633E+01   -6.5930446E+00
    2.2500000E+00    6.0508555E+00   -6.0357446E+00   -3.9999999E+00   -3.7347725E+00   -3.8926075E+00   -3.9202226E+00   -8.6545849E+00   -3.5876820E+00   -2.6500731E+00   -3.7220854E+00   -6.4487465E+00   -7.2041754E+00   -1.5014979E+01   -1.4000000E+01   -1.4000003E+01   -4.0592511E+00   -1.4000000E+01   -4.8330199E+00   -3.0000000E+01   -3.0266914E+00   -8.0694674E+00   -8.9454552E+00   -8.0359032E+00   -1.0699849E+01   -1.1227071E+01   -1.9130447E+01   -2.7474605E+01   -8.3985322E+00   -7.3910928E+00   -9.8572502E+00   -1.2311846E+01   -7.5732955E+00   -1.0518266E+01   -6.5254131E+00
    2.4300000E+00    6.0485135E+00   -6.0329457E+00   -3.9999999E+00   -3.6959177E+00   -3.8585007E+00   -3.9284044E+00   -8.6814908E+00   -3.5578211E+00   -2.6235707E+00   -3.7490646E+00   -6.4487529E+00   -7.1803330E+00   -1.5003842E+01   -1.4000000E+01   -1.4000003E+01   -4.0142550E+00   -1.4000000E+01   -4.8044022E+00   -3.0000000E+01   -3.0020166E+00   -8.1046863E+00   -8.9853581E+00   -8.0672721E+00   -1.0679794E+01   -1.1220396E+01   -1.9110601E+01   -2.7469133E+01   -8.4003619E+00   -7.3672520E+00   -9.8135420E+00   -1.2282512E+01   -7.5267309E+00   -1.0457585E+01   -6.4629047E+00
    2.6100000E+00    6.0465752E+00   -6.0305676E+00   -3.9999999E+00   -3.6601681E+00   -3.8268202E+00   -3.9370848E+00   -8.7058315E+00   -3.5312660E+00   -2.5987975E+00   -3.7766877E+00   -6.4487592E+00   -7.1532225E+00   -1.4994060E+01   -1.4000000E+01   -1.4000003E+01   -3.9735551E+00   -1.4000000E+01   -4.7767726E+00   -3.0000000E+01   -2.9786850E+00   -8.1363954E+00   -9.0209439E+00   -8.0955875E+00   -1.0656016E+01   -1.1214589E+01   -1.9087347E+01   -2.7464809E+01   -8.4018055E+00   -7.3444032E+00   -9.7674179E+00   -1.2255318E+01   -7.4781717E+00   -1.0400932E+01   -6.4048095E+00
    2.7900000E+00    6.0449919E+00   -6.0285603E+00   -3.9999999E+00   -3.6270869E+00   -3.7972498E+00   -3.9462429E+00   -8.7280126E+00   -3.5075004E+00   -2.5755716E+00   -3.8049630E+00   -6.4487655E+00   -7.1248860E+00   -1.4985482E+01   -1.4000000E+01   -1.4000004E+01   -3.9364023E+00   -1.4000000E+01   -4.7486326E+00   -3.0000000E+01   -2.9565617E+00   -8.1651093E+00   -9.0528243E+00   -8.1213107E+00   -1.0630608E+01   -1.1209553E+01   -1.9062739E+01   -2.7461499E+01   -8.4029102E+00   -7.3224558E+00   -9.7208412E+00   -1.2230039E+01   -7.4295310E+00   -1.0347784E+01   -6.3505590E+00
    2.9700000E+00    6.0437255E+00   -6.0268845E+00   -3.9999999E+00   -3.5963245E+00   -3.7695312E+00   -3.9558624E+00   -8.7483585E+00   -3.4861195E+00   -2.5537409E+00   -3.8338950E+00   -6.4487719E+00   -7.0961324E+00   -1.4977983E+01   -1.4000000E+01   -1.4000004E+01   -3.9022277E+00   -1.4000000E+01   -4.7198734E+00   -3.0000000E+01   -2.9355313E+00   -8.1912390E+00   -9.0814866E+00   -8.1448108E+00   -1.0604423E+01   -1.1205208E+01   -1.9037597E+01   -2.7459094E+01   -8.4037127E+00   -7.3013286E+00   -9.6745500E+00   -1.2206485E+01   -7.3815075E+00   -1.0297716E+01   -6.2996906E+00
    3.1500000E+00    6.0427465E+00   -6.0255092E+00   -3.9999999E+00   -3.5675964E+00   -3.7434512E+00   -3.9659307E+00   -8.7671357E+00   -3.4668003E+00   -2.5331773E+00   -3.8634833E+00   -6.4487783E+00   -7.0672856E+00   -1.4971465E+01   -1.4000000E+01   -1.4000004E+01   -3.8705890E+00   -1.4000000E+01   -4.6904892E+00   -3.0000000E+01   -2.9154944E+00   -8.2151192E+00   -9.1073250E+00   -8.1663897E+00   -1.0577817E+01   -1.1201492E+01   -1.9012252E+01   -2.7457510E+01   -8.4042415E+00   -7.2809484E+00   -9.6288041E+00   -1.2184500E+01   -7.3343302E+00   -1.0250375E+01   -6.2518229E+00
    3.3300000E+00    6.0420317E+00   -6.0244104E+00   -3.9999999E+00   -3.5406685E+00   -3.7188315E+00   -3.9764385E+00   -8.7845675E+00   -3.4492814E+00   -2.5137724E+00   -3.8937204E+00   -6.4487846E+00   -7.0384787E+00   -1.4965851E+01   -1.4000000E+01   -1.4000004E+01   -3.8411359E+00   -1.4000000E+01   -4.6604878E+00   -3.0000000E+01   -2.8963647E+00   -8.2370272E+00   -9.1306626E+00   -8.1862984E+00   -1.0550949E+01   -1.1198355E+01   -1.8986847E+01   -2.7456680E+01   -8.4045189E+00   -7.2612491E+00   -9.5836781E+00   -1.2163950E+01   -7.2880497E+00   -1.0205464E+01   -6.2066370E+00
    3.5100000E+00    6.0415632E+00   -6.0235696E+00   -3.9999999E+00   -3.5153453E+00   -3.6955218E+00   -3.9873792E+00   -8.8008441E+00   -3.4333479E+00   -2.4954339E+00   -3.9245905E+00   -6.4487910E+00   -7.0097714E+00   -1.4961081E+01   -1.4000000E+01   -1.4000005E+01   -3.8135863E+00   -1.4000000E+01   -4.6298867E+00   -3.0000000E+01   -2.8780668E+00   -8.2571955E+00   -9.1517678E+00   -8.2047491E+00   -1.0523899E+01   -1.1195759E+01   -1.8961447E+01   -2.7456555E+01   -8.4045617E+00   -7.2421705E+00   -9.5391785E+00   -1.2144725E+01   -7.2426539E+00   -1.0162732E+01   -6.1638641E+00
    3.6900000E+00    6.0413277E+00   -6.0229724E+00   -3.9999999E+00   -3.4914623E+00   -3.6733940E+00   -3.9987488E+00   -8.8161301E+00   -3.4188217E+00   -2.4780830E+00   -3.9560663E+00   -6.4487974E+00   -6.9811988E+00   -1.4957106E+01   -1.4000000E+01   -1.4000005E+01   -3.7877094E+00   -1.4000000E+01   -4.5987141E+00   -3.0000000E+01   -2.8605347E+00   -8.2758219E+00   -9.1708653E+00   -8.2219239E+00   -1.0496718E+01   -1.1193673E+01   -1.8936094E+01   -2.7457096E+01   -8.4043826E+00   -7.2236578E+00   -9.4952918E+00   -1.2126733E+01   -7.1981148E+00   -1.0121961E+01   -6.1232752E+00
    3.8700000E+00    6.0413151E+00   -6.0226081E+00   -3.9999999E+00   -3.4688798E+00   -3.6523382E+00   -4.0105454E+00   -8.8305700E+00   -3.4055531E+00   -2.4616522E+00   -3.9881063E+00   -6.4488038E+00   -6.9527920E+00   -1.4953891E+01   -1.4000000E+01   -1.4000005E+01   -3.7633144E+00   -1.4000000E+01   -4.5670119E+00   -3.0000000E+01   -2.8437101E+00   -8.2930763E+00   -9.1881449E+00   -8.2379806E+00   -1.0469450E+01   -1.1192075E+01   -1.8910824E+01   -2.7458276E+01   -8.4039910E+00   -7.2056607E+00   -9.4520041E+00   -1.2109894E+01   -7.1544081E+00   -1.0082966E+01   -6.0846734E+00
    4.0500000E+00    6.0415184E+00   -6.0224692E+00   -3.9999999E+00   -3.4474778E+00   -3.6322592E+00   -4.0227693E+00   -8.8442928E+00   -3.3934157E+00   -2.4460834E+00   -4.0206514E+00   -6.4488102E+00   -6.9245875E+00   -1.4951410E+01   -1.4000000E+01   -1.4000005E+01   -3.7402417E+00   -1.4000000E+01   -4.5348391E+00   -3.0000000E+01   -2.8275413E+00   -8.3091064E+00   -9.2037685E+00   -8.2530580E+00   -1.0442139E+01   -1.1190948E+01   -1.8885679E+01   -2.7460074E+01   -8.4033933E+00   -7.1881327E+00   -9.4093102E+00   -1.2094143E+01   -7.1115208E+00   -1.0045581E+01   -6.0478885E+00
    4.2300000E+00    6.0419332E+00   -6.0225507E+00   -3.9999999E+00   -3.4271531E+00   -3.6130746E+00   -4.0354223E+00   -8.8574150E+00   -3.3823015E+00   -2.4313269E+00   -4.0536201E+00   -6.4488167E+00   -6.8966314E+00   -1.4949644E+01   -1.4000000E+01   -1.4000006E+01   -3.7183563E+00   -1.4000000E+01   -4.5022750E+00   -3.0000000E+01   -2.8119826E+00   -8.3240417E+00   -9.2178742E+00   -8.2672799E+00   -1.0414837E+01   -1.1190282E+01   -1.8860709E+01   -2.7462479E+01   -8.4025933E+00   -7.1710309E+00   -9.3672174E+00   -1.2079426E+01   -7.0694555E+00   -1.0009663E+01   -6.0127724E+00
    4.4100000E+00    6.0425574E+00   -6.0228501E+00   -3.9999999E+00   -3.4078158E+00   -3.5947119E+00   -4.0485081E+00   -8.8700433E+00   -3.3721181E+00   -2.4173400E+00   -4.0869034E+00   -6.4488231E+00   -6.8689819E+00   -1.4948582E+01   -1.4000000E+01   -1.4000006E+01   -3.6975433E+00   -1.4000000E+01   -4.4694247E+00   -3.0000000E+01   -2.7969928E+00   -8.3379972E+00   -9.2305812E+00   -8.2807573E+00   -1.0387607E+01   -1.1190069E+01   -1.8835976E+01   -2.7465487E+01   -8.4015927E+00   -7.1543147E+00   -9.3257476E+00   -1.2065697E+01   -7.0282312E+00   -9.9750828E+00   -5.9791953E+00
    4.5900000E+00    6.0433910E+00   -6.0233669E+00   -3.9999999E+00   -3.3893876E+00   -3.5771075E+00   -4.0620317E+00   -8.8822770E+00   -3.3627855E+00   -2.4040864E+00   -4.1203589E+00   -6.4488295E+00   -6.8417110E+00   -1.4948220E+01   -1.4000000E+01   -1.4000007E+01   -3.6777040E+00   -1.4000000E+01   -4.4364231E+00   -3.0000000E+01   -2.7825353E+00   -8.3510755E+00   -9.2419922E+00   -8.2935920E+00   -1.0360522E+01   -1.1190309E+01   -1.8811555E+01   -2.7469099E+01   -8.4003909E+00   -7.1379462E+00   -9.2849381E+00   -1.2052920E+01   -6.9878850E+00   -9.9417263E+00   -5.9470428E+00
    4.7700000E+00    6.0444360E+00   -6.0241027E+00   -3.9999999E+00   -3.3717995E+00   -3.5602052E+00   -4.0759997E+00   -8.8942098E+00   -3.3542344E+00   -2.3915356E+00   -4.1538040E+00   -6.4488359E+00   -6.8149054E+00   -1.4948562E+01   -1.4000000E+01   -1.4000007E+01   -3.6587529E+00   -1.4000000E+01   -4.4034414E+00   -3.0000000E+01   -2.7685771E+00   -8.3633696E+00   -9.2521964E+00   -8.3058774E+00   -1.0333667E+01   -1.1191002E+01   -1.8787537E+01   -2.7473320E+01   -8.3989858E+00   -7.1218892E+00   -9.2448426E+00   -1.2041064E+01   -6.9484721E+00   -9.9094900E+00   -5.9162139E+00
    4.9500000E+00    6.0456962E+00   -6.0250609E+00   -3.9999999E+00   -3.3549909E+00   -3.5439550E+00   -4.0904201E+00   -8.9059315E+00   -3.3464046E+00   -2.3796618E+00   -4.1870089E+00   -6.4488424E+00   -6.7886677E+00   -1.4949613E+01   -1.4000000E+01   -1.4000007E+01   -3.6406159E+00   -1.4000000E+01   -4.3706925E+00   -3.0000000E+01   -2.7550883E+00   -8.3749645E+00   -9.2612708E+00   -8.3177013E+00   -1.0307143E+01   -1.1192156E+01   -1.8764027E+01   -2.7478164E+01   -8.3973731E+00   -7.1061092E+00   -9.2055320E+00   -1.2030108E+01   -6.9100669E+00   -9.8782800E+00   -5.8866188E+00
    5.1300000E+00    6.0471773E+00   -6.0262469E+00   -3.9999999E+00   -3.3389080E+00   -3.5283126E+00   -4.1053021E+00   -8.9175292E+00   -3.3392432E+00   -2.3684444E+00   -4.2196892E+00   -6.4488488E+00   -6.7631176E+00   -1.4951389E+01   -1.4000000E+01   -1.4000008E+01   -3.6232279E+00   -1.4000000E+01   -4.3384369E+00   -3.0000000E+01   -2.7420422E+00   -8.3859384E+00   -9.2692826E+00   -8.3291468E+00   -1.0281064E+01   -1.1193780E+01   -1.8741147E+01   -2.7483648E+01   -8.3955467E+00   -7.0905726E+00   -9.1670949E+00   -1.2020035E+01   -6.8727632E+00   -9.8480101E+00   -5.8581776E+00
    5.3100000E+00    6.0488869E+00   -6.0276682E+00   -3.9999999E+00   -3.3235030E+00   -3.5132380E+00   -4.1206562E+00   -8.9290893E+00   -3.3327041E+00   -2.3578669E+00   -4.2514997E+00   -6.4488552E+00   -6.7383925E+00   -1.4953909E+01   -1.4000000E+01   -1.4000008E+01   -3.6065317E+00   -1.4000000E+01   -4.3069877E+00   -3.0000000E+01   -2.7294145E+00   -8.3963646E+00   -9.2762895E+00   -8.3402940E+00   -1.0255562E+01   -1.1195887E+01   -1.8719036E+01   -2.7489796E+01   -8.3934988E+00   -7.0752465E+00   -9.1296382E+00   -1.2010836E+01   -6.8366756E+00   -9.8186010E+00   -5.8308187E+00
    5.4900000E+00    6.0508349E+00   -6.0293341E+00   -3.9999999E+00   -3.3087335E+00   -3.4986958E+00   -4.1364942E+00   -8.9406985E+00   -3.3267470E+00   -2.3479173E+00   -4.2820306E+00   -6.4488617E+00   -6.7146491E+00   -1.4957200E+01   -1.4000000E+01   -1.4000009E+01   -3.5904769E+00   -1.4000000E+01   -4.2767142E+00   -3.0000000E+01   -2.7171831E+00   -8.4063125E+00   -9.2823415E+00   -8.3512212E+00   -1.0230783E+01   -1.1198496E+01   -1.8697854E+01   -2.7496637E+01   -8.3912192E+00   -7.0600985E+00   -9.0932882E+00   -1.2002509E+01   -6.8019397E+00   -9.7899786E+00   -5.8044782E+00
    5.6700000E+00    6.0530331E+00   -6.0312564E+00   -3.9999999E+00   -3.2945613E+00   -3.4846537E+00   -4.1528290E+00   -8.9524455E+00   -3.3213364E+00   -2.3385878E+00   -4.3108071E+00   -6.4488681E+00   -6.6920643E+00   -1.4961294E+01   -1.4000000E+01   -1.4000009E+01   -3.5750188E+00   -1.4000000E+01   -4.2480424E+00   -3.0000000E+01   -2.7053280E+00   -8.4158489E+00   -9.2874815E+00   -8.3620064E+00   -1.0206893E+01   -1.1201628E+01   -1.8677780E+01   -2.7504206E+01   -8.3886960E+00   -7.0450959E+00   -9.0581910E+00   -1.1995055E+01   -6.7687134E+00   -9.7620733E+00   -5.7790984E+00
    5.8500000E+00    6.0554959E+00   -6.0334493E+00   -3.9999999E+00   -3.2809525E+00   -3.4710830E+00   -4.1696745E+00   -8.9644223E+00   -3.3164414E+00   -2.3298749E+00   -4.3372959E+00   -6.4488745E+00   -6.6708361E+00   -1.4966232E+01   -1.4000000E+01   -1.4000009E+01   -3.5601174E+00   -1.4000000E+01   -4.2214514E+00   -3.0000000E+01   -2.6938312E+00   -8.4250387E+00   -9.2917457E+00   -8.3727284E+00   -1.0184077E+01   -1.1205311E+01   -1.8659012E+01   -2.7512547E+01   -8.3859143E+00   -7.0302055E+00   -9.0245132E+00   -1.1988486E+01   -6.7371773E+00   -9.7348186E+00   -5.7546277E+00
    6.0300000E+00    6.0582405E+00   -6.0359297E+00   -3.9999999E+00   -3.2678766E+00   -3.4579576E+00   -4.1870458E+00   -8.9767264E+00   -3.3120351E+00   -2.3217795E+00   -4.3609194E+00   -6.4488809E+00   -6.6511851E+00   -1.4972063E+01   -1.4000000E+01   -1.4000010E+01   -3.5457372E+00   -1.4000000E+01   -4.1974640E+00   -3.0000000E+01   -2.6826761E+00   -8.4339465E+00   -9.2951641E+00   -8.3834682E+00   -1.0162539E+01   -1.1209578E+01   -1.8641773E+01   -2.7521711E+01   -8.3828570E+00   -7.0153932E+00   -8.9924428E+00   -1.1982818E+01   -6.7075365E+00   -9.7081509E+00   -5.7310196E+00
    6.2100000E+00    6.0612873E+00   -6.0387178E+00   -3.9999999E+00   -3.2553064E+00   -3.4452539E+00   -4.2049591E+00   -8.9894618E+00   -3.3080941E+00   -2.3143071E+00   -4.3810804E+00   -6.4488873E+00   -6.6333555E+00   -1.4978845E+01   -1.4000000E+01   -1.4000010E+01   -3.5318465E+00   -1.4000000E+01   -4.1766297E+00   -3.0000000E+01   -2.6718479E+00   -8.4426371E+00   -9.2977613E+00   -8.3943106E+00   -1.0142503E+01   -1.1214467E+01   -1.8626309E+01   -2.7531758E+01   -8.3795035E+00   -7.0006234E+00   -8.9621894E+00   -1.1978076E+01   -6.6800207E+00   -9.6820076E+00   -5.7082321E+00
    6.3900000E+00    6.0646598E+00   -6.0418371E+00   -3.9999999E+00   -3.2432175E+00   -3.4329507E+00   -4.2234314E+00   -9.0027412E+00   -3.3045987E+00   -2.3074682E+00   -4.3971978E+00   -6.4488937E+00   -6.6176159E+00   -1.4986647E+01   -1.4000000E+01   -1.4000010E+01   -3.5184168E+00   -1.4000000E+01   -4.1594999E+00   -3.0000000E+01   -2.6613332E+00   -8.4511771E+00   -9.2995562E+00   -8.4053454E+00   -1.0124214E+01   -1.1220025E+01   -1.8612890E+01   -2.7542759E+01   -8.3758300E+00   -6.9858582E+00   -8.9339852E+00   -1.1974293E+01   -6.6548858E+00   -9.6563274E+00   -5.6862278E+00
    6.5700000E+00    6.0683859E+00   -6.0453152E+00   -3.9999999E+00   -3.2315880E+00   -3.4210287E+00   -4.2424805E+00   -9.0166878E+00   -3.3015319E+00   -2.3012783E+00   -4.4087500E+00   -6.4489001E+00   -6.6042606E+00   -1.4995551E+01   -1.4000000E+01   -1.4000011E+01   -3.5054226E+00   -1.4000000E+01   -4.1465957E+00   -3.0000000E+01   -2.6511196E+00   -8.4596354E+00   -9.3005625E+00   -8.4166688E+00   -1.0107940E+01   -1.1226305E+01   -1.8601810E+01   -2.7554797E+01   -8.3718086E+00   -6.9710577E+00   -8.9080854E+00   -1.1971511E+01   -6.6324144E+00   -9.6310488E+00   -5.6649728E+00
    6.7500000E+00    6.0724973E+00   -6.0491838E+00   -3.9999999E+00   -3.2203985E+00   -3.4094705E+00   -4.2621250E+00   -9.0314368E+00   -3.2988801E+00   -2.2957584E+00   -4.4153223E+00   -6.4489064E+00   -6.5936103E+00   -1.5005649E+01   -1.4000000E+01   -1.4000011E+01   -3.4928409E+00   -1.4000000E+01   -4.1383693E+00   -3.0000000E+01   -2.6411963E+00   -8.4680844E+00   -9.3007886E+00   -8.4283847E+00   -1.0093969E+01   -1.1233370E+01   -1.8593391E+01   -2.7567966E+01   -8.3674075E+00   -6.9561785E+00   -8.8847682E+00   -1.1969782E+01   -6.6129167E+00   -9.6061095E+00   -5.6444370E+00
    6.9300000E+00    6.0770307E+00   -6.0534794E+00   -3.9999999E+00   -3.2096317E+00   -3.3982605E+00   -4.2823839E+00   -9.0471373E+00   -3.2966321E+00   -2.2909355E+00   -4.4166502E+00   -6.4489127E+00   -6.5860124E+00   -1.5017050E+01   -1.4000000E+01   -1.4000011E+01   -3.4806512E+00   -1.4000000E+01   -4.1351641E+00   -3.0000000E+01   -2.6315534E+00   -8.4766006E+00   -9.3002381E+00   -8.4406060E+00   -1.0082613E+01   -1.1241292E+01   -1.8587981E+01   -2.7582376E+01   -8.3625899E+00   -6.9411740E+00   -8.8643353E+00   -1.1969169E+01   -6.5967306E+00   -9.5814460E+00   -5.6245934E+00
    7.1100000E+00    6.0820278E+00   -6.0582437E+00   -3.9999999E+00   -3.1992722E+00   -3.3873845E+00   -4.3032766E+00   -9.0639537E+00   -3.2947799E+00   -2.2868425E+00   -4.4126501E+00   -6.4489190E+00   -6.5818413E+00   -1.5029879E+01   -1.4000000E+01   -1.4000011E+01   -3.4688352E+00   -1.4000000E+01   -4.1371786E+00   -3.0000000E+01   -2.6221823E+00   -8.4852658E+00   -9.2989090E+00   -8.4534561E+00   -1.0074204E+01   -1.1250154E+01   -1.8585955E+01   -2.7598153E+01   -8.3573139E+00   -6.9259935E+00   -8.8471108E+00   -1.1969746E+01   -6.5842220E+00   -9.5569924E+00   -5.6054180E+00
    7.2900000E+00    6.0875359E+00   -6.0635240E+00   -3.9999999E+00   -3.1893068E+00   -3.3768300E+00   -4.3248225E+00   -9.0820678E+00   -3.2933178E+00   -2.2835192E+00   -4.4034304E+00   -6.4489253E+00   -6.5814977E+00   -1.5044276E+01   -1.4000000E+01   -1.4000011E+01   -3.4573764E+00   -1.4000000E+01   -4.1444398E+00   -3.0000000E+01   -2.6130750E+00   -8.4941677E+00   -9.2967947E+00   -8.4670697E+00   -1.0069097E+01   -1.1260051E+01   -1.8587715E+01   -2.7615438E+01   -8.3515324E+00   -6.9105819E+00   -8.8334407E+00   -1.1971601E+01   -6.5757843E+00   -9.5326804E+00   -5.5868899E+00
    7.4700000E+00    6.0936084E+00   -6.0693735E+00   -3.9999999E+00   -3.1797236E+00   -3.3665856E+00   -4.3470410E+00   -9.1016807E+00   -3.2922428E+00   -2.2810120E+00   -4.3892804E+00   -6.4489316E+00   -6.5854070E+00   -1.5060403E+01   -1.4000000E+01   -1.4000011E+01   -3.4462601E+00   -1.4000000E+01   -4.1567935E+00   -3.0000000E+01   -2.6042249E+00   -8.5034010E+00   -9.2938830E+00   -8.4815950E+00   -1.0067663E+01   -1.1271090E+01   -1.8593686E+01   -2.7634392E+01   -8.3451917E+00   -6.8948787E+00   -8.8236903E+00   -1.1974834E+01   -6.5718360E+00   -9.5084381E+00   -5.5689905E+00
    7.6500000E+00    6.1003055E+00   -6.0758525E+00   -3.9999999E+00   -3.1705125E+00   -3.3566414E+00   -4.3699507E+00   -9.1230158E+00   -3.2915547E+00   -2.2793754E+00   -4.3706392E+00   -6.4489378E+00   -6.5940166E+00   -1.5078441E+01   -1.4000000E+01   -1.4000011E+01   -3.4354736E+00   -1.4000000E+01   -4.1739130E+00   -3.0000000E+01   -2.5956261E+00   -8.5130688E+00   -9.2901564E+00   -8.4971951E+00   -1.0070289E+01   -1.1283393E+01   -1.8604315E+01   -2.7655197E+01   -8.3382318E+00   -6.8788178E+00   -8.8182411E+00   -1.1979562E+01   -6.5728188E+00   -9.4841892E+00   -5.5517039E+00
    7.8300000E+00    6.1076956E+00   -6.0830291E+00   -3.9999999E+00   -3.1616649E+00   -3.3469885E+00   -4.3935689E+00   -9.1463224E+00   -3.2912557E+00   -2.2786726E+00   -4.3480516E+00   -6.4489439E+00   -6.6077916E+00   -1.5098596E+01   -1.4000000E+01   -1.4000010E+01   -3.4250052E+00   -1.4000000E+01   -4.1953272E+00   -3.0000000E+01   -2.5872734E+00   -8.5232842E+00   -9.2855918E+00   -8.5140515E+00   -1.0077373E+01   -1.1297099E+01   -1.8620068E+01   -2.7678061E+01   -8.3305843E+00   -6.8623260E+00   -8.8174847E+00   -1.1985916E+01   -6.5791928E+00   -9.4598518E+00   -5.5350163E+00
    8.0100000E+00    6.1158563E+00   -6.0909812E+00   -3.9999999E+00   -3.1531716E+00   -3.3376203E+00   -4.4178539E+00   -9.1718671E+00   -3.2913684E+00   -2.2789766E+00   -4.3221192E+00   -6.4489500E+00   -6.6271876E+00   -1.5121106E+01   -1.4000000E+01   -1.4000010E+01   -3.4148476E+00   -1.4000000E+01   -4.2207448E+00   -3.0000000E+01   -2.5791625E+00   -8.5341582E+00   -9.2801445E+00   -8.5323528E+00   -1.0089291E+01   -1.1312365E+01   -1.8641400E+01   -2.7703220E+01   -8.3221715E+00   -6.8453211E+00   -8.8217947E+00   -1.1994053E+01   -6.5914090E+00   -9.4353345E+00   -5.5189140E+00
    8.1900000E+00    6.1250041E+00   -6.0999254E+00   -3.9999999E+00   -3.1444879E+00   -3.3287506E+00   -4.4276640E+00   -9.1979422E+00   -3.2966422E+00   -2.2803824E+00   -4.2932531E+00   -6.4489561E+00   -6.6458772E+00   -1.5146738E+01   -1.4000000E+01   -1.4000009E+01   -3.4055295E+00   -1.4000000E+01   -4.8434588E+00   -3.0000000E+01   -2.5711716E+00   -8.5435499E+00   -9.2712405E+00   -8.5501751E+00   -1.0099501E+01   -1.1329744E+01   -1.8661982E+01   -2.7731440E+01   -8.3127771E+00   -6.8274652E+00   -8.8245047E+00   -1.2004400E+01   -6.6030179E+00   -9.4097543E+00   -5.5027304E+00
    8.3700000E+00    6.1341783E+00   -6.1089006E+00   -3.9999999E+00   -3.1361432E+00   -3.3201289E+00   -4.4374955E+00   -9.2222224E+00   -3.3020572E+00   -2.2820428E+00   -4.2649433E+00   -6.4489621E+00   -6.6711938E+00   -1.5172378E+01   -1.4000000E+01   -1.4000009E+01   -3.3964766E+00   -1.4000000E+01   -5.4235677E+00   -3.0000000E+01   -2.5634141E+00   -8.5510566E+00   -9.2603987E+00   -8.5661543E+00   -1.0116297E+01   -1.1347083E+01   -1.8689151E+01   -2.7759611E+01   -8.3033614E+00   -6.8098316E+00   -8.8340234E+00   -1.2014921E+01   -6.6214673E+00   -9.3847148E+00   -5.4871089E+00
    8.5500000E+00    6.1431739E+00   -6.1177016E+00   -3.9999999E+00   -3.1281159E+00   -3.3117513E+00   -4.4472188E+00   -9.2456887E+00   -3.3075936E+00   -2.2837396E+00   -4.2380430E+00   -6.4489680E+00   -6.7020387E+00   -1.5197545E+01   -1.4000000E+01   -1.4000008E+01   -3.3876690E+00   -1.4000000E+01   -5.8462045E+00   -3.0000000E+01   -2.5558767E+00   -8.5580717E+00   -9.2494227E+00   -8.5814779E+00   -1.0138785E+01   -1.1364108E+01   -1.8721809E+01   -2.7787253E+01   -8.2941294E+00   -6.7926115E+00   -8.8494453E+00   -1.2025327E+01   -6.6456462E+00   -9.3603866E+00   -5.4720149E+00
    8.7300000E+00    6.1519539E+00   -6.1262911E+00   -3.9999999E+00   -3.1203850E+00   -3.3036053E+00   -4.4568041E+00   -9.2682352E+00   -3.3132318E+00   -2.2854236E+00   -4.2125529E+00   -6.4489739E+00   -6.7373094E+00   -1.5222124E+01   -1.4000000E+01   -1.4000007E+01   -3.3790934E+00   -1.4000000E+01   -6.0453199E+00   -3.0000000E+01   -2.5485468E+00   -8.5645651E+00   -9.2383561E+00   -8.5960779E+00   -1.0165902E+01   -1.1380740E+01   -1.8758856E+01   -2.7814255E+01   -8.2851178E+00   -6.7758284E+00   -8.8696934E+00   -1.2035530E+01   -6.6744404E+00   -9.3367732E+00   -5.4574153E+00
    8.9100000E+00    6.1605181E+00   -6.1346689E+00   -3.9999999E+00   -3.1129311E+00   -3.2956786E+00   -4.4662439E+00   -9.2898883E+00   -3.3189536E+00   -2.2870831E+00   -4.1883560E+00   -6.4489798E+00   -6.7759386E+00   -1.5246111E+01   -1.4000000E+01   -1.4000007E+01   -3.3707378E+00   -1.4000000E+01   -6.1173332E+00   -3.0000000E+01   -2.5414127E+00   -8.5705648E+00   -9.2272274E+00   -8.6099819E+00   -1.0196581E+01   -1.1396977E+01   -1.8799227E+01   -2.7840615E+01   -8.2763264E+00   -6.7594701E+00   -8.8936899E+00   -1.2045516E+01   -6.7067717E+00   -9.3138440E+00   -5.4432797E+00
    9.0900000E+00    6.1688739E+00   -6.1428421E+00   -3.9999999E+00   -3.1057366E+00   -3.2879601E+00   -4.4755355E+00   -9.3106993E+00   -3.3247426E+00   -2.2887150E+00   -4.1653282E+00   -6.4489856E+00   -6.8169103E+00   -1.5269520E+01   -1.4000000E+01   -1.4000006E+01   -3.3625903E+00   -1.4000000E+01   -6.1510500E+00   -3.0000000E+01   -2.5344638E+00   -8.5761092E+00   -9.2160601E+00   -8.6232347E+00   -1.0229798E+01   -1.1412829E+01   -1.8841907E+01   -2.7866351E+01   -8.2677477E+00   -6.7435180E+00   -8.9204018E+00   -1.2055285E+01   -6.7416144E+00   -9.2915634E+00   -5.4295800E+00
    9.2700000E+00    6.1770295E+00   -6.1508186E+00   -3.9999999E+00   -3.0987851E+00   -3.2804403E+00   -4.4846773E+00   -9.3307201E+00   -3.3305838E+00   -2.2903180E+00   -4.1433584E+00   -6.4489914E+00   -6.8592809E+00   -1.5292372E+01   -1.4000000E+01   -1.4000005E+01   -3.3546395E+00   -1.4000000E+01   -6.1754982E+00   -3.0000000E+01   -2.5276902E+00   -8.5812350E+00   -9.2048749E+00   -8.6358808E+00   -1.0264602E+01   -1.1428306E+01   -1.8885953E+01   -2.7891485E+01   -8.2593733E+00   -6.7279536E+00   -8.9488687E+00   -1.2064838E+01   -6.7780159E+00   -9.2698976E+00   -5.4162907E+00
    9.4500000E+00    6.1849923E+00   -6.1586059E+00   -3.9999999E+00   -3.0920619E+00   -3.2731118E+00   -4.4936680E+00   -9.3499985E+00   -3.3364638E+00   -2.2918907E+00   -4.1223495E+00   -6.4489971E+00   -6.9022057E+00   -1.5314683E+01   -1.4000000E+01   -1.4000005E+01   -3.3468732E+00   -1.4000000E+01   -6.1973198E+00   -3.0000000E+01   -2.5210831E+00   -8.5859765E+00   -9.1936906E+00   -8.6479613E+00   -1.0300143E+01   -1.1443419E+01   -1.8930524E+01   -2.7916035E+01   -8.2511956E+00   -6.7127598E+00   -8.9782300E+00   -1.2074179E+01   -6.8151230E+00   -9.2488152E+00   -5.4033881E+00
    9.6300000E+00    6.1927692E+00   -6.1662106E+00   -3.9999999E+00   -3.0855532E+00   -3.2659693E+00   -4.5025062E+00   -9.3685777E+00   -3.3423705E+00   -2.2934320E+00   -4.1022175E+00   -6.4490028E+00   -6.9449646E+00   -1.5336471E+01   -1.4000000E+01   -1.4000004E+01   -3.3392777E+00   -1.4000000E+01   -6.2179107E+00   -3.0000000E+01   -2.5146342E+00   -8.5903643E+00   -9.1825246E+00   -8.6595132E+00   -1.0335693E+01   -1.1458179E+01   -1.8974899E+01   -2.7940020E+01   -8.2432076E+00   -6.6979212E+00   -9.0077516E+00   -1.2083310E+01   -6.8522082E+00   -9.2282877E+00   -5.3908508E+00
    9.8100000E+00    6.2003662E+00   -6.1736386E+00   -3.9999999E+00   -3.0792463E+00   -3.2590106E+00   -4.5111900E+00   -9.3864968E+00   -3.3482928E+00   -2.2949403E+00   -4.0828886E+00   -6.4490085E+00   -6.9869822E+00   -1.5357748E+01   -1.4000000E+01   -1.4000004E+01   -3.3318376E+00   -1.4000000E+01   -6.2375970E+00   -3.0000000E+01   -2.5083359E+00   -8.5944267E+00   -9.1713930E+00   -8.6705704E+00   -1.0370672E+01   -1.1472594E+01   -1.9018506E+01   -2.7963455E+01   -8.2354030E+00   -6.6834235E+00   -9.0368451E+00   -1.2092233E+01   -6.8886891E+00   -9.2082890E+00   -5.3786588E+00
    9.9900000E+00    6.2077886E+00   -6.1808950E+00   -3.9999999E+00   -3.0731298E+00   -3.2522365E+00   -4.5197164E+00   -9.4037909E+00   -3.3542207E+00   -2.2964141E+00   -4.0642980E+00   -6.4490141E+00   -7.0278363E+00   -1.5378528E+01   -1.4000000E+01   -1.4000004E+01   -3.3245355E+00   -1.4000000E+01   -6.2564948E+00   -3.0000000E+01   -2.5021810E+00   -8.5981893E+00   -9.1603108E+00   -8.6811632E+00   -1.0404652E+01   -1.1486673E+01   -1.9060922E+01   -2.7986356E+01   -8.2277765E+00   -6.6692542E+00   -9.0650767E+00   -1.2100949E+01   -6.9241369E+00   -9.1887954E+00   -5.3667938E+00
    1.0170000E+01    6.2150411E+00   -6.1879843E+00   -3.9999999E+00   -3.0671928E+00   -3.2456505E+00   -4.5280803E+00   -9.4204921E+00   -3.3601450E+00   -2.2978515E+00   -4.0463885E+00   -6.4490197E+00   -7.0672524E+00   -1.5398822E+01   -1.4000000E+01   -1.4000003E+01   -3.3173514E+00   -1.4000000E+01   -6.2746751E+00   -3.0000000E+01   -2.4961631E+00   -8.6016758E+00   -9.1492924E+00   -8.6913197E+00   -1.0437355E+01   -1.1500423E+01   -1.9101874E+01   -2.8008735E+01   -8.2203233E+00   -6.6554015E+00   -9.0921613E+00   -1.2109460E+01   -6.9582711E+00   -9.1697849E+00   -5.3552386E+00
    1.0350000E+01    6.2221275E+00   -6.1949104E+00   -3.9999999E+00   -3.0614254E+00   -3.2392588E+00   -4.5362728E+00   -9.4366296E+00   -3.3660575E+00   -2.2992505E+00   -4.0291093E+00   -6.4490253E+00   -7.1050862E+00   -1.5418642E+01   -1.4000000E+01   -1.4000003E+01   -3.3102638E+00   -1.4000000E+01   -6.2921952E+00   -3.0000000E+01   -2.4902760E+00   -8.6049082E+00   -9.1383520E+00   -8.7010656E+00   -1.0468632E+01   -1.1513851E+01   -1.9141219E+01   -2.8030604E+01   -8.2130393E+00   -6.6418549E+00   -9.1179452E+00   -1.2117768E+01   -6.9909417E+00   -9.1512376E+00   -5.3439775E+00
    1.0530000E+01    6.2290515E+00   -6.2016768E+00   -3.9999999E+00   -3.0558184E+00   -3.2330691E+00   -4.5442776E+00   -9.4522306E+00   -3.3719505E+00   -2.3006091E+00   -4.0124150E+00   -6.4490308E+00   -7.1412980E+00   -1.5437996E+01   -1.4000000E+01   -1.4000003E+01   -3.3032503E+00   -1.4000000E+01   -6.3091048E+00   -3.0000000E+01   -2.4845140E+00   -8.6079078E+00   -9.1275037E+00   -8.7104252E+00   -1.0498442E+01   -1.1526964E+01   -1.9178918E+01   -2.8051974E+01   -8.2059208E+00   -6.6286049E+00   -9.1423798E+00   -1.2125873E+01   -7.0221037E+00   -9.1331353E+00   -5.3329957E+00
    1.0710000E+01    6.2358157E+00   -6.2082860E+00   -3.9999999E+00   -3.0503632E+00   -3.2270898E+00   -4.5520663E+00   -9.4673211E+00   -3.3778172E+00   -2.3019247E+00   -3.9962651E+00   -6.4490363E+00   -7.1759226E+00   -1.5456892E+01   -1.4000000E+01   -1.4000002E+01   -3.2962894E+00   -1.4000000E+01   -6.3254481E+00   -3.0000000E+01   -2.4788717E+00   -8.6106956E+00   -9.1167629E+00   -8.7194219E+00   -1.0526815E+01   -1.1539766E+01   -1.9215008E+01   -2.8072853E+01   -8.1989650E+00   -6.6156430E+00   -9.1654925E+00   -1.2133776E+01   -7.0517870E+00   -9.1154613E+00   -5.3222796E+00
    1.0890000E+01    6.2424227E+00   -6.2147405E+00   -3.9999999E+00   -3.0450519E+00   -3.2213285E+00   -4.5595903E+00   -9.4819271E+00   -3.3836512E+00   -2.3031948E+00   -3.9806230E+00   -6.4490418E+00   -7.2090422E+00   -1.5475336E+01   -1.4000000E+01   -1.4000002E+01   -3.2893618E+00   -1.4000000E+01   -6.3412646E+00   -3.0000000E+01   -2.4733441E+00   -8.6132936E+00   -9.1061470E+00   -8.7280799E+00   -1.0553833E+01   -1.1552262E+01   -1.9249570E+01   -2.8093250E+01   -8.1921693E+00   -6.6029615E+00   -9.1873586E+00   -1.2141477E+01   -7.0800692E+00   -9.0982003E+00   -5.3118164E+00
    1.1070000E+01    6.2488741E+00   -6.2210419E+00   -3.9999999E+00   -3.0398769E+00   -3.2157908E+00   -4.5667701E+00   -9.4960762E+00   -3.3894469E+00   -2.3044166E+00   -3.9654557E+00   -6.4490472E+00   -7.2407629E+00   -1.5493334E+01   -1.4000000E+01   -1.4000002E+01   -3.2824521E+00   -1.4000000E+01   -6.3565896E+00   -3.0000000E+01   -2.4679264E+00   -8.6157267E+00   -9.0956772E+00   -8.7364256E+00   -1.0579600E+01   -1.1564457E+01   -1.9282711E+01   -2.8113170E+01   -8.1855319E+00   -6.5905536E+00   -9.2080779E+00   -1.2148974E+01   -7.1070520E+00   -9.0813384E+00   -5.3015939E+00
    1.1250000E+01    6.2551713E+00   -6.2271913E+00   -3.9999999E+00   -3.0348313E+00   -3.2104792E+00   -4.5734796E+00   -9.5098003E+00   -3.3951992E+00   -2.3055868E+00   -3.9507335E+00   -6.4490527E+00   -7.2711974E+00   -1.5510889E+01   -1.4000000E+01   -1.4000002E+01   -3.2755508E+00   -1.4000000E+01   -6.3714550E+00   -3.0000000E+01   -2.4626142E+00   -8.6180245E+00   -9.0853806E+00   -8.7444896E+00   -1.0604228E+01   -1.1576351E+01   -1.9314546E+01   -2.8132617E+01   -8.1790515E+00   -6.5784132E+00   -9.2277579E+00   -1.2156267E+01   -7.1328439E+00   -9.0648630E+00   -5.2916010E+00
    1.1430000E+01    6.2613150E+00   -6.2331896E+00   -3.9999999E+00   -3.0299086E+00   -3.2053924E+00   -4.5795267E+00   -9.5231378E+00   -3.4009035E+00   -2.3067022E+00   -3.9364291E+00   -6.4490581E+00   -7.3004542E+00   -1.5528002E+01   -1.4000000E+01   -1.4000002E+01   -3.2686547E+00   -1.4000000E+01   -6.3858897E+00   -3.0000000E+01   -2.4574032E+00   -8.6202247E+00   -9.0752936E+00   -8.7523102E+00   -1.0627823E+01   -1.1587947E+01   -1.9345183E+01   -2.8151595E+01   -8.1727272E+00   -6.5665353E+00   -9.2465025E+00   -1.2163352E+01   -7.1575494E+00   -9.0487626E+00   -5.2818269E+00
    1.1610000E+01    6.2673053E+00   -6.2390367E+00   -3.9999999E+00   -3.0251024E+00   -3.2005251E+00   -4.5846295E+00   -9.5361378E+00   -3.4065561E+00   -2.3077591E+00   -3.9225179E+00   -6.4490634E+00   -7.3286311E+00   -1.5544674E+01   -1.4000000E+01   -1.3999998E+01   -3.2617681E+00   -1.4000000E+01   -6.3999199E+00   -3.0000000E+01   -2.4522896E+00   -8.6223765E+00   -9.0654646E+00   -8.7599365E+00   -1.0650486E+01   -1.1599245E+01   -1.9374716E+01   -2.8170100E+01   -8.1665587E+00   -6.5549155E+00   -9.2644056E+00   -1.2170227E+01   -7.1812628E+00   -9.0330269E+00   -5.2722617E+00
    1.1790000E+01    6.2731420E+00   -6.2447324E+00   -3.9999999E+00   -3.0204069E+00   -3.1958683E+00   -4.5883905E+00   -9.5488637E+00   -3.4121538E+00   -2.3087535E+00   -3.9089773E+00   -6.4490688E+00   -7.3558130E+00   -1.5560903E+01   -1.4000000E+01   -1.3999132E+01   -3.2549025E+00   -1.4000000E+01   -6.4135693E+00   -3.0000000E+01   -2.4472697E+00   -8.6245440E+00   -9.0559587E+00   -8.7674323E+00   -1.0672299E+01   -1.1610245E+01   -1.9402373E+01   -2.8187273E+01   -8.1605464E+00   -6.5435504E+00   -9.2815491E+00   -1.2176888E+01   -7.2040654E+00   -9.0176467E+00   -5.2628958E+00
    1.1970000E+01    6.2788242E+00   -6.2502757E+00   -3.9999999E+00   -3.0158164E+00   -3.1914097E+00   -4.5902716E+00   -9.5613969E+00   -3.4176944E+00   -2.3096810E+00   -3.8957866E+00   -6.4490741E+00   -7.3820716E+00   -1.5576688E+01   -1.4000000E+01   -1.3821158E+01   -3.2480763E+00   -1.4000000E+01   -6.4268599E+00   -3.0000000E+01   -2.4423400E+00   -8.6268109E+00   -9.0468614E+00   -8.7748802E+00   -1.0693338E+01   -1.1620945E+01   -1.9251978E+01   -2.8026866E+01   -8.1546912E+00   -6.5324374E+00   -9.2980022E+00   -1.2183328E+01   -7.2260255E+00   -9.0026138E+00   -5.2537202E+00
    1.2150000E+01    6.2843503E+00   -6.2556650E+00   -3.9999999E+00   -3.0113255E+00   -3.1871352E+00   -4.5895782E+00   -9.5738401E+00   -3.4231765E+00   -2.3105371E+00   -3.8829268E+00   -6.4490794E+00   -7.4074658E+00   -1.5592024E+01   -1.4000000E+01   -1.1884397E+01   -3.2413140E+00   -1.4000000E+01   -6.4398116E+00   -3.0000000E+01   -2.4374974E+00   -8.6292828E+00   -9.0382811E+00   -8.7823842E+00   -1.0713661E+01   -1.1631341E+01   -1.7341914E+01   -2.6107197E+01   -8.1489945E+00   -6.5215748E+00   -9.3138222E+00   -1.2189543E+01   -7.2471989E+00   -8.9879213E+00   -5.2447264E+00
    1.2330000E+01    6.2897109E+00   -6.2608914E+00   -3.9999999E+00   -3.0069427E+00   -3.1830344E+00   -4.5854473E+00   -9.5863065E+00   -3.4285905E+00   -2.3113168E+00   -3.8703803E+00   -6.4490847E+00   -7.4318309E+00   -1.5606884E+01   -1.4000000E+01   -9.4826422E+00   -3.2346520E+00   -1.4000000E+01   -6.4524414E+00   -3.0000000E+01   -2.4327465E+00   -8.6320900E+00   -9.0303669E+00   -8.7900663E+00   -1.0733112E+01   -1.1641417E+01   -1.4965806E+01   -2.3722028E+01   -8.1434660E+00   -6.5109774E+00   -9.3288572E+00   -1.2195518E+01   -7.2674248E+00   -8.9735912E+00   -5.2359268E+00
    1.2510000E+01    6.2930806E+00   -6.2641776E+00   -3.9999999E+00   -3.0061626E+00   -3.1802137E+00   -4.5711253E+00   -9.8466583E+00   -3.4314555E+00   -2.3120163E+00   -3.8580651E+00   -6.4490879E+00   -7.3438738E+00   -1.5615588E+01   -1.4000000E+01   -7.0758660E+00   -3.2299676E+00   -1.4000000E+01   -6.4617317E+00   -3.0000000E+01   -2.4299708E+00   -8.8863622E+00   -9.2778998E+00   -9.0474062E+00   -1.0642063E+01   -1.1647109E+01   -1.2471868E+01   -2.1325028E+01   -8.1399920E+00   -6.5045301E+00   -9.2352402E+00   -1.2198838E+01   -7.1770719E+00   -8.9667679E+00   -5.2325788E+00
    1.2690000E+01    6.2964161E+00   -6.2674305E+00   -3.9999999E+00   -3.0053887E+00   -3.1774612E+00   -4.5554015E+00   -9.8578811E+00   -3.4343181E+00   -2.3127110E+00   -3.8464147E+00   -6.4490911E+00   -7.3201689E+00   -1.5624646E+01   -1.4000000E+01   -6.7698324E+00   -3.2253489E+00   -1.4000000E+01   -6.4731756E+00   -3.0000000E+01   -2.4272255E+00   -8.8915665E+00   -9.2764332E+00   -9.0556472E+00   -1.0615298E+01   -1.1653185E+01   -1.2142918E+01   -2.1029113E+01   -8.1365532E+00   -6.4981505E+00   -9.2059351E+00   -1.2202569E+01   -7.1509977E+00   -8.9600143E+00   -5.2292652E+00
    1.2870000E+01    6.2997153E+00   -6.2706481E+00   -3.9999999E+00   -3.0046209E+00   -3.1747740E+00   -4.5381232E+00   -9.8690810E+00   -3.4371819E+00   -2.3133973E+00   -3.8354470E+00   -6.4490942E+00   -7.3193185E+00   -1.5633707E+01   -1.4000000E+01   -6.5883716E+00   -3.2208039E+00   -1.4000000E+01   -6.4842163E+00   -3.0000000E+01   -2.4245091E+00   -8.8968133E+00   -9.2750815E+00   -9.0638974E+00   -1.0611420E+01   -1.1659296E+01   -1.1961386E+01   -2.0857763E+01   -8.1331517E+00   -6.4918391E+00   -9.1995447E+00   -1.2206360E+01   -7.1478030E+00   -8.9533309E+00   -5.2259845E+00
    1.3050000E+01    6.3029791E+00   -6.2738312E+00   -3.9999999E+00   -3.0038590E+00   -3.1721500E+00   -4.5191438E+00   -9.8805001E+00   -3.4400470E+00   -2.3140749E+00   -3.8251198E+00   -6.4490974E+00   -7.3273719E+00   -1.5642716E+01   -1.4000000E+01   -6.4581204E+00   -3.2163405E+00   -1.4000000E+01   -6.4946346E+00   -3.0000000E+01   -2.4218205E+00   -8.9023431E+00   -9.2740836E+00   -9.0723983E+00   -1.0616479E+01   -1.1665388E+01   -1.1839960E+01   -2.0737560E+01   -8.1297867E+00   -6.4855939E+00   -9.2021162E+00   -1.2210154E+01   -7.1535360E+00   -8.9467156E+00   -5.2227354E+00
    1.3230000E+01    6.3062079E+00   -6.2769801E+00   -3.9999999E+00   -3.0031028E+00   -3.1695874E+00   -4.4983384E+00   -9.8921695E+00   -3.4429135E+00   -2.3147434E+00   -3.8153954E+00   -6.4491006E+00   -7.3387941E+00   -1.5651650E+01   -1.4000000E+01   -6.3560349E+00   -3.2119667E+00   -1.4000000E+01   -6.5044439E+00   -3.0000000E+01   -2.4191588E+00   -8.9081861E+00   -9.2734691E+00   -9.0811805E+00   -1.0624939E+01   -1.1671434E+01   -1.1750060E+01   -2.0645435E+01   -8.1264578E+00   -6.4794139E+00   -9.2081134E+00   -1.2213926E+01   -7.1626606E+00   -8.9401670E+00   -5.2195169E+00
    1.3410000E+01    6.3094018E+00   -6.2800951E+00   -3.9999999E+00   -3.0023523E+00   -3.1670853E+00   -4.4756120E+00   -9.9041148E+00   -3.4457814E+00   -2.3154023E+00   -3.8062401E+00   -6.4491037E+00   -7.3512875E+00   -1.5660495E+01   -1.4000000E+01   -6.2718377E+00   -3.2076904E+00   -1.4000000E+01   -6.5136765E+00   -3.0000000E+01   -2.4165236E+00   -8.9143673E+00   -9.2732625E+00   -9.0902692E+00   -1.0634501E+01   -1.1677423E+01   -1.1679111E+01   -2.0571099E+01   -8.1231649E+00   -6.4732984E+00   -9.2152380E+00   -1.2217663E+01   -7.1728789E+00   -8.9336843E+00   -5.2163283E+00
    1.3590000E+01    6.3125609E+00   -6.2831763E+00   -3.9999999E+00   -3.0016073E+00   -3.1646431E+00   -4.4509065E+00   -9.9163545E+00   -3.4486508E+00   -2.3160510E+00   -3.7976236E+00   -6.4491068E+00   -7.3639037E+00   -1.5669249E+01   -1.4000000E+01   -6.2000413E+00   -3.2035194E+00   -1.4000000E+01   -6.5223634E+00   -3.0000000E+01   -2.4139142E+00   -8.9209051E+00   -9.2734821E+00   -9.0996830E+00   -1.0644218E+01   -1.1683351E+01   -1.1620677E+01   -2.0509059E+01   -8.1199079E+00   -6.4672468E+00   -9.2225407E+00   -1.2221361E+01   -7.1832416E+00   -8.9272665E+00   -5.2131687E+00
    1.3770000E+01    6.3156851E+00   -6.2862236E+00   -3.9999999E+00   -3.0008675E+00   -3.1622614E+00   -4.4242063E+00   -9.9288992E+00   -3.4515217E+00   -2.3166891E+00   -3.7895186E+00   -6.4491099E+00   -7.3762657E+00   -1.5677909E+01   -1.4000000E+01   -6.1373669E+00   -3.1994617E+00   -1.4000000E+01   -6.5305328E+00   -3.0000000E+01   -2.4113301E+00   -8.9278096E+00   -9.2741381E+00   -9.1094321E+00   -1.0653713E+01   -1.1689215E+01   -1.1571102E+01   -2.0456036E+01   -8.1166870E+00   -6.4612588E+00   -9.2296438E+00   -1.2225015E+01   -7.1933710E+00   -8.9209130E+00   -5.2100374E+00
    1.3950000E+01    6.3187745E+00   -6.2892370E+00   -3.9999999E+00   -3.0001329E+00   -3.1599409E+00   -4.3955417E+00   -9.9417501E+00   -3.4543942E+00   -2.3173160E+00   -3.7819007E+00   -6.4491130E+00   -7.3882360E+00   -1.5686474E+01   -1.4000000E+01   -6.0816976E+00   -3.1955245E+00   -1.4000000E+01   -6.5382101E+00   -3.0000000E+01   -2.4087709E+00   -8.9350823E+00   -9.2752321E+00   -9.1195180E+00   -1.0662848E+01   -1.1695015E+01   -1.1528131E+01   -2.0409909E+01   -8.1135021E+00   -6.4553341E+00   -9.2364092E+00   -1.2228626E+01   -7.2031291E+00   -8.9146233E+00   -5.2069337E+00
    1.4130000E+01    6.3218288E+00   -6.2922163E+00   -3.9999999E+00   -2.9994032E+00   -3.1576833E+00   -4.3649896E+00   -9.9548992E+00   -3.4572681E+00   -2.3179309E+00   -3.7747474E+00   -6.4491161E+00   -7.3997743E+00   -1.5694944E+01   -1.4000000E+01   -6.0315863E+00   -3.1917151E+00   -1.4000000E+01   -6.5454180E+00   -3.0000000E+01   -2.4062360E+00   -8.9427150E+00   -9.2767563E+00   -9.1299325E+00   -1.0671582E+01   -1.1700751E+01   -1.1490276E+01   -2.0369233E+01   -8.1103536E+00   -6.4494724E+00   -9.2427963E+00   -1.2232191E+01   -7.2124750E+00   -8.9083967E+00   -5.2038569E+00
    1.4310000E+01    6.3248478E+00   -6.2951615E+00   -3.9999999E+00   -2.9986783E+00   -3.1554908E+00   -4.3326703E+00   -9.9683287E+00   -3.4601434E+00   -2.3185331E+00   -3.7680386E+00   -6.4491191E+00   -7.4108786E+00   -1.5703319E+01   -1.4000000E+01   -5.9859997E+00   -3.1880404E+00   -1.4000000E+01   -6.5521774E+00   -3.0000000E+01   -2.4037251E+00   -8.9506903E+00   -9.2786935E+00   -9.1406580E+00   -1.0679914E+01   -1.1706421E+01   -1.1456502E+01   -2.0332972E+01   -8.1072416E+00   -6.4436738E+00   -9.2488025E+00   -1.2235710E+01   -7.2214061E+00   -8.9022329E+00   -5.2008062E+00
    1.4490000E+01    6.3278312E+00   -6.2980722E+00   -3.9999999E+00   -2.9979581E+00   -3.1533659E+00   -4.2987436E+00   -9.9820119E+00   -3.4630201E+00   -2.3191219E+00   -3.7617557E+00   -6.4491221E+00   -7.4215603E+00   -1.5711597E+01   -1.4000000E+01   -5.9441738E+00   -3.1845066E+00   -1.4000000E+01   -6.5585072E+00   -3.0000000E+01   -2.4012377E+00   -8.9589816E+00   -9.2810180E+00   -9.1516679E+00   -1.0687855E+01   -1.1712026E+01   -1.1426056E+01   -2.0300361E+01   -8.1041665E+00   -6.4379380E+00   -9.2544388E+00   -1.2239182E+01   -7.2299330E+00   -8.8961314E+00   -5.1977809E+00
    1.4670000E+01    6.3307788E+00   -6.3009481E+00   -3.9999999E+00   -2.9972423E+00   -3.1513118E+00   -4.2634010E+00   -9.9959142E+00   -3.4658977E+00   -2.3196964E+00   -3.7558820E+00   -6.4491251E+00   -7.4318346E+00   -1.5719778E+01   -1.4000000E+01   -5.9055274E+00   -3.1811197E+00   -1.4000000E+01   -6.5644247E+00   -3.0000000E+01   -2.3987733E+00   -8.9675547E+00   -9.2836960E+00   -9.1629276E+00   -1.0695421E+01   -1.1717564E+01   -1.1398372E+01   -2.0270819E+01   -8.1011287E+00   -6.4322652E+00   -9.2597202E+00   -1.2242605E+01   -7.2380705E+00   -8.8900919E+00   -5.1947804E+00
    1.4850000E+01    6.3336900E+00   -6.3037889E+00   -3.9999999E+00   -2.9965309E+00   -3.1493316E+00   -4.2268576E+00   -1.0009994E+01   -3.4687762E+00   -2.3202557E+00   -3.7504020E+00   -6.4491280E+00   -7.4417174E+00   -1.5727861E+01   -1.4000000E+01   -5.8696083E+00   -3.1778851E+00   -1.4000000E+01   -6.5699456E+00   -3.0000000E+01   -2.3963314E+00   -8.9763688E+00   -9.2866876E+00   -9.1743961E+00   -1.0702628E+01   -1.1723036E+01   -1.1373012E+01   -2.0243891E+01   -8.0981287E+00   -6.4266553E+00   -9.2646622E+00   -1.2245979E+01   -7.2458338E+00   -8.8841143E+00   -5.1918040E+00
    1.5030000E+01    6.3365644E+00   -6.3065941E+00   -3.9999999E+00   -2.9958238E+00   -3.1474286E+00   -4.1893437E+00   -1.0024205E+01   -3.4716551E+00   -2.3207989E+00   -3.7453013E+00   -6.4491310E+00   -7.4512231E+00   -1.5735845E+01   -1.4000000E+01   -5.8360571E+00   -3.1748075E+00   -1.4000000E+01   -6.5750846E+00   -3.0000000E+01   -2.3939117E+00   -8.9853780E+00   -9.2899480E+00   -9.1860272E+00   -1.0709491E+01   -1.1728440E+01   -1.1349632E+01   -2.0219216E+01   -8.0951669E+00   -6.4211087E+00   -9.2692793E+00   -1.2249301E+01   -7.2532368E+00   -8.8781985E+00   -5.1888510E+00
    1.5210000E+01    6.3394013E+00   -6.3093630E+00   -3.9999999E+00   -2.9951206E+00   -3.1456061E+00   -4.1510962E+00   -1.0038496E+01   -3.4745340E+00   -2.3213247E+00   -3.7405670E+00   -6.4491338E+00   -7.4603652E+00   -1.5743728E+01   -1.4000000E+01   -5.8045837E+00   -3.1718910E+00   -1.4000000E+01   -6.5798550E+00   -3.0000000E+01   -2.3915136E+00   -8.9945334E+00   -9.2934295E+00   -9.1977714E+00   -1.0716024E+01   -1.1733776E+01   -1.1327955E+01   -2.0196503E+01   -8.0922440E+00   -6.4156254E+00   -9.2735848E+00   -1.2252571E+01   -7.2602923E+00   -8.8723443E+00   -5.1859208E+00
    1.5390000E+01    6.3422002E+00   -6.3120951E+00   -3.9999999E+00   -2.9944215E+00   -3.1438671E+00   -4.1123509E+00   -1.0052817E+01   -3.4774125E+00   -2.3218322E+00   -3.7361868E+00   -6.4491367E+00   -7.4691554E+00   -1.5751508E+01   -1.4000000E+01   -5.7749503E+00   -3.1691390E+00   -1.4000000E+01   -6.5842691E+00   -3.0000000E+01   -2.3891367E+00   -9.0037842E+00   -9.2970826E+00   -9.2095773E+00   -1.0722239E+01   -1.1739041E+01   -1.1307754E+01   -2.0175511E+01   -8.0893608E+00   -6.4102059E+00   -9.2775909E+00   -1.2255786E+01   -7.2670117E+00   -8.8665520E+00   -5.1830128E+00
    1.5570000E+01    6.3449601E+00   -6.3147894E+00   -3.9999999E+00   -2.9937262E+00   -3.1422141E+00   -4.0733366E+00   -1.0067114E+01   -3.4802902E+00   -2.3223199E+00   -3.7321496E+00   -6.4491395E+00   -7.4776044E+00   -1.5759183E+01   -1.4000000E+01   -5.7469594E+00   -3.1665543E+00   -1.4000000E+01   -6.5883386E+00   -3.0000000E+01   -2.3867806E+00   -9.0130795E+00   -9.3008581E+00   -9.2213931E+00   -1.0728147E+01   -1.1744235E+01   -1.1288843E+01   -2.0156041E+01   -8.0865181E+00   -6.4048506E+00   -9.2813081E+00   -1.2258944E+01   -7.2734050E+00   -8.8608217E+00   -5.1801263E+00
    1.5750000E+01    6.3476801E+00   -6.3174452E+00   -3.9999999E+00   -2.9930347E+00   -3.1406489E+00   -4.0342694E+00   -1.0081336E+01   -3.4831664E+00   -2.3227866E+00   -3.7284448E+00   -6.4491423E+00   -7.4857214E+00   -1.5766751E+01   -1.4000000E+01   -5.7204452E+00   -3.1641390E+00   -1.4000000E+01   -6.5920739E+00   -3.0000000E+01   -2.3844449E+00   -9.0223693E+00   -9.3047079E+00   -9.2331682E+00   -1.0733759E+01   -1.1749356E+01   -1.1271065E+01   -2.0137924E+01   -8.0837167E+00   -6.3995600E+00   -9.2847463E+00   -1.2262044E+01   -7.2794808E+00   -8.8551539E+00   -5.1772609E+00
    1.5930000E+01    6.3503593E+00   -6.3200613E+00   -3.9999999E+00   -2.9923468E+00   -3.1391725E+00   -3.9953501E+00   -1.0095433E+01   -3.4860406E+00   -2.3232308E+00   -3.7250627E+00   -6.4491450E+00   -7.4935143E+00   -1.5774208E+01   -1.4000000E+01   -5.6952672E+00   -3.1618946E+00   -1.4000000E+01   -6.5954849E+00   -3.0000000E+01   -2.3821292E+00   -9.0316057E+00   -9.3085859E+00   -9.2448533E+00   -1.0739084E+01   -1.1754402E+01   -1.1254286E+01   -2.0121016E+01   -8.0809579E+00   -6.3943348E+00   -9.2879140E+00   -1.2265082E+01   -7.2852469E+00   -8.8495491E+00   -5.1744160E+00
    1.6110000E+01    6.3529963E+00   -6.3226366E+00   -3.9999999E+00   -2.9916625E+00   -3.1377844E+00   -3.9567613E+00   -1.0109356E+01   -3.4889122E+00   -2.3236508E+00   -3.7219946E+00   -6.4491477E+00   -7.5009900E+00   -1.5781551E+01   -1.4000000E+01   -5.6713050E+00   -3.1598219E+00   -1.4000000E+01   -6.5985808E+00   -3.0000000E+01   -2.3798329E+00   -9.0407431E+00   -9.3124493E+00   -9.2564020E+00   -1.0744130E+01   -1.1759369E+01   -1.1238395E+01   -2.0105193E+01   -8.0782427E+00   -6.3891757E+00   -9.2908190E+00   -1.2268055E+01   -7.2907097E+00   -8.8440079E+00   -5.1715911E+00
    1.6290000E+01    6.3555899E+00   -6.3251697E+00   -3.9999999E+00   -2.9909817E+00   -3.1364831E+00   -3.9186664E+00   -1.0123062E+01   -3.4917807E+00   -2.3240449E+00   -3.7192320E+00   -6.4491504E+00   -7.5081543E+00   -1.5788775E+01   -1.4000000E+01   -5.6484549E+00   -3.1579214E+00   -1.4000000E+01   -6.6013698E+00   -3.0000000E+01   -2.3775558E+00   -9.0497396E+00   -9.3162586E+00   -9.2677707E+00   -1.0748903E+01   -1.1764257E+01   -1.1223292E+01   -2.0090348E+01   -8.0755724E+00   -6.3840836E+00   -9.2934679E+00   -1.2270962E+01   -7.2958745E+00   -8.8385313E+00   -5.1687858E+00
    1.6470000E+01    6.3581385E+00   -6.3276591E+00   -3.9999999E+00   -2.9903044E+00   -3.1352649E+00   -3.8812095E+00   -1.0136507E+01   -3.4946453E+00   -2.3244112E+00   -3.7167675E+00   -6.4491530E+00   -7.5150119E+00   -1.5795876E+01   -1.4000000E+01   -5.6266266E+00   -3.1561931E+00   -1.4000000E+01   -6.6038598E+00   -3.0000000E+01   -2.3752973E+00   -9.0585563E+00   -9.3199780E+00   -9.2789190E+00   -1.0753411E+01   -1.1769060E+01   -1.1208893E+01   -2.0076386E+01   -8.0729486E+00   -6.3790595E+00   -9.2958665E+00   -1.2273797E+01   -7.3007457E+00   -8.8331204E+00   -5.1659996E+00
    1.6650000E+01    6.3606406E+00   -6.3301031E+00   -3.9999999E+00   -2.9896304E+00   -3.1341246E+00   -3.8445155E+00   -1.0149654E+01   -3.4975055E+00   -2.3247478E+00   -3.7145942E+00   -6.4491556E+00   -7.5215661E+00   -1.5802848E+01   -1.4000000E+01   -5.6057413E+00   -3.1546369E+00   -1.4000000E+01   -6.6060576E+00   -3.0000000E+01   -2.3730572E+00   -9.0671580E+00   -9.3235756E+00   -9.2898101E+00   -1.0757657E+01   -1.1773777E+01   -1.1195123E+01   -2.0063223E+01   -8.0703729E+00   -6.3741046E+00   -9.2980199E+00   -1.2276559E+01   -7.3053265E+00   -8.8277762E+00   -5.1632321E+00
    1.6830000E+01    6.3630942E+00   -6.3324998E+00   -3.9999999E+00   -2.9889599E+00   -3.1330546E+00   -3.8086911E+00   -1.0162467E+01   -3.5003606E+00   -2.3250523E+00   -3.7127059E+00   -6.4491581E+00   -7.5278195E+00   -1.5809686E+01   -1.4000000E+01   -5.5857296E+00   -3.1532527E+00   -1.4000000E+01   -6.6079696E+00   -3.0000000E+01   -2.3708349E+00   -9.0755131E+00   -9.3270235E+00   -9.3004102E+00   -1.0761648E+01   -1.1778402E+01   -1.1181914E+01   -2.0050785E+01   -8.0678471E+00   -6.3692201E+00   -9.2999321E+00   -1.2279241E+01   -7.3096191E+00   -8.8225004E+00   -5.1604831E+00
    1.7010000E+01    6.3654973E+00   -6.3348470E+00   -3.9999999E+00   -2.9882926E+00   -3.1320448E+00   -3.7738261E+00   -1.0174912E+01   -3.5032100E+00   -2.3253225E+00   -3.7110974E+00   -6.4491606E+00   -7.5337733E+00   -1.5816383E+01   -1.4000000E+01   -5.5665300E+00   -3.1520406E+00   -1.4000000E+01   -6.6096012E+00   -3.0000000E+01   -2.3686302E+00   -9.0835933E+00   -9.3302974E+00   -9.3106889E+00   -1.0765386E+01   -1.1782933E+01   -1.1169207E+01   -2.0039004E+01   -8.0653731E+00   -6.3644077E+00   -9.3016063E+00   -1.2281841E+01   -7.3136246E+00   -8.8172946E+00   -5.1577522E+00
    1.7190000E+01    6.3678477E+00   -6.3371426E+00   -3.9999999E+00   -2.9876287E+00   -3.1310831E+00   -3.7399942E+00   -1.0186960E+01   -3.5060530E+00   -2.3255557E+00   -3.7097639E+00   -6.4491631E+00   -7.5394278E+00   -1.5822931E+01   -1.4000000E+01   -5.5480879E+00   -3.1510009E+00   -1.4000000E+01   -6.6109571E+00   -3.0000000E+01   -2.3664425E+00   -9.0913734E+00   -9.3333768E+00   -9.3206185E+00   -1.0768874E+01   -1.1787363E+01   -1.1156949E+01   -2.0027818E+01   -8.0629532E+00   -6.3596688E+00   -9.3030450E+00   -1.2284352E+01   -7.3173432E+00   -8.8121606E+00   -5.1550391E+00
    1.7370000E+01    6.3701428E+00   -6.3393840E+00   -3.9999999E+00   -2.9869681E+00   -3.1301543E+00   -3.7072548E+00   -1.0198583E+01   -3.5088889E+00   -2.3257492E+00   -3.7087017E+00   -6.4491655E+00   -7.5447818E+00   -1.5829324E+01   -1.4000000E+01   -5.5303547E+00   -3.1501345E+00   -1.4000000E+01   -6.6120413E+00   -3.0000000E+01   -2.3642716E+00   -9.0988313E+00   -9.3362444E+00   -9.3301743E+00   -1.0772113E+01   -1.1791688E+01   -1.1145090E+01   -2.0017173E+01   -8.0605897E+00   -6.3550054E+00   -9.3042495E+00   -1.2286771E+01   -7.3207736E+00   -8.8071007E+00   -5.1523437E+00
    1.7550000E+01    6.3723801E+00   -6.3415684E+00   -3.9999999E+00   -2.9863108E+00   -3.1292413E+00   -3.6756543E+00   -1.0209756E+01   -3.5117171E+00   -2.3259000E+00   -3.7079079E+00   -6.4491680E+00   -7.5498332E+00   -1.5835552E+01   -1.4000000E+01   -5.5132867E+00   -3.1494426E+00   -1.4000000E+01   -6.6128568E+00   -3.0000000E+01   -2.3621170E+00   -9.1059475E+00   -9.3388861E+00   -9.3393338E+00   -1.0775105E+01   -1.1795903E+01   -1.1133584E+01   -2.0007016E+01   -8.0582852E+00   -6.3504195E+00   -9.3052203E+00   -1.2289090E+01   -7.3239135E+00   -8.8021173E+00   -5.1496656E+00
    1.7730000E+01    6.3745565E+00   -6.3436927E+00   -3.9999999E+00   -2.9856568E+00   -3.1283244E+00   -3.6452278E+00   -1.0220455E+01   -3.5145370E+00   -2.3260049E+00   -3.7073804E+00   -6.4491704E+00   -7.5545785E+00   -1.5841605E+01   -1.4000000E+01   -5.4968447E+00   -3.1489272E+00   -1.4000000E+01   -6.6134058E+00   -3.0000000E+01   -2.3599784E+00   -9.1127051E+00   -9.3412909E+00   -9.3480767E+00   -1.0777848E+01   -1.1799999E+01   -1.1122391E+01   -1.9997300E+01   -8.0560426E+00   -6.3459135E+00   -9.3059571E+00   -1.2291304E+01   -7.3267596E+00   -8.7972130E+00   -5.1470048E+00
    1.7910000E+01    6.3766609E+00   -6.3457460E+00   -3.9999999E+00   -2.9850087E+00   -3.1273862E+00   -3.6161134E+00   -1.0230619E+01   -3.5173370E+00   -2.3260604E+00   -3.7071179E+00   -6.4491727E+00   -7.5589973E+00   -1.5847451E+01   -1.4000000E+01   -5.4810537E+00   -3.1485905E+00   -1.4000000E+01   -6.6136896E+00   -3.0000000E+01   -2.3578636E+00   -9.1190644E+00   -9.3434414E+00   -9.3563527E+00   -1.0780334E+01   -1.1803957E+01   -1.1111513E+01   -1.9988015E+01   -8.0538732E+00   -6.3415067E+00   -9.3064577E+00   -1.2293398E+01   -7.3292987E+00   -8.7924092E+00   -5.1443712E+00
