# Time          5.0000E+01
# Units: Log10 mol/kgw
    Distance      pH               H+               Li+              Na+              Ca++             K+               Al+++            SiO2(aq)         CO2(aq)          O2(aq)           Methane(aq)      Fe++             Fe+++            HS-              SO4--            Mg++             Cl-              CH2O             Tracer           HCO3-            Al(OH)2+         AlO2-            AlOH++           FeOH+            FeOH++           FeSO4(aq)        FeSO4+           OH-              CO3--            FeCO3(aq)        FeCO3+           FeHCO3+          NaCO3-           NaHCO3(aq)   
    9.0000000E-02    5.8328301E+00   -5.8255601E+00   -3.9999999E+00   -4.7694200E+00   -5.0005363E+00   -5.0736855E+00   -6.9706343E+00   -4.5664945E+00   -2.9724579E+00   -3.4692228E+00   -6.4486752E+00   -7.0929252E+00   -1.4267799E+01   -1.4000000E+01   -1.4000005E+01   -5.1836263E+00   -1.4000000E+01   -4.2089216E+00   -3.0000000E+01   -3.5756415E+00   -6.7591768E+00   -8.0712154E+00   -6.5327902E+00   -1.0782176E+01   -1.0660728E+01   -1.8952298E+01   -2.6631122E+01   -8.6250753E+00   -8.1832712E+00   -1.0471535E+01   -1.2260798E+01   -7.9780952E+00   -1.2311436E+01   -8.0920182E+00
    2.7000000E-01    5.8813134E+00   -5.8732374E+00   -3.9999999E+00   -4.5416616E+00   -4.7429046E+00   -4.8427881E+00   -7.3938417E+00   -4.3011176E+00   -2.9555229E+00   -3.4784199E+00   -6.4486801E+00   -6.9678596E+00   -1.4570134E+01   -1.4000000E+01   -1.4000006E+01   -4.9242687E+00   -1.4000000E+01   -5.1237981E+00   -3.0000000E+01   -3.5093693E+00   -7.0918419E+00   -8.3069138E+00   -6.9114047E+00   -1.0611110E+01   -1.0918470E+01   -1.8833969E+01   -2.6943282E+01   -8.5757394E+00   -8.0659817E+00   -1.0235899E+01   -1.2455650E+01   -7.7900880E+00   -1.1969771E+01   -7.7996897E+00
    4.5000000E-01    5.9193008E+00   -5.9105402E+00   -3.9999999E+00   -4.4033166E+00   -4.5977571E+00   -4.6526844E+00   -7.6754632E+00   -4.1529977E+00   -2.9389145E+00   -3.4876855E+00   -6.4486847E+00   -6.9167905E+00   -1.4677621E+01   -1.4000000E+01   -1.4000007E+01   -4.7809134E+00   -1.4000000E+01   -5.9368335E+00   -3.0000000E+01   -3.4540443E+00   -7.3029422E+00   -8.4420395E+00   -7.1583306E+00   -1.0524167E+01   -1.0991262E+01   -1.8788646E+01   -2.7059126E+01   -8.5370240E+00   -7.9705077E+00   -1.0095084E+01   -1.2476003E+01   -7.6865312E+00   -1.1738837E+01   -7.6074729E+00
    6.3000000E-01    5.9486476E+00   -5.9392886E+00   -3.9999999E+00   -4.3044905E+00   -4.4974627E+00   -4.5048731E+00   -7.8783359E+00   -4.0529944E+00   -2.9215459E+00   -3.4971534E+00   -6.4486891E+00   -6.9004918E+00   -1.4760059E+01   -1.4000000E+01   -1.4000007E+01   -4.6825522E+00   -1.4000000E+01   -6.3963136E+00   -3.0000000E+01   -3.4066880E+00   -7.4518877E+00   -8.5322913E+00   -7.3347254E+00   -1.0480373E+01   -1.1047221E+01   -1.8777389E+01   -2.7148879E+01   -8.5070376E+00   -7.8919070E+00   -1.0005210E+01   -1.2487139E+01   -7.6253638E+00   -1.1563944E+01   -7.4625671E+00
    8.1000000E-01    5.9713276E+00   -5.9614312E+00   -3.9999999E+00   -4.2277120E+00   -4.4199153E+00   -4.3905594E+00   -8.0332387E+00   -3.9788754E+00   -2.9033513E+00   -3.5068475E+00   -6.4486933E+00   -6.9015046E+00   -1.4823129E+01   -1.4000000E+01   -1.4000007E+01   -4.6067516E+00   -1.4000000E+01   -6.5011318E+00   -3.0000000E+01   -3.3652354E+00   -7.5657097E+00   -8.6007533E+00   -7.4695173E+00   -1.0460372E+01   -1.1090181E+01   -1.8782944E+01   -2.7218527E+01   -8.4837808E+00   -7.8260643E+00   -9.9449080E+00   -1.2490929E+01   -7.5871633E+00   -1.1423606E+01   -7.3454869E+00
    9.9000000E-01    5.9887584E+00   -5.9783694E+00   -3.9999999E+00   -4.1648627E+00   -4.3556106E+00   -4.3010071E+00   -8.1549581E+00   -3.9207555E+00   -2.8843745E+00   -3.5167801E+00   -6.4486974E+00   -6.9102676E+00   -1.4870918E+01   -1.4000000E+01   -1.4000007E+01   -4.5439706E+00   -1.4000000E+01   -6.5073813E+00   -3.0000000E+01   -3.3282959E+00   -7.6564886E+00   -8.6566705E+00   -7.5761546E+00   -1.0453234E+01   -1.1122887E+01   -1.8795882E+01   -2.7272350E+01   -8.4658193E+00   -7.7701215E+00   -9.9018896E+00   -1.2488795E+01   -7.5610438E+00   -1.1306913E+01   -7.2467572E+00
    1.1700000E+00    6.0019485E+00   -5.9911013E+00   -3.9999999E+00   -4.1115289E+00   -4.2999405E+00   -4.2293923E+00   -8.2519394E+00   -3.8734027E+00   -2.8646688E+00   -3.5269625E+00   -6.4487014E+00   -6.9211589E+00   -1.4906333E+01   -1.4000000E+01   -1.4000007E+01   -4.4896115E+00   -1.4000000E+01   -6.4992146E+00   -3.0000000E+01   -3.2949035E+00   -7.7307364E+00   -8.7045382E+00   -7.6621254E+00   -1.0452361E+01   -1.1147292E+01   -1.8810669E+01   -2.7313385E+01   -8.4521337E+00   -7.7220720E+00   -9.8686126E+00   -1.2481767E+01   -7.5404603E+00   -1.1207489E+01   -7.1610195E+00
    1.3500000E+00    6.0116532E+00   -6.0003750E+00   -3.9999999E+00   -4.0650577E+00   -4.2504406E+00   -4.1706954E+00   -8.3291873E+00   -3.8335939E+00   -2.8442856E+00   -3.5374067E+00   -6.4487054E+00   -6.9309186E+00   -1.4931560E+01   -1.4000000E+01   -1.4000006E+01   -4.4412312E+00   -1.4000000E+01   -6.4890077E+00   -3.0000000E+01   -3.2643467E+00   -7.7920049E+00   -8.7463973E+00   -7.7317144E+00   -1.0453760E+01   -1.1164860E+01   -1.8824103E+01   -2.7343904E+01   -8.4419613E+00   -7.6804262E+00   -9.8403872E+00   -1.2470626E+01   -7.5214707E+00   -1.1121220E+01   -7.0849245E+00
    1.5300000E+00    6.0184297E+00   -6.0067425E+00   -3.9999999E+00   -4.0237354E+00   -4.2056532E+00   -4.1215554E+00   -8.3908096E+00   -3.7993643E+00   -2.8232730E+00   -3.5481259E+00   -6.4487094E+00   -6.9377836E+00   -1.4948213E+01   -1.4000000E+01   -1.4000006E+01   -4.3973927E+00   -1.4000000E+01   -6.4783148E+00   -3.0000000E+01   -3.2361113E+00   -7.8433278E+00   -8.7841672E+00   -7.7884971E+00   -1.0455124E+01   -1.1176673E+01   -1.8834462E+01   -2.7365582E+01   -8.4347397E+00   -7.6440977E+00   -9.8144045E+00   -1.2455963E+01   -7.5018182E+00   -1.1045328E+01   -7.0162548E+00
    1.7100000E+00    6.0227085E+00   -6.0106308E+00   -3.9999999E+00   -3.9863953E+00   -4.1646402E+00   -4.0796279E+00   -8.4395354E+00   -3.7693984E+00   -2.8016765E+00   -3.5591342E+00   -6.4487133E+00   -6.9409486E+00   -1.4957544E+01   -1.4000000E+01   -1.4000006E+01   -4.3571782E+00   -1.4000000E+01   -6.4673189E+00   -3.0000000E+01   -3.2098086E+00   -7.8866023E+00   -8.8188841E+00   -7.8347899E+00   -1.0455231E+01   -1.1183571E+01   -1.8840972E+01   -2.7379716E+01   -8.4300346E+00   -7.6122558E+00   -9.7890588E+00   -1.2438241E+01   -7.4803237E+00   -1.0977829E+01   -6.9534623E+00
    1.8900000E+00    6.0248322E+00   -6.0123797E+00   -3.9999999E+00   -3.9522060E+00   -4.1267445E+00   -4.0432683E+00   -8.4773749E+00   -3.7427624E+00   -2.7795391E+00   -3.5704467E+00   -6.4487172E+00   -6.9401991E+00   -1.4960553E+01   -1.4000000E+01   -1.4000006E+01   -4.3199440E+00   -1.4000000E+01   -6.4551943E+00   -3.0000000E+01   -3.1851357E+00   -7.9231758E+00   -8.8512102E+00   -7.8722742E+00   -1.0453531E+01   -1.1186225E+01   -1.8843441E+01   -2.7387340E+01   -8.4275003E+00   -7.5842461E+00   -9.7635047E+00   -1.2417842E+01   -7.4564818E+00   -1.0917250E+01   -6.8954188E+00
    2.0700000E+00    6.0269004E+00   -6.0140384E+00   -3.9999999E+00   -3.9073936E+00   -4.0872014E+00   -4.0482467E+00   -8.4199248E+00   -3.7036484E+00   -2.7570468E+00   -3.5820034E+00   -6.4487218E+00   -6.9576065E+00   -1.4963334E+01   -1.4000000E+01   -1.4000006E+01   -4.2631568E+00   -1.4000000E+01   -4.7349463E+00   -3.0000000E+01   -3.1601242E+00   -7.8648448E+00   -8.7887428E+00   -7.8146833E+00   -1.0470153E+01   -1.1188865E+01   -1.8864371E+01   -2.7395166E+01   -8.4249826E+00   -7.5558385E+00   -9.7560122E+00   -1.2397245E+01   -7.4506064E+00   -1.0845804E+01   -6.8264916E+00
    2.2500000E+00    6.0286685E+00   -6.0154152E+00   -3.9999999E+00   -3.8669630E+00   -4.0510201E+00   -4.0536676E+00   -8.4652985E+00   -3.6694002E+00   -2.7357498E+00   -3.5934611E+00   -6.4487264E+00   -6.9662447E+00   -1.4965152E+01   -1.4000000E+01   -1.4000006E+01   -4.2132534E+00   -1.4000000E+01   -4.6677651E+00   -3.0000000E+01   -3.1366267E+00   -7.9097935E+00   -8.8301553E+00   -7.8601274E+00   -1.0478252E+01   -1.1190754E+01   -1.8876385E+01   -2.7401810E+01   -8.4227834E+00   -7.5293002E+00   -9.7414727E+00   -1.2377336E+01   -7.4374026E+00   -1.0780535E+01   -6.7634233E+00
    2.4300000E+00    6.0302845E+00   -6.0166559E+00   -3.9999999E+00   -3.8301400E+00   -4.0176727E+00   -4.0594991E+00   -8.5059588E+00   -3.6390685E+00   -2.7156145E+00   -3.6048336E+00   -6.4487309E+00   -6.9690034E+00   -1.4966639E+01   -1.4000000E+01   -1.4000005E+01   -4.1687461E+00   -1.4000000E+01   -4.6489480E+00   -3.0000000E+01   -3.1144593E+00   -7.9502055E+00   -8.8673353E+00   -7.9009317E+00   -1.0480574E+01   -1.1192385E+01   -1.8882389E+01   -2.7407931E+01   -8.4207526E+00   -7.5042931E+00   -9.7224545E+00   -1.2358434E+01   -7.4195843E+00   -1.0720339E+01   -6.7052598E+00
    2.6100000E+00    6.0318214E+00   -6.0178319E+00   -3.9999999E+00   -3.7963425E+00   -3.9867487E+00   -4.0657171E+00   -8.5427155E+00   -3.6119714E+00   -2.6965711E+00   -3.6160969E+00   -6.4487355E+00   -6.9679180E+00   -1.4968008E+01   -1.4000000E+01   -1.4000005E+01   -4.1285838E+00   -1.4000000E+01   -4.6365682E+00   -3.0000000E+01   -3.0934777E+00   -7.9867568E+00   -8.9008127E+00   -7.9378406E+00   -1.0479087E+01   -1.1193906E+01   -1.8884431E+01   -2.7413758E+01   -8.4188158E+00   -7.4805950E+00   -9.7007838E+00   -1.2340549E+01   -7.3990493E+00   -1.0664419E+01   -6.6512781E+00
    2.7900000E+00    6.0333173E+00   -6.0189799E+00   -3.9999999E+00   -3.7651211E+00   -3.9579210E+00   -4.0723011E+00   -8.5762365E+00   -3.5875905E+00   -2.6785378E+00   -3.6272321E+00   -6.4487400E+00   -6.9643661E+00   -1.4969364E+01   -1.4000000E+01   -1.4000005E+01   -4.0919947E+00   -1.4000000E+01   -4.6252299E+00   -3.0000000E+01   -3.0735606E+00   -8.0200502E+00   -8.9311143E+00   -7.9714905E+00   -1.0475136E+01   -1.1195391E+01   -1.8883900E+01   -2.7419415E+01   -8.4169334E+00   -7.4580427E+00   -9.6776854E+00   -1.2323639E+01   -7.3770589E+00   -1.0612168E+01   -6.6009102E+00
    2.9700000E+00    6.0348003E+00   -6.0201270E+00   -3.9999999E+00   -3.7361211E+00   -3.9309256E+00   -4.0792337E+00   -8.6070422E+00   -3.5655226E+00   -2.6614405E+00   -3.6382198E+00   -6.4487445E+00   -6.9592650E+00   -1.4970784E+01   -1.4000000E+01   -1.4000006E+01   -4.0583957E+00   -1.4000000E+01   -4.6141768E+00   -3.0000000E+01   -3.0546048E+00   -8.0505588E+00   -8.9586569E+00   -8.0023795E+00   -1.0469611E+01   -1.1196894E+01   -1.8881722E+01   -2.7424992E+01   -8.4150762E+00   -7.4365012E+00   -9.6539512E+00   -1.2307659E+01   -7.3544322E+00   -1.0563099E+01   -6.5537004E+00
    3.1500000E+00    6.0362934E+00   -6.0212952E+00   -3.9999999E+00   -3.7090578E+00   -3.9055458E+00   -4.0865001E+00   -8.6355523E+00   -3.5454484E+00   -2.6452150E+00   -3.6490398E+00   -6.4487490E+00   -6.9532248E+00   -1.4972329E+01   -1.4000000E+01   -1.4000006E+01   -4.0273357E+00   -1.4000000E+01   -4.6033134E+00   -3.0000000E+01   -3.0365219E+00   -8.0786639E+00   -8.9837758E+00   -8.0309088E+00   -1.0463104E+01   -1.1198459E+01   -1.8878515E+01   -2.7430562E+01   -8.4132203E+00   -7.4158564E+00   -9.6300848E+00   -1.2292569E+01   -7.3316945E+00   -1.0516819E+01   -6.5092776E+00
    3.3300000E+00    6.0378161E+00   -6.0225031E+00   -3.9999999E+00   -3.6836992E+00   -3.8816016E+00   -4.0940879E+00   -8.6621118E+00   -3.5271108E+00   -2.6298054E+00   -3.6596710E+00   -6.4487535E+00   -6.9466544E+00   -1.4974053E+01   -1.4000000E+01   -1.4000006E+01   -3.9984585E+00   -1.4000000E+01   -4.5926423E+00   -3.0000000E+01   -3.0192358E+00   -8.1046785E+00   -9.0067450E+00   -8.0574084E+00   -1.0456006E+01   -1.1200123E+01   -1.8874695E+01   -2.7436186E+01   -8.4113452E+00   -7.3960100E+00   -9.6064036E+00   -1.2278333E+01   -7.3091822E+00   -1.0473001E+01   -6.4673355E+00
    3.5100000E+00    6.0393852E+00   -6.0237668E+00   -3.9999999E+00   -3.6598537E+00   -3.8589420E+00   -4.1019864E+00   -8.6870091E+00   -3.5103000E+00   -2.6151631E+00   -3.6700911E+00   -6.4487580E+00   -6.9398324E+00   -1.4975999E+01   -1.4000000E+01   -1.4000006E+01   -3.9714782E+00   -1.4000000E+01   -4.5821819E+00   -3.0000000E+01   -3.0026803E+00   -8.1288629E+00   -9.0277912E+00   -8.0821532E+00   -1.0448582E+01   -1.1201916E+01   -1.8870546E+01   -2.7441920E+01   -8.4094333E+00   -7.3768766E+00   -9.5831068E+00   -1.2264919E+01   -7.2871104E+00   -1.0431369E+01   -6.4276176E+00
    3.6900000E+00    6.0410159E+00   -6.0251008E+00   -3.9999999E+00   -3.6373614E+00   -3.8374391E+00   -4.1101868E+00   -8.7104885E+00   -3.4948426E+00   -2.6012459E+00   -3.6802769E+00   -6.4487625E+00   -6.9329532E+00   -1.4978207E+01   -1.4000000E+01   -1.4000006E+01   -3.9461620E+00   -1.4000000E+01   -4.5719536E+00   -3.0000000E+01   -2.9867974E+00   -8.1514367E+00   -9.0471037E+00   -8.1053759E+00   -1.0441012E+01   -1.1203867E+01   -1.8866268E+01   -2.7447810E+01   -8.4074690E+00   -7.3583813E+00   -9.5603193E+00   -1.2252299E+01   -7.2656184E+00   -1.0391694E+01   -6.3899075E+00
    3.8700000E+00    6.0427216E+00   -6.0265181E+00   -3.9999999E+00   -3.6160873E+00   -3.8169835E+00   -4.1186819E+00   -8.7327602E+00   -3.4805940E+00   -2.5880172E+00   -3.6902044E+00   -6.4487669E+00   -6.9261571E+00   -1.4980713E+01   -1.4000000E+01   -1.4000006E+01   -3.9223176E+00   -1.4000000E+01   -4.5619804E+00   -3.0000000E+01   -2.9715363E+00   -8.1725872E+00   -9.0648427E+00   -8.1272757E+00   -1.0433426E+01   -1.1206002E+01   -1.8862006E+01   -2.7453899E+01   -8.4054381E+00   -7.3404580E+00   -9.5381196E+00   -1.2240450E+01   -7.2447979E+00   -1.0353774E+01   -6.3540205E+00
    4.0500000E+00    6.0445151E+00   -6.0280309E+00   -3.9999999E+00   -3.5959166E+00   -3.7974809E+00   -4.1274653E+00   -8.7540072E+00   -3.4674322E+00   -2.5754452E+00   -3.6998485E+00   -6.4487714E+00   -6.9195488E+00   -1.4983551E+01   -1.4000000E+01   -1.4000006E+01   -3.8997846E+00   -1.4000000E+01   -4.5522863E+00   -3.0000000E+01   -2.9568520E+00   -8.1924760E+00   -9.0811444E+00   -8.1480253E+00   -1.0425915E+01   -1.1208343E+01   -1.8857869E+01   -2.7460227E+01   -8.4033273E+00   -7.3230476E+00   -9.5165575E+00   -1.2229353E+01   -7.2247106E+00   -1.0317440E+01   -6.3197980E+00
    4.2300000E+00    6.0464086E+00   -6.0296508E+00   -3.9999999E+00   -3.5767509E+00   -3.7788499E+00   -4.1365320E+00   -8.7743906E+00   -3.4552536E+00   -2.5635025E+00   -3.7091837E+00   -6.4487759E+00   -6.9132107E+00   -1.4986754E+01   -1.4000000E+01   -1.4000006E+01   -3.8784278E+00   -1.4000000E+01   -4.5428957E+00   -3.0000000E+01   -2.9427048E+00   -8.2112438E+00   -9.0961255E+00   -8.1677763E+00   -1.0418553E+01   -1.1210912E+01   -1.8853942E+01   -2.7466831E+01   -8.4011241E+00   -7.3060967E+00   -9.4956655E+00   -1.2218992E+01   -7.2054010E+00   -1.0282539E+01   -6.2871024E+00
    4.4100000E+00    6.0484136E+00   -6.0313891E+00   -3.9999999E+00   -3.5585051E+00   -3.7610190E+00   -4.1458780E+00   -8.7940549E+00   -3.4439698E+00   -2.5521659E+00   -3.7181837E+00   -6.4487803E+00   -6.9072103E+00   -1.4990352E+01   -1.4000000E+01   -1.4000006E+01   -3.8581322E+00   -1.4000000E+01   -4.5338342E+00   -3.0000000E+01   -2.9290591E+00   -8.2290148E+00   -9.1098864E+00   -8.1866632E+00   -1.0411396E+01   -1.1213733E+01   -1.8850296E+01   -2.7473748E+01   -8.3988165E+00   -7.2895568E+00   -9.4754660E+00   -1.2209356E+01   -7.1869024E+00   -1.0248942E+01   -6.2558139E+00
    4.5900000E+00    6.0505418E+00   -6.0332571E+00   -3.9999999E+00   -3.5411052E+00   -3.7439257E+00   -4.1554998E+00   -8.8131305E+00   -3.4335043E+00   -2.5414154E+00   -3.7268217E+00   -6.4487847E+00   -6.9016058E+00   -1.4994377E+01   -1.4000000E+01   -1.4000006E+01   -3.8387993E+00   -1.4000000E+01   -4.5251276E+00   -3.0000000E+01   -2.9158831E+00   -8.2458991E+00   -9.1225143E+00   -8.2048067E+00   -1.0404493E+01   -1.1216826E+01   -1.8846993E+01   -2.7481013E+01   -8.3963924E+00   -7.2733835E+00   -9.4559757E+00   -1.2200434E+01   -7.1692430E+00   -1.0216530E+01   -6.2258276E+00
    4.7700000E+00    6.0528049E+00   -6.0352662E+00   -3.9999999E+00   -3.5244864E+00   -3.7275149E+00   -4.1653949E+00   -8.8317373E+00   -3.4237912E+00   -2.5312345E+00   -3.7350706E+00   -6.4487891E+00   -6.8964499E+00   -1.4998862E+01   -1.4000000E+01   -1.4000006E+01   -3.8203439E+00   -1.4000000E+01   -4.5168022E+00   -3.0000000E+01   -2.9031482E+00   -8.2619956E+00   -9.1340846E+00   -8.2223164E+00   -1.0397883E+01   -1.1220214E+01   -1.8844088E+01   -2.7488664E+01   -8.3938398E+00   -7.2575357E+00   -9.4372086E+00   -1.2192223E+01   -7.1524481E+00   -1.0185199E+01   -6.1970508E+00
    4.9500000E+00    6.0552148E+00   -6.0374279E+00   -3.9999999E+00   -3.5085921E+00   -3.7117376E+00   -4.1755611E+00   -8.8499864E+00   -3.4147731E+00   -2.5216098E+00   -3.7429032E+00   -6.4487936E+00   -6.8917920E+00   -1.5003840E+01   -1.4000000E+01   -1.4000006E+01   -3.8026920E+00   -1.4000000E+01   -4.5088845E+00   -3.0000000E+01   -2.8908288E+00   -8.2773941E+00   -9.1446633E+00   -8.2392933E+00   -1.0391608E+01   -1.1223920E+01   -1.8841632E+01   -2.7496736E+01   -8.3911466E+00   -7.2419748E+00   -9.4191779E+00   -1.2184720E+01   -7.1365425E+00   -1.0154855E+01   -6.1694017E+00
    5.1300000E+00    6.0577839E+00   -6.0397545E+00   -3.9999999E+00   -3.4933719E+00   -3.6965505E+00   -4.1859970E+00   -8.8679827E+00   -3.4063999E+00   -2.5125307E+00   -3.7502926E+00   -6.4487980E+00   -6.8876799E+00   -1.5009345E+01   -1.4000000E+01   -1.4000006E+01   -3.7857791E+00   -1.4000000E+01   -4.5014011E+00   -3.0000000E+01   -2.8789017E+00   -8.2921767E+00   -9.1543077E+00   -8.2558308E+00   -1.0385701E+01   -1.1227966E+01   -1.8839675E+01   -2.7505267E+01   -8.3883000E+00   -7.2266646E+00   -9.4018973E+00   -1.2177928E+01   -7.1215521E+00   -1.0125413E+01   -6.1428073E+00
    5.3100000E+00    6.0605251E+00   -6.0422585E+00   -3.9999999E+00   -3.4787814E+00   -3.6819147E+00   -4.1967014E+00   -8.8858262E+00   -3.3986276E+00   -2.5039894E+00   -3.7572118E+00   -6.4488024E+00   -6.8841614E+00   -1.5015414E+01   -1.4000000E+01   -1.4000006E+01   -3.7695483E+00   -1.4000000E+01   -4.4943782E+00   -3.0000000E+01   -2.8673460E+00   -8.3064193E+00   -9.1630679E+00   -8.2720173E+00   -1.0380200E+01   -1.1232378E+01   -1.8838267E+01   -2.7514297E+01   -8.3852870E+00   -7.2115703E+00   -9.3853816E+00   -1.2171850E+01   -7.1075044E+00   -1.0096794E+01   -6.1172027E+00
    5.4900000E+00    6.0634521E+00   -6.0449534E+00   -3.9999999E+00   -3.4647812E+00   -3.6677954E+00   -4.2076734E+00   -8.9036132E+00   -3.3914178E+00   -2.4959807E+00   -3.7636348E+00   -6.4488067E+00   -6.8812847E+00   -1.5022086E+01   -1.4000000E+01   -1.4000006E+01   -3.7539496E+00   -1.4000000E+01   -4.4878418E+00   -3.0000000E+01   -2.8561426E+00   -8.3201930E+00   -9.1709877E+00   -8.2879368E+00   -1.0375138E+01   -1.1237183E+01   -1.8837458E+01   -2.7523868E+01   -8.3820936E+00   -7.1966586E+00   -9.3696477E+00   -1.2166495E+01   -7.0944296E+00   -1.0068926E+01   -6.0925298E+00
    5.6700000E+00    6.0665793E+00   -6.0478537E+00   -3.9999999E+00   -3.4513358E+00   -3.6541612E+00   -4.2189125E+00   -8.9214386E+00   -3.3847366E+00   -2.4885022E+00   -3.7695361E+00   -6.4488111E+00   -6.8790997E+00   -1.5029404E+01   -1.4000000E+01   -1.4000006E+01   -3.7389386E+00   -1.4000000E+01   -4.4818172E+00   -3.0000000E+01   -2.8452741E+00   -8.3335648E+00   -9.1781049E+00   -8.3036702E+00   -1.0370553E+01   -1.1242408E+01   -1.8837300E+01   -2.7534023E+01   -8.3787052E+00   -7.1818973E+00   -9.3547144E+00   -1.2161876E+01   -7.0823610E+00   -1.0041743E+01   -6.0687364E+00
    5.8500000E+00    6.0699225E+00   -6.0509745E+00   -3.9999999E+00   -3.4384137E+00   -3.6409842E+00   -4.2304182E+00   -8.9393959E+00   -3.3785542E+00   -2.4815538E+00   -3.7748916E+00   -6.4488155E+00   -6.8776583E+00   -1.5037411E+01   -1.4000000E+01   -1.4000006E+01   -3.7244757E+00   -1.4000000E+01   -4.4763286E+00   -3.0000000E+01   -2.8347250E+00   -8.3465986E+00   -9.1844524E+00   -8.3192966E+00   -1.0366481E+01   -1.1248085E+01   -1.8837845E+01   -2.7544810E+01   -8.3751059E+00   -7.1672545E+00   -9.3406033E+00   -1.2158007E+01   -7.0713355E+00   -1.0015181E+01   -6.0457755E+00
    6.0300000E+00    6.0734983E+00   -6.0543327E+00   -3.9999999E+00   -3.4259867E+00   -3.6282387E+00   -4.2421902E+00   -8.9575794E+00   -3.3728442E+00   -2.4751381E+00   -3.7796783E+00   -6.4488198E+00   -6.8770149E+00   -1.5046158E+01   -1.4000000E+01   -1.4000006E+01   -3.7105256E+00   -1.4000000E+01   -4.4713993E+00   -3.0000000E+01   -2.8244809E+00   -8.3593564E+00   -9.1900587E+00   -8.3348941E+00   -1.0362960E+01   -1.1254246E+01   -1.8839149E+01   -2.7556279E+01   -8.3712790E+00   -7.1526986E+00   -9.3273385E+00   -1.2154907E+01   -7.0613938E+00   -9.9891823E+00   -6.0236048E+00
    6.2100000E+00    6.0773248E+00   -6.0579461E+00   -3.9999999E+00   -3.4140293E+00   -3.6159017E+00   -4.2542282E+00   -8.9760846E+00   -3.3675838E+00   -2.4692603E+00   -3.7838751E+00   -6.4488241E+00   -6.8772273E+00   -1.5055696E+01   -1.4000000E+01   -1.4000006E+01   -3.6970569E+00   -1.4000000E+01   -4.4670508E+00   -3.0000000E+01   -2.8145287E+00   -8.3718985E+00   -9.1949476E+00   -8.3505409E+00   -1.0360030E+01   -1.1260926E+01   -1.8841271E+01   -2.7568486E+01   -8.3672060E+00   -7.1381980E+00   -9.3149473E+00   -1.2152600E+01   -7.0525813E+00   -9.9636893E+00   -6.0021862E+00
    6.3900000E+00    6.0814219E+00   -6.0618345E+00   -3.9999999E+00   -3.4025187E+00   -3.6039524E+00   -4.2665317E+00   -8.9950096E+00   -3.3627526E+00   -2.4639286E+00   -3.7874628E+00   -6.4488285E+00   -6.8783571E+00   -1.5066085E+01   -1.4000000E+01   -1.4000006E+01   -3.6840410E+00   -1.4000000E+01   -4.4633032E+00   -3.0000000E+01   -2.8048567E+00   -8.3842846E+00   -9.1991395E+00   -8.3663160E+00   -1.0357733E+01   -1.1268165E+01   -1.8844275E+01   -2.7581490E+01   -8.3628671E+00   -7.1237208E+00   -9.3034603E+00   -1.2151113E+01   -7.0449482E+00   -9.9386480E+00   -5.9814852E+00
    6.5700000E+00    6.0858111E+00   -6.0660191E+00   -3.9999999E+00   -3.3914343E+00   -3.5923719E+00   -4.2791001E+00   -9.0144563E+00   -3.3583331E+00   -2.4591536E+00   -3.7904242E+00   -6.4488327E+00   -6.8804701E+00   -1.5077388E+01   -1.4000000E+01   -1.4000006E+01   -3.6714527E+00   -1.4000000E+01   -4.4601742E+00   -3.0000000E+01   -2.7954539E+00   -8.3965744E+00   -9.2026510E+00   -8.3823005E+00   -1.0356114E+01   -1.1276005E+01   -1.8848225E+01   -2.7595355E+01   -8.3582406E+00   -7.1092342E+00   -9.2929114E+00   -1.2150480E+01   -7.0385498E+00   -9.9140056E+00   -5.9614707E+00
    6.7500000E+00    6.0905160E+00   -6.0705237E+00   -3.9999999E+00   -3.3807576E+00   -3.5811428E+00   -4.2919326E+00   -9.0345317E+00   -3.3543099E+00   -2.4549494E+00   -3.7927448E+00   -6.4488370E+00   -6.8836370E+00   -1.5089675E+01   -1.4000000E+01   -1.4000006E+01   -3.6592688E+00   -1.4000000E+01   -4.4576797E+00   -3.0000000E+01   -2.7863105E+00   -8.4088283E+00   -9.2054951E+00   -8.3985779E+00   -1.0355221E+01   -1.1284494E+01   -1.8853194E+01   -2.7610154E+01   -8.3533029E+00   -7.0947045E+00   -9.2833384E+00   -1.2150736E+01   -7.0334475E+00   -9.8897101E+00   -5.9421144E+00
    6.9300000E+00    6.0955627E+00   -6.0753741E+00   -3.9999999E+00   -3.3704720E+00   -3.5702496E+00   -4.3050278E+00   -9.0553489E+00   -3.3506700E+00   -2.4513330E+00   -3.7944125E+00   -6.4488413E+00   -6.8879345E+00   -1.5103023E+01   -1.4000000E+01   -1.4000006E+01   -3.6474688E+00   -1.4000000E+01   -4.4558327E+00   -3.0000000E+01   -2.7774176E+00   -8.4211083E+00   -9.2076817E+00   -8.4152361E+00   -1.0355104E+01   -1.1293683E+01   -1.8859260E+01   -2.7625964E+01   -8.3480278E+00   -7.0800965E+00   -9.2747834E+00   -1.2151925E+01   -7.0297093E+00   -9.8657102E+00   -5.9233909E+00
    7.1100000E+00    6.1009798E+00   -6.0805989E+00   -3.9999999E+00   -3.3605625E+00   -3.5596781E+00   -4.3183838E+00   -9.0770288E+00   -3.3474022E+00   -2.4483252E+00   -3.7954183E+00   -6.4488455E+00   -6.8934453E+00   -1.5117517E+01   -1.4000000E+01   -1.4000006E+01   -3.6360338E+00   -1.4000000E+01   -4.4546439E+00   -3.0000000E+01   -2.7687671E+00   -8.4334783E+00   -9.2092176E+00   -8.4323675E+00   -1.0355817E+01   -1.1303629E+01   -1.8866505E+01   -2.7642872E+01   -8.3423866E+00   -7.0653731E+00   -9.2672927E+00   -1.2154098E+01   -7.0274101E+00   -9.8419540E+00   -5.9052774E+00
    7.2900000E+00    6.1067991E+00   -6.0862299E+00   -3.9999999E+00   -3.3510157E+00   -3.5494153E+00   -4.3319983E+00   -9.0997017E+00   -3.3444973E+00   -2.4459504E+00   -3.7957559E+00   -6.4488497E+00   -6.9002597E+00   -1.5133253E+01   -1.4000000E+01   -1.4000006E+01   -3.6249471E+00   -1.4000000E+01   -4.4541209E+00   -3.0000000E+01   -2.7603516E+00   -8.4460057E+00   -9.2101062E+00   -8.4500710E+00   -1.0357419E+01   -1.1314395E+01   -1.8875021E+01   -2.7660974E+01   -8.3363473E+00   -7.0504951E+00   -9.2609179E+00   -1.2157309E+01   -7.0266333E+00   -9.8183891E+00   -5.8877533E+00
    7.4700000E+00    6.1130562E+00   -6.0923024E+00   -3.9999999E+00   -3.3418196E+00   -3.5394497E+00   -4.3458679E+00   -9.1235092E+00   -3.3419479E+00   -2.4442376E+00   -3.7954222E+00   -6.4488539E+00   -6.9084765E+00   -1.5150336E+01   -1.4000000E+01   -1.4000005E+01   -3.6141935E+00   -1.4000000E+01   -4.4542685E+00   -3.0000000E+01   -2.7521646E+00   -8.4587616E+00   -9.2103480E+00   -8.4684531E+00   -1.0359975E+01   -1.1326053E+01   -1.8884906E+01   -2.7680375E+01   -8.3298745E+00   -7.0354202E+00   -9.2557157E+00   -1.2161623E+01   -7.0274711E+00   -9.7949615E+00   -5.8707999E+00
    7.6500000E+00    6.1197905E+00   -6.0988560E+00   -3.9999999E+00   -3.3329636E+00   -3.5297706E+00   -4.3599884E+00   -9.1486064E+00   -3.3397482E+00   -2.4432205E+00   -3.7944172E+00   -6.4488581E+00   -6.9182040E+00   -1.5168886E+01   -1.4000000E+01   -1.4000005E+01   -3.6037592E+00   -1.4000000E+01   -4.4550883E+00   -3.0000000E+01   -2.7442002E+00   -8.4718223E+00   -9.2099401E+00   -8.4876296E+00   -1.0363551E+01   -1.1338682E+01   -1.8896269E+01   -2.7701195E+01   -8.3229286E+00   -7.0201029E+00   -9.2517493E+00   -1.2167114E+01   -7.0300260E+00   -9.7716152E+00   -5.8544009E+00
    7.8300000E+00    6.1270464E+00   -6.1059350E+00   -3.9999999E+00   -3.3244381E+00   -3.5203685E+00   -4.3743541E+00   -9.1751643E+00   -3.3378941E+00   -2.4429383E+00   -3.7927440E+00   -6.4488622E+00   -6.9295614E+00   -1.5189033E+01   -1.4000000E+01   -1.4000005E+01   -3.5936320E+00   -1.4000000E+01   -4.4565790E+00   -3.0000000E+01   -2.7364531E+00   -8.4852705E+00   -9.2088764E+00   -8.5077274E+00   -1.0368224E+01   -1.1352369E+01   -1.8909229E+01   -2.7723568E+01   -8.3154652E+00   -7.0044936E+00   -9.2490887E+00   -1.2173865E+01   -7.0344124E+00   -9.7482912E+00   -5.8385417E+00
    8.0100000E+00    6.1348740E+00   -6.1135893E+00   -3.9999999E+00   -3.3162349E+00   -3.5112349E+00   -4.3889552E+00   -9.2033725E+00   -3.3363840E+00   -2.4434363E+00   -3.7904087E+00   -6.4488663E+00   -6.9426792E+00   -1.5210929E+01   -1.4000000E+01   -1.4000005E+01   -3.5838011E+00   -1.4000000E+01   -4.4587547E+00   -3.0000000E+01   -2.7289189E+00   -8.4991959E+00   -9.2071467E+00   -8.5288862E+00   -1.0374075E+01   -1.1367216E+01   -1.8923918E+01   -2.7747642E+01   -8.3074343E+00   -6.9885377E+00   -9.2478096E+00   -1.2181972E+01   -7.0407562E+00   -9.7249264E+00   -5.8232092E+00
    8.1900000E+00    6.1434515E+00   -6.1219979E+00   -3.9999999E+00   -3.3078319E+00   -3.5026532E+00   -4.3921774E+00   -9.2332206E+00   -3.3383393E+00   -2.4447770E+00   -3.7873985E+00   -6.4488703E+00   -6.9479098E+00   -1.5235206E+01   -1.4000000E+01   -1.4000005E+01   -3.5748679E+00   -1.4000000E+01   -5.1015447E+00   -3.0000000E+01   -2.7214820E+00   -8.5132280E+00   -9.2040237E+00   -8.5509153E+00   -1.0371274E+01   -1.1383674E+01   -1.8930683E+01   -2.7774046E+01   -8.2986581E+00   -6.9719427E+00   -9.2379682E+00   -1.2191770E+01   -7.0392922E+00   -9.7007048E+00   -5.8077651E+00
    8.3700000E+00    6.1519949E+00   -6.1303759E+00   -3.9999999E+00   -3.2997430E+00   -3.4943029E+00   -4.3954939E+00   -9.2608689E+00   -3.3405233E+00   -2.4462860E+00   -3.7842305E+00   -6.4488743E+00   -6.9572129E+00   -1.5259303E+01   -1.4000000E+01   -1.4000005E+01   -3.5661769E+00   -1.4000000E+01   -5.6692040E+00   -3.0000000E+01   -2.7142515E+00   -8.5250997E+00   -9.1988088E+00   -8.5707617E+00   -1.0372569E+01   -1.1399969E+01   -1.8941489E+01   -2.7800225E+01   -8.2899200E+00   -6.9556003E+00   -9.2324206E+00   -1.2201595E+01   -7.0420919E+00   -9.6770338E+00   -5.7928336E+00
    8.5500000E+00    6.1603598E+00   -6.1385790E+00   -3.9999999E+00   -3.2919484E+00   -3.4861813E+00   -4.3987902E+00   -9.2875812E+00   -3.3429162E+00   -2.4478079E+00   -3.7810383E+00   -6.4488783E+00   -6.9695114E+00   -1.5282906E+01   -1.4000000E+01   -1.4000005E+01   -3.5577119E+00   -1.4000000E+01   -6.0431595E+00   -3.0000000E+01   -2.7072163E+00   -8.5363648E+00   -9.1933439E+00   -8.5898344E+00   -1.0377027E+01   -1.1415932E+01   -1.8955261E+01   -2.7825867E+01   -8.2813642E+00   -6.9396428E+00   -9.2302235E+00   -1.2211267E+01   -7.0480676E+00   -9.6540269E+00   -5.7783839E+00
    8.7300000E+00    6.1685249E+00   -6.1465854E+00   -3.9999999E+00   -3.2844294E+00   -3.4782773E+00   -4.4020359E+00   -9.3133066E+00   -3.3454987E+00   -2.4493110E+00   -3.7778459E+00   -6.4488822E+00   -6.9839694E+00   -1.5305946E+01   -1.4000000E+01   -1.4000004E+01   -3.5494612E+00   -1.4000000E+01   -6.1941582E+00   -3.0000000E+01   -2.7003657E+00   -8.5470165E+00   -9.1876654E+00   -8.6081046E+00   -1.0383834E+01   -1.1431517E+01   -1.8971164E+01   -2.7850905E+01   -8.2730119E+00   -6.9240804E+00   -9.2305527E+00   -1.2220732E+01   -7.0563733E+00   -9.6316765E+00   -5.7643871E+00
    8.9100000E+00    6.1764924E+00   -6.1543975E+00   -3.9999999E+00   -3.2771689E+00   -3.4705798E+00   -4.4052215E+00   -9.3380773E+00   -3.3482534E+00   -2.4507877E+00   -3.7746584E+00   -6.4488861E+00   -6.9999429E+00   -1.5328427E+01   -1.4000000E+01   -1.4000004E+01   -3.5414144E+00   -1.4000000E+01   -6.2365173E+00   -3.0000000E+01   -2.6936899E+00   -8.5570838E+00   -9.1817977E+00   -8.6256030E+00   -1.0392344E+01   -1.1446726E+01   -1.8988555E+01   -2.7875347E+01   -8.2648606E+00   -6.9089008E+00   -9.2327530E+00   -1.2229983E+01   -7.0663560E+00   -9.6099535E+00   -5.7508167E+00
    9.0900000E+00    6.1842690E+00   -6.1620216E+00   -3.9999999E+00   -3.2701509E+00   -3.4630784E+00   -4.4083434E+00   -9.3619398E+00   -3.3511641E+00   -2.4522361E+00   -3.7714767E+00   -6.4488900E+00   -7.0169361E+00   -1.5350367E+01   -1.4000000E+01   -1.4000004E+01   -3.5335610E+00   -1.4000000E+01   -6.2484635E+00   -3.0000000E+01   -2.6871799E+00   -8.5666008E+00   -9.1757615E+00   -8.6423701E+00   -1.0402056E+01   -1.1461570E+01   -1.9006940E+01   -2.7899209E+01   -8.2569036E+00   -6.8940876E+00   -9.2363137E+00   -1.2239022E+01   -7.0775115E+00   -9.5888266E+00   -5.7376481E+00
    9.2700000E+00    6.1918618E+00   -6.1694648E+00   -3.9999999E+00   -3.2633610E+00   -3.4557644E+00   -4.4113995E+00   -9.3849400E+00   -3.3542161E+00   -2.4536549E+00   -3.7683012E+00   -6.4488939E+00   -7.0345693E+00   -1.5371785E+01   -1.4000000E+01   -1.4000004E+01   -3.5258906E+00   -1.4000000E+01   -6.2535134E+00   -3.0000000E+01   -2.6808273E+00   -8.5756003E+00   -9.1695754E+00   -8.6584452E+00   -1.0412582E+01   -1.1476063E+01   -1.9025940E+01   -2.7922515E+01   -8.2491335E+00   -6.8796250E+00   -9.2408403E+00   -1.2247853E+01   -7.0894523E+00   -9.5682657E+00   -5.7248586E+00
    9.4500000E+00    6.1992775E+00   -6.1767336E+00   -3.9999999E+00   -3.2567857E+00   -3.4486306E+00   -4.4143885E+00   -9.4071206E+00   -3.3573960E+00   -2.4550433E+00   -3.7651319E+00   -6.4488977E+00   -7.0525536E+00   -1.5392698E+01   -1.4000000E+01   -1.4000004E+01   -3.5183925E+00   -1.4000000E+01   -6.2570849E+00   -3.0000000E+01   -2.6746245E+00   -8.5841127E+00   -9.1632565E+00   -8.6738651E+00   -1.0423628E+01   -1.1490215E+01   -1.9045267E+01   -2.7945281E+01   -8.2415437E+00   -6.8654984E+00   -9.2460301E+00   -1.2256483E+01   -7.1018823E+00   -9.5482434E+00   -5.7124275E+00
    9.6300000E+00    6.2065221E+00   -6.1838340E+00   -3.9999999E+00   -3.2504127E+00   -3.4416719E+00   -4.4173092E+00   -9.4285208E+00   -3.3606913E+00   -2.4564002E+00   -3.7619688E+00   -6.4489015E+00   -7.0706724E+00   -1.5413123E+01   -1.4000000E+01   -1.4000004E+01   -3.5110547E+00   -1.4000000E+01   -6.2603413E+00   -3.0000000E+01   -2.6685643E+00   -8.5921661E+00   -9.1568208E+00   -8.6886634E+00   -1.0434971E+01   -1.1504039E+01   -1.9064706E+01   -2.7967528E+01   -8.2341278E+00   -6.8516940E+00   -9.2516541E+00   -1.2264914E+01   -7.1145782E+00   -9.5287342E+00   -5.7003354E+00
    9.8100000E+00    6.2136009E+00   -6.1907711E+00   -3.9999999E+00   -3.2442306E+00   -3.4348858E+00   -4.4201608E+00   -9.4491766E+00   -3.3640907E+00   -2.4577247E+00   -3.7588119E+00   -6.4489053E+00   -7.0887660E+00   -1.5433075E+01   -1.4000000E+01   -1.4000003E+01   -3.5038636E+00   -1.4000000E+01   -6.2635273E+00   -3.0000000E+01   -2.6626401E+00   -8.5997865E+00   -9.1502834E+00   -8.7028713E+00   -1.0446446E+01   -1.1517543E+01   -1.9084098E+01   -2.7989269E+01   -8.2268804E+00   -6.8381995E+00   -9.2575409E+00   -1.2273151E+01   -7.1273742E+00   -9.5097146E+00   -5.6885646E+00
    9.9900000E+00    6.2205190E+00   -6.1975499E+00   -3.9999999E+00   -3.2382287E+00   -3.4282722E+00   -4.4229427E+00   -9.4691210E+00   -3.3675834E+00   -2.4590153E+00   -3.7556612E+00   -6.4489090E+00   -7.1067193E+00   -1.5452567E+01   -1.4000000E+01   -1.4000003E+01   -3.4968038E+00   -1.4000000E+01   -6.2666940E+00   -3.0000000E+01   -2.6568455E+00   -8.6069978E+00   -9.1436585E+00   -8.7165172E+00   -1.0457935E+01   -1.1530736E+01   -1.9103328E+01   -2.8010521E+01   -8.2197965E+00   -6.8250034E+00   -9.2635651E+00   -1.2281196E+01   -7.1401493E+00   -9.4911632E+00   -5.6770984E+00
    1.0170000E+01    6.2272807E+00   -6.2041747E+00   -3.9999999E+00   -3.2323972E+00   -3.4218338E+00   -4.4256542E+00   -9.4883841E+00   -3.3711598E+00   -2.4602710E+00   -3.7525168E+00   -6.4489127E+00   -7.1244519E+00   -1.5471611E+01   -1.4000000E+01   -1.4000003E+01   -3.4898578E+00   -1.4000000E+01   -6.2698518E+00   -3.0000000E+01   -2.6511750E+00   -8.6138222E+00   -9.1369595E+00   -8.7296274E+00   -1.0469351E+01   -1.1543627E+01   -1.9122318E+01   -2.8031297E+01   -8.2128716E+00   -6.8120953E+00   -9.2696363E+00   -1.2289053E+01   -7.1528177E+00   -9.4730601E+00   -5.6659214E+00
    1.0350000E+01    6.2338899E+00   -6.2106491E+00   -3.9999999E+00   -3.2267271E+00   -3.4155755E+00   -4.4282949E+00   -9.5069938E+00   -3.3748107E+00   -2.4614901E+00   -3.7493786E+00   -6.4489164E+00   -7.1419093E+00   -1.5490217E+01   -1.4000000E+01   -1.4000003E+01   -3.4830065E+00   -1.4000000E+01   -6.2730030E+00   -3.0000000E+01   -2.6456229E+00   -8.6202803E+00   -9.1301993E+00   -8.7422263E+00   -1.0480638E+01   -1.1556223E+01   -1.9141013E+01   -2.8051607E+01   -8.2061017E+00   -6.7994655E+00   -9.2756914E+00   -1.2296723E+01   -7.1653200E+00   -9.4553868E+00   -5.6550194E+00
    1.0530000E+01    6.2403500E+00   -6.2169766E+00   -3.9999999E+00   -3.2212100E+00   -3.4095037E+00   -4.4308643E+00   -9.5249751E+00   -3.3785277E+00   -2.4626712E+00   -3.7462466E+00   -6.4489201E+00   -7.1590568E+00   -1.5508396E+01   -1.4000000E+01   -1.4000003E+01   -3.4762297E+00   -1.4000000E+01   -6.2761479E+00   -3.0000000E+01   -2.6401842E+00   -8.6263913E+00   -9.1233901E+00   -8.7543359E+00   -1.0491758E+01   -1.1568530E+01   -1.9159380E+01   -2.8071463E+01   -8.1994832E+00   -6.7871053E+00   -9.2816875E+00   -1.2304209E+01   -7.1776166E+00   -9.4381266E+00   -5.6443789E+00
    1.0710000E+01    6.2466641E+00   -6.2231602E+00   -3.9999999E+00   -3.2158378E+00   -3.4036256E+00   -4.4333619E+00   -9.5423512E+00   -3.3823030E+00   -2.4638125E+00   -3.7431208E+00   -6.4489238E+00   -7.1758736E+00   -1.5526156E+01   -1.4000000E+01   -1.4000003E+01   -3.4695078E+00   -1.4000000E+01   -6.2792865E+00   -3.0000000E+01   -2.6348542E+00   -8.6321726E+00   -9.1165433E+00   -8.7659766E+00   -1.0502686E+01   -1.1580554E+01   -1.9177397E+01   -2.8090874E+01   -8.1930131E+00   -6.7750066E+00   -9.2875965E+00   -1.2311511E+01   -7.1896823E+00   -9.4212638E+00   -5.6339874E+00
    1.0890000E+01    6.2528346E+00   -6.2292023E+00   -3.9999999E+00   -3.2106032E+00   -3.3979474E+00   -4.4357869E+00   -9.5591426E+00   -3.3861291E+00   -2.4649124E+00   -3.7400012E+00   -6.4489274E+00   -7.1923489E+00   -1.5543503E+01   -1.4000000E+01   -1.4000003E+01   -3.4628225E+00   -1.4000000E+01   -6.2824189E+00   -3.0000000E+01   -2.6296284E+00   -8.6376404E+00   -9.1096699E+00   -8.7771668E+00   -1.0513410E+01   -1.1592300E+01   -1.9195056E+01   -2.8109848E+01   -8.1866887E+00   -6.7631620E+00   -9.2934010E+00   -1.2318630E+01   -7.2015023E+00   -9.4047840E+00   -5.6238333E+00
    1.1070000E+01    6.2588640E+00   -6.2351050E+00   -3.9999999E+00   -3.2054995E+00   -3.3924736E+00   -4.4381380E+00   -9.5753679E+00   -3.3899992E+00   -2.4659687E+00   -3.7368879E+00   -6.4489310E+00   -7.2084787E+00   -1.5560443E+01   -1.4000000E+01   -1.4000002E+01   -3.4561589E+00   -1.4000000E+01   -6.2855451E+00   -3.0000000E+01   -2.6245024E+00   -8.6428094E+00   -9.1027802E+00   -8.7879233E+00   -1.0523924E+01   -1.1603771E+01   -1.9212353E+01   -2.8128391E+01   -8.1805077E+00   -6.7515649E+00   -9.2990907E+00   -1.2325567E+01   -7.2130684E+00   -9.3886741E+00   -5.6139057E+00
    1.1250000E+01    6.2647539E+00   -6.2408702E+00   -3.9999999E+00   -3.2005201E+00   -3.3872057E+00   -4.4404126E+00   -9.5910437E+00   -3.3939068E+00   -2.4669794E+00   -3.7337808E+00   -6.4489346E+00   -7.2242633E+00   -1.5576981E+01   -1.4000000E+01   -1.4000002E+01   -3.4495061E+00   -1.4000000E+01   -6.2886650E+00   -3.0000000E+01   -2.6194724E+00   -8.6476929E+00   -9.0958839E+00   -8.7982611E+00   -1.0534226E+01   -1.1614972E+01   -1.9229289E+01   -2.8146510E+01   -8.1744682E+00   -6.7402092E+00   -9.3046606E+00   -1.2332320E+01   -7.2243773E+00   -9.3729218E+00   -5.6041941E+00
    1.1430000E+01    6.2705058E+00   -6.2464992E+00   -3.9999999E+00   -3.1956590E+00   -3.3821414E+00   -4.4426068E+00   -9.6061844E+00   -3.3978458E+00   -2.4679422E+00   -3.7306798E+00   -6.4489382E+00   -7.2397055E+00   -1.5593122E+01   -1.4000000E+01   -1.4000002E+01   -3.4428588E+00   -1.4000000E+01   -6.2917786E+00   -3.0000000E+01   -2.6145344E+00   -8.6523032E+00   -9.0889903E+00   -8.8081934E+00   -1.0544318E+01   -1.1625904E+01   -1.9245866E+01   -2.8164209E+01   -8.1685686E+00   -6.7290894E+00   -9.3101085E+00   -1.2338889E+01   -7.2354283E+00   -9.3575159E+00   -5.5946890E+00
    1.1610000E+01    6.2761209E+00   -6.2519930E+00   -3.9999999E+00   -3.1909106E+00   -3.3772740E+00   -4.4447134E+00   -9.6208030E+00   -3.4018104E+00   -2.4688548E+00   -3.7275851E+00   -6.4489418E+00   -7.2548094E+00   -1.5608867E+01   -1.4000000E+01   -1.4000002E+01   -3.4362169E+00   -1.4000000E+01   -6.2948858E+00   -3.0000000E+01   -2.6096850E+00   -8.6566513E+00   -9.0821083E+00   -8.8177325E+00   -1.0554203E+01   -1.1636570E+01   -1.9262090E+01   -2.8181491E+01   -8.1628079E+00   -6.7182008E+00   -9.3154343E+00   -1.2345273E+01   -7.2462222E+00   -9.3424461E+00   -5.5853813E+00
    1.1790000E+01    6.2815999E+00   -6.2573524E+00   -3.9999999E+00   -3.1862695E+00   -3.3725927E+00   -4.4467207E+00   -9.6349111E+00   -3.4057952E+00   -2.4697145E+00   -3.7244966E+00   -6.4489454E+00   -7.2695799E+00   -1.5624219E+01   -1.4000000E+01   -1.4000002E+01   -3.4295863E+00   -1.4000000E+01   -6.2979868E+00   -3.0000000E+01   -2.6049206E+00   -8.6607479E+00   -9.0752469E+00   -8.8268893E+00   -1.0563885E+01   -1.1646971E+01   -1.9277966E+01   -2.8198359E+01   -8.1571851E+00   -6.7075388E+00   -9.3206387E+00   -1.2351469E+01   -7.2567606E+00   -9.3277031E+00   -5.5762623E+00
    1.1970000E+01    6.2869432E+00   -6.2625778E+00   -3.9999999E+00   -3.1817308E+00   -3.3680828E+00   -4.4486106E+00   -9.6485193E+00   -3.4097950E+00   -2.4705186E+00   -3.7214143E+00   -6.4489489E+00   -7.2840214E+00   -1.5639179E+01   -1.4000000E+01   -1.3999942E+01   -3.4229778E+00   -1.4000000E+01   -6.3010814E+00   -3.0000000E+01   -2.6002382E+00   -8.6646031E+00   -9.0684156E+00   -8.8356745E+00   -1.0573369E+01   -1.1657107E+01   -1.9293439E+01   -2.8214754E+01   -8.1516998E+00   -6.6970997E+00   -9.3257232E+00   -1.2357476E+01   -7.2670451E+00   -9.3132782E+00   -5.5673239E+00
    1.2150000E+01    6.2921508E+00   -6.2676690E+00   -3.9999999E+00   -3.1772897E+00   -3.3637265E+00   -4.4503551E+00   -9.6616380E+00   -3.4138049E+00   -2.4712641E+00   -3.7183381E+00   -6.4489524E+00   -7.2981382E+00   -1.5653745E+01   -1.4000000E+01   -1.3815260E+01   -3.4164061E+00   -1.4000000E+01   -6.3041696E+00   -3.0000000E+01   -2.5956345E+00   -8.6682277E+00   -9.0616248E+00   -8.8440986E+00   -1.0582659E+01   -1.1666979E+01   -1.9123952E+01   -2.8046115E+01   -8.1463518E+00   -6.6868802E+00   -9.3306888E+00   -1.2363290E+01   -7.2770768E+00   -9.2991636E+00   -5.5585585E+00
    1.2330000E+01    6.2972221E+00   -6.2726255E+00   -3.9999999E+00   -3.1729428E+00   -3.3595041E+00   -4.4519117E+00   -9.6742774E+00   -3.4178198E+00   -2.4719479E+00   -3.7152682E+00   -6.4489559E+00   -7.3119152E+00   -1.5667916E+01   -1.4000000E+01   -1.0692385E+01   -3.4098897E+00   -1.4000000E+01   -6.3072514E+00   -3.0000000E+01   -2.5911073E+00   -8.6716335E+00   -9.0548880E+00   -8.8521725E+00   -1.0591741E+01   -1.1676585E+01   -1.6015919E+01   -2.4938870E+01   -8.1411420E+00   -6.6768785E+00   -9.3355192E+00   -1.2368908E+01   -7.2868388E+00   -9.2853541E+00   -5.5499601E+00
    1.2510000E+01    6.3003926E+00   -6.2757245E+00   -3.9999999E+00   -3.1721762E+00   -3.3565946E+00   -4.4474045E+00   -9.9387390E+00   -3.4198294E+00   -2.4725686E+00   -3.7121867E+00   -6.4489581E+00   -7.2145215E+00   -1.5676138E+01   -1.4000000E+01   -7.1078908E+00   -3.4052747E+00   -1.4000000E+01   -6.3075278E+00   -3.0000000E+01   -2.5884703E+00   -8.9303204E+00   -9.3072339E+00   -9.1137786E+00   -1.0491411E+01   -1.1681951E+01   -1.2334694E+01   -2.1363506E+01   -8.1378851E+00   -6.6708198E+00   -9.2327244E+00   -1.2371974E+01   -7.1871273E+00   -9.2788651E+00   -5.5467287E+00
    1.2690000E+01    6.3035304E+00   -6.2787913E+00   -3.9999999E+00   -3.1714159E+00   -3.3537331E+00   -4.4428610E+00   -9.9485312E+00   -3.4218397E+00   -2.4731836E+00   -3.7092487E+00   -6.4489602E+00   -7.1722287E+00   -1.5684666E+01   -1.4000000E+01   -6.8054452E+00   -3.4007051E+00   -1.4000000E+01   -6.3099668E+00   -3.0000000E+01   -2.5858611E+00   -8.9343984E+00   -9.3050365E+00   -9.1207451E+00   -1.0446213E+01   -1.1687653E+01   -1.1990614E+01   -2.1070488E+01   -8.1346617E+00   -6.6648236E+00   -9.1850876E+00   -1.2375400E+01   -7.1425418E+00   -9.2724420E+00   -5.5435298E+00
    1.2870000E+01    6.3066334E+00   -6.2818240E+00   -3.9999999E+00   -3.1706618E+00   -3.3509144E+00   -4.4382678E+00   -9.9579184E+00   -3.4238538E+00   -2.4737896E+00   -3.7064654E+00   -6.4489624E+00   -7.1541687E+00   -1.5693197E+01   -1.4000000E+01   -6.6279509E+00   -3.3961855E+00   -1.4000000E+01   -6.3126881E+00   -3.0000000E+01   -2.5832783E+00   -8.9381360E+00   -9.3025680E+00   -9.1273386E+00   -1.0425280E+01   -1.1693390E+01   -1.1795713E+01   -2.0902418E+01   -8.1314736E+00   -6.6588904E+00   -9.1617414E+00   -1.2378885E+01   -7.1222129E+00   -9.2660854E+00   -5.5403620E+00
    1.3050000E+01    6.3097028E+00   -6.2848236E+00   -3.9999999E+00   -3.1699137E+00   -3.3481336E+00   -4.4336034E+00   -9.9671910E+00   -3.4258714E+00   -2.4743862E+00   -3.7038320E+00   -6.4489645E+00   -7.1481507E+00   -1.5701691E+01   -1.4000000E+01   -6.5016488E+00   -3.3917202E+00   -1.4000000E+01   -6.3153406E+00   -3.0000000E+01   -2.5807205E+00   -8.9418219E+00   -9.3001151E+00   -9.1338485E+00   -1.0416422E+01   -1.1699122E+01   -1.1664040E+01   -2.0785497E+01   -8.1283199E+00   -6.6530180E+00   -9.1504928E+00   -1.2382387E+01   -7.1139486E+00   -9.2597930E+00   -5.5372241E+00
    1.3230000E+01    6.3127389E+00   -6.2877906E+00   -3.9999999E+00   -3.1691716E+00   -3.3453858E+00   -4.4288433E+00   -9.9763560E+00   -3.4278924E+00   -2.4749732E+00   -3.7013436E+00   -6.4489667E+00   -7.1484197E+00   -1.5710125E+01   -1.4000000E+01   -6.4034199E+00   -3.3873136E+00   -1.4000000E+01   -6.3178619E+00   -3.0000000E+01   -2.5781868E+00   -8.9454621E+00   -9.2976830E+00   -9.1402813E+00   -1.0413881E+01   -1.1704824E+01   -1.1566723E+01   -2.0696581E+01   -8.1252001E+00   -6.6472047E+00   -9.1455854E+00   -1.2385881E+01   -7.1119929E+00   -9.2535634E+00   -5.5341151E+00
    1.3410000E+01    6.3157422E+00   -6.2907252E+00   -3.9999999E+00   -3.1684354E+00   -3.3426670E+00   -4.4239587E+00   -9.9854199E+00   -3.4299164E+00   -2.4755501E+00   -3.6989954E+00   -6.4489688E+00   -7.1520169E+00   -1.5718484E+01   -1.4000000E+01   -6.3229651E+00   -3.3829696E+00   -1.4000000E+01   -6.3202444E+00   -3.0000000E+01   -2.5756767E+00   -8.9490627E+00   -9.2952772E+00   -9.1466435E+00   -1.0414700E+01   -1.1710481E+01   -1.1490504E+01   -2.0625357E+01   -8.1221137E+00   -6.6414496E+00   -9.1440598E+00   -1.2389351E+01   -7.1133867E+00   -9.2473953E+00   -5.5310341E+00
    1.3590000E+01    6.3187126E+00   -6.2936275E+00   -3.9999999E+00   -3.1677049E+00   -3.3399732E+00   -4.4189166E+00   -9.9943898E+00   -3.4319434E+00   -2.4761164E+00   -3.6967826E+00   -6.4489709E+00   -7.1573577E+00   -1.5726761E+01   -1.4000000E+01   -6.2547898E+00   -3.3786918E+00   -1.4000000E+01   -6.3224903E+00   -3.0000000E+01   -2.5731893E+00   -8.9526307E+00   -9.2929043E+00   -9.1529420E+00   -1.0417294E+01   -1.1716086E+01   -1.1428302E+01   -2.0566324E+01   -8.1190608E+00   -6.6357520E+00   -9.1443306E+00   -1.2392790E+01   -7.1165446E+00   -9.2412881E+00   -5.5279806E+00
    1.3770000E+01    6.3216501E+00   -6.2964975E+00   -3.9999999E+00   -3.1669801E+00   -3.3373013E+00   -4.4136792E+00   -1.0003273E+01   -3.4339731E+00   -2.4766717E+00   -3.6947006E+00   -6.4489730E+00   -7.1635781E+00   -1.5734949E+01   -1.4000000E+01   -6.1956139E+00   -3.3744834E+00   -1.4000000E+01   -6.3246040E+00   -3.0000000E+01   -2.5707244E+00   -8.9561737E+00   -9.2905722E+00   -9.1591845E+00   -1.0420799E+01   -1.1721633E+01   -1.1375976E+01   -2.0516195E+01   -8.1160414E+00   -6.6301115E+00   -9.1455332E+00   -1.2396191E+01   -7.1206021E+00   -9.2352412E+00   -5.5249539E+00
    1.3950000E+01    6.3245548E+00   -6.2993351E+00   -3.9999999E+00   -3.1662608E+00   -3.3346488E+00   -4.4082039E+00   -1.0012079E+01   -3.4360053E+00   -2.4772154E+00   -3.6927448E+00   -6.4489752E+00   -7.1702048E+00   -1.5743047E+01   -1.4000000E+01   -6.1433211E+00   -3.3703475E+00   -1.4000000E+01   -6.3265901E+00   -3.0000000E+01   -2.5682814E+00   -8.9597002E+00   -9.2882895E+00   -9.1653794E+00   -1.0424741E+01   -1.1727121E+01   -1.1330933E+01   -2.0472853E+01   -8.1130555E+00   -6.6245275E+00   -9.1471941E+00   -1.2399551E+01   -7.1250856E+00   -9.2292541E+00   -5.5219534E+00
    1.4130000E+01    6.3274263E+00   -6.3021402E+00   -3.9999999E+00   -3.1655470E+00   -3.3320137E+00   -4.4024429E+00   -1.0020816E+01   -3.4380400E+00   -2.4777468E+00   -3.6909107E+00   -6.4489773E+00   -7.1769795E+00   -1.5751053E+01   -1.4000000E+01   -6.0964662E+00   -3.3662863E+00   -1.4000000E+01   -6.3284531E+00   -3.0000000E+01   -2.5658599E+00   -8.9632201E+00   -9.2860663E+00   -9.1715363E+00   -1.0428862E+01   -1.1732546E+01   -1.1291472E+01   -2.0434849E+01   -8.1101033E+00   -6.6189999E+00   -9.1490546E+00   -1.2402869E+01   -7.1297363E+00   -9.2233264E+00   -5.5189787E+00
    1.4310000E+01    6.3302645E+00   -6.3049125E+00   -3.9999999E+00   -3.1648385E+00   -3.3293947E+00   -4.3963432E+00   -1.0029494E+01   -3.4400768E+00   -2.4782654E+00   -3.6891938E+00   -6.4489794E+00   -7.1837624E+00   -1.5758964E+01   -1.4000000E+01   -6.0540178E+00   -3.3623022E+00   -1.4000000E+01   -6.3301975E+00   -3.0000000E+01   -2.5634594E+00   -8.9667439E+00   -9.2839136E+00   -9.1776656E+00   -1.0433023E+01   -1.1737909E+01   -1.1256421E+01   -2.0401151E+01   -8.1071850E+00   -6.6135285E+00   -9.1509747E+00   -1.2406142E+01   -7.1344138E+00   -9.2174578E+00   -5.5160291E+00
    1.4490000E+01    6.3330692E+00   -6.3076518E+00   -3.9999999E+00   -3.1641352E+00   -3.3267913E+00   -4.3898467E+00   -1.0038125E+01   -3.4421157E+00   -2.4787705E+00   -3.6875899E+00   -6.4489815E+00   -7.1904788E+00   -1.5766781E+01   -1.4000000E+01   -6.0152145E+00   -3.3583970E+00   -1.4000000E+01   -6.3318277E+00   -3.0000000E+01   -2.5610797E+00   -8.9702834E+00   -9.2818438E+00   -9.1837788E+00   -1.0437150E+01   -1.1743207E+01   -1.1224944E+01   -2.0370996E+01   -8.1043008E+00   -6.6081131E+00   -9.1528798E+00   -1.2409370E+01   -7.1390433E+00   -9.2116481E+00   -5.5131043E+00
    1.4670000E+01    6.3358399E+00   -6.3103576E+00   -3.9999999E+00   -3.1634370E+00   -3.3242035E+00   -4.3828905E+00   -1.0046722E+01   -3.4441565E+00   -2.4792614E+00   -3.6860947E+00   -6.4489836E+00   -7.1970899E+00   -1.5774500E+01   -1.4000000E+01   -5.9794775E+00   -3.3545720E+00   -1.4000000E+01   -6.3333480E+00   -3.0000000E+01   -2.5587202E+00   -8.9738513E+00   -9.2798702E+00   -9.1898883E+00   -1.0441203E+01   -1.1748440E+01   -1.1196423E+01   -2.0343804E+01   -8.1014513E+00   -6.6027538E+00   -9.1547308E+00   -1.2412550E+01   -7.1435855E+00   -9.2058970E+00   -5.5102036E+00
    1.4850000E+01    6.3385764E+00   -6.3130298E+00   -3.9999999E+00   -3.1627437E+00   -3.3216321E+00   -4.3754075E+00   -1.0055296E+01   -3.4461991E+00   -2.4797373E+00   -3.6847041E+00   -6.4489857E+00   -7.2035761E+00   -1.5782123E+01   -1.4000000E+01   -5.9463569E+00   -3.3508286E+00   -1.4000000E+01   -6.3347626E+00   -3.0000000E+01   -2.5563807E+00   -8.9774614E+00   -9.2780073E+00   -9.1960075E+00   -1.0445165E+01   -1.1753608E+01   -1.1170388E+01   -2.0319124E+01   -8.0986366E+00   -6.5974505E+00   -9.1565082E+00   -1.2415682E+01   -7.1480204E+00   -9.2002046E+00   -5.5073265E+00
    1.5030000E+01    6.3412781E+00   -6.3156677E+00   -3.9999999E+00   -3.1620553E+00   -3.3190782E+00   -4.3673272E+00   -1.0063861E+01   -3.4482433E+00   -2.4801974E+00   -3.6834142E+00   -6.4489878E+00   -7.2099283E+00   -1.5789646E+01   -1.4000000E+01   -5.9154956E+00   -3.3471680E+00   -1.4000000E+01   -6.3360754E+00   -3.0000000E+01   -2.5540608E+00   -8.9811279E+00   -9.2762705E+00   -9.2021503E+00   -1.0449025E+01   -1.1758708E+01   -1.1146474E+01   -2.0296598E+01   -8.0958573E+00   -6.5922034E+00   -9.1582028E+00   -1.2418764E+01   -7.1523384E+00   -9.1945707E+00   -5.5044726E+00
    1.5210000E+01    6.3439446E+00   -6.3182710E+00   -3.9999999E+00   -3.1613715E+00   -3.3165437E+00   -4.3585767E+00   -1.0072432E+01   -3.4502891E+00   -2.4806408E+00   -3.6822211E+00   -6.4489899E+00   -7.2161426E+00   -1.5797069E+01   -1.4000000E+01   -5.8866058E+00   -3.3435913E+00   -1.4000000E+01   -6.3372904E+00   -3.0000000E+01   -2.5517601E+00   -8.9848659E+00   -9.2746756E+00   -9.2083313E+00   -1.0452780E+01   -1.1763741E+01   -1.1124389E+01   -2.0275936E+01   -8.0931139E+00   -6.5870127E+00   -9.1598109E+00   -1.2421796E+01   -7.1565353E+00   -9.1889953E+00   -5.5016414E+00
    1.5390000E+01    6.3465752E+00   -6.3208391E+00   -3.9999999E+00   -3.1606924E+00   -3.3140306E+00   -4.3490823E+00   -1.0081023E+01   -3.4523362E+00   -2.4810667E+00   -3.6811212E+00   -6.4489920E+00   -7.2222180E+00   -1.5804390E+01   -1.4000000E+01   -5.8594518E+00   -3.3400995E+00   -1.4000000E+01   -6.3384111E+00   -3.0000000E+01   -2.5494782E+00   -8.9886907E+00   -9.2732390E+00   -9.2145651E+00   -1.0456431E+01   -1.1768705E+01   -1.1103895E+01   -2.0256900E+01   -8.0904070E+00   -6.5818786E+00   -9.1613316E+00   -1.2424774E+01   -7.1606097E+00   -9.1834785E+00   -5.4988323E+00
    1.5570000E+01    6.3491695E+00   -6.3233712E+00   -3.9999999E+00   -3.1600177E+00   -3.3115414E+00   -4.3387711E+00   -1.0089647E+01   -3.4543847E+00   -2.4814739E+00   -3.6801111E+00   -6.4489940E+00   -7.2281546E+00   -1.5811606E+01   -1.4000000E+01   -5.8338383E+00   -3.3366940E+00   -1.4000000E+01   -6.3394413E+00   -3.0000000E+01   -2.5472150E+00   -8.9926173E+00   -9.2719772E+00   -9.2208663E+00   -1.0459977E+01   -1.1773599E+01   -1.1084798E+01   -2.0239293E+01   -8.0877371E+00   -6.5768015E+00   -9.1627653E+00   -1.2427699E+01   -7.1645613E+00   -9.1780205E+00   -5.4960448E+00
    1.5750000E+01    6.3517266E+00   -6.3258669E+00   -3.9999999E+00   -3.1593473E+00   -3.3090787E+00   -4.3275727E+00   -1.0098318E+01   -3.4564344E+00   -2.4818616E+00   -3.6791874E+00   -6.4489961E+00   -7.2339532E+00   -1.5818717E+01   -1.4000000E+01   -5.8096014E+00   -3.3333764E+00   -1.4000000E+01   -6.3403843E+00   -3.0000000E+01   -2.5449699E+00   -8.9966605E+00   -9.2709061E+00   -9.2272490E+00   -1.0463421E+01   -1.1778421E+01   -1.1066934E+01   -2.0222950E+01   -8.0851051E+00   -6.5717818E+00   -9.1641131E+00   -1.2430567E+01   -7.1683905E+00   -9.1726215E+00   -5.4932785E+00
    1.5930000E+01    6.3542458E+00   -6.3283253E+00   -3.9999999E+00   -3.1586810E+00   -3.3066449E+00   -4.3154219E+00   -1.0107049E+01   -3.4584852E+00   -2.4822286E+00   -3.6783470E+00   -6.4489982E+00   -7.2396148E+00   -1.5825720E+01   -1.4000000E+01   -5.7866025E+00   -3.3301489E+00   -1.4000000E+01   -6.3412431E+00   -3.0000000E+01   -2.5427428E+00   -9.0008339E+00   -9.2700411E+00   -9.2337261E+00   -1.0466764E+01   -1.1783171E+01   -1.1050166E+01   -2.0207729E+01   -8.0825117E+00   -6.5668199E+00   -9.1653762E+00   -1.2433378E+01   -7.1720979E+00   -9.1672817E+00   -5.4905328E+00
    1.6110000E+01    6.3567262E+00   -6.3307456E+00   -3.9999999E+00   -3.1580188E+00   -3.3042424E+00   -4.3022605E+00   -1.0115849E+01   -3.4605370E+00   -2.4825736E+00   -3.6775871E+00   -6.4490002E+00   -7.2451401E+00   -1.5832613E+01   -1.4000000E+01   -5.7647232E+00   -3.3270141E+00   -1.4000000E+01   -6.3420208E+00   -3.0000000E+01   -2.5405332E+00   -9.0051499E+00   -9.2693962E+00   -9.2403091E+00   -1.0470007E+01   -1.1787846E+01   -1.1034375E+01   -2.0193509E+01   -8.0799578E+00   -6.5619165E+00   -9.1665559E+00   -1.2436129E+01   -7.1756839E+00   -9.1620015E+00   -5.4878073E+00
    1.6290000E+01    6.3591670E+00   -6.3331268E+00   -3.9999999E+00   -3.1573605E+00   -3.3018729E+00   -4.2880398E+00   -1.0124729E+01   -3.4625897E+00   -2.4828956E+00   -3.6769049E+00   -6.4490022E+00   -7.2505296E+00   -1.5839393E+01   -1.4000000E+01   -5.7438614E+00   -3.3239758E+00   -1.4000000E+01   -6.3427200E+00   -3.0000000E+01   -2.5383409E+00   -9.0096188E+00   -9.2689835E+00   -9.2470077E+00   -1.0473151E+01   -1.1792445E+01   -1.1019460E+01   -2.0180186E+01   -8.0774443E+00   -6.5570722E+00   -9.1676532E+00   -1.2438818E+01   -7.1791485E+00   -9.1567814E+00   -5.4851014E+00
    1.6470000E+01    6.3615672E+00   -6.3354681E+00   -3.9999999E+00   -3.1567059E+00   -3.2995374E+00   -4.2727230E+00   -1.0133693E+01   -3.4646433E+00   -2.4831930E+00   -3.6762982E+00   -6.4490043E+00   -7.2557838E+00   -1.5846057E+01   -1.4000000E+01   -5.7239286E+00   -3.3210386E+00   -1.4000000E+01   -6.3433434E+00   -3.0000000E+01   -2.5361655E+00   -9.0142485E+00   -9.2688129E+00   -9.2538287E+00   -1.0476199E+01   -1.1796965E+01   -1.1005332E+01   -2.0167668E+01   -8.0749722E+00   -6.5522879E+00   -9.1686689E+00   -1.2441442E+01   -7.1824918E+00   -9.1516219E+00   -5.4824147E+00
    1.6650000E+01    6.3639256E+00   -6.3377683E+00   -3.9999999E+00   -3.1560549E+00   -3.2972362E+00   -4.2562866E+00   -1.0142745E+01   -3.4666976E+00   -2.4834645E+00   -3.6757645E+00   -6.4490063E+00   -7.2609024E+00   -1.5852602E+01   -1.4000000E+01   -5.7048477E+00   -3.3182086E+00   -1.4000000E+01   -6.3438931E+00   -3.0000000E+01   -2.5340068E+00   -9.0190441E+00   -9.2688917E+00   -9.2607762E+00   -1.0479151E+01   -1.1801406E+01   -1.0991915E+01   -2.0155874E+01   -8.0725427E+00   -6.5475642E+00   -9.1696037E+00   -1.2444000E+01   -7.1857132E+00   -9.1465235E+00   -5.4797466E+00
    1.6830000E+01    6.3662411E+00   -6.3400264E+00   -3.9999999E+00   -3.1554073E+00   -3.2949681E+00   -4.2387225E+00   -1.0151884E+01   -3.4687526E+00   -2.4837087E+00   -3.6753020E+00   -6.4490083E+00   -7.2658851E+00   -1.5859025E+01   -1.4000000E+01   -5.6865508E+00   -3.3154932E+00   -1.4000000E+01   -6.3443712E+00   -3.0000000E+01   -2.5318645E+00   -9.0240071E+00   -9.2692237E+00   -9.2678506E+00   -1.0482008E+01   -1.1805764E+01   -1.0979140E+01   -2.0144733E+01   -8.0701569E+00   -6.5429023E+00   -9.1704580E+00   -1.2446489E+01   -7.1888120E+00   -9.1414871E+00   -5.4770966E+00
    1.7010000E+01    6.3685124E+00   -6.3422409E+00   -3.9999999E+00   -3.1547631E+00   -3.2927304E+00   -4.2200390E+00   -1.0161106E+01   -3.4708080E+00   -2.4839238E+00   -3.6749089E+00   -6.4490103E+00   -7.2707312E+00   -1.5865322E+01   -1.4000000E+01   -5.6689780E+00   -3.3129016E+00   -1.4000000E+01   -6.3447796E+00   -3.0000000E+01   -2.5297382E+00   -9.0291355E+00   -9.2698095E+00   -9.2750487E+00   -1.0484770E+01   -1.1810037E+01   -1.0966945E+01   -2.0134181E+01   -8.0678161E+00   -6.5383031E+00   -9.1712318E+00   -1.2448906E+01   -7.1917869E+00   -9.1365134E+00   -5.4744644E+00
    1.7190000E+01    6.3707382E+00   -6.3444107E+00   -3.9999999E+00   -3.1541221E+00   -3.2905190E+00   -4.2002610E+00   -1.0170403E+01   -3.4728638E+00   -2.4841083E+00   -3.6745838E+00   -6.4490122E+00   -7.2754395E+00   -1.5871489E+01   -1.4000000E+01   -5.6520762E+00   -3.3104447E+00   -1.4000000E+01   -6.3451196E+00   -3.0000000E+01   -2.5276277E+00   -9.0344235E+00   -9.2706459E+00   -9.2823634E+00   -1.0487437E+01   -1.1814222E+01   -1.0955277E+01   -2.0124161E+01   -8.0655218E+00   -6.5337677E+00   -9.1719249E+00   -1.2451247E+01   -7.1946366E+00   -9.1316033E+00   -5.4718493E+00
    1.7370000E+01    6.3729169E+00   -6.3465342E+00   -3.9999999E+00   -3.1534840E+00   -3.2883278E+00   -4.1794301E+00   -1.0179761E+01   -3.4749198E+00   -2.4842603E+00   -3.6743255E+00   -6.4490142E+00   -7.2800085E+00   -1.5877522E+01   -1.4000000E+01   -5.6357981E+00   -3.3081350E+00   -1.4000000E+01   -6.3453926E+00   -3.0000000E+01   -2.5255326E+00   -9.0398611E+00   -9.2717260E+00   -9.2897833E+00   -1.0490009E+01   -1.1818317E+01   -1.0944086E+01   -2.0114621E+01   -8.0632754E+00   -6.5292975E+00   -9.1725369E+00   -1.2453510E+01   -7.1973590E+00   -9.1267579E+00   -5.4692509E+00
    1.7550000E+01    6.3750470E+00   -6.3486098E+00   -3.9999999E+00   -3.1528489E+00   -3.2861489E+00   -4.1576040E+00   -1.0189164E+01   -3.4769758E+00   -2.4843780E+00   -3.6741330E+00   -6.4490161E+00   -7.2844360E+00   -1.5883416E+01   -1.4000000E+01   -5.6201012E+00   -3.3059870E+00   -1.4000000E+01   -6.3455997E+00   -3.0000000E+01   -2.5234527E+00   -9.0454345E+00   -9.2730392E+00   -9.2972931E+00   -1.0492486E+01   -1.1822319E+01   -1.0933328E+01   -2.0105513E+01   -8.0610786E+00   -6.5248938E+00   -9.1730670E+00   -1.2455690E+01   -7.1999518E+00   -9.1219782E+00   -5.4666688E+00
    1.7730000E+01    6.3771268E+00   -6.3506359E+00   -3.9999999E+00   -3.1522166E+00   -3.2839729E+00   -4.1348549E+00   -1.0198590E+01   -3.4790317E+00   -2.4844592E+00   -3.6740056E+00   -6.4490180E+00   -7.2887199E+00   -1.5889167E+01   -1.4000000E+01   -5.6049475E+00   -3.3040167E+00   -1.4000000E+01   -6.3457415E+00   -3.0000000E+01   -2.5213877E+00   -9.0511262E+00   -9.2745713E+00   -9.3048737E+00   -1.0494867E+01   -1.1826224E+01   -1.0922962E+01   -2.0096795E+01   -8.0589330E+00   -6.5205580E+00   -9.1735140E+00   -1.2457786E+01   -7.2024122E+00   -9.1172656E+00   -5.4641024E+00
    1.7910000E+01    6.3791540E+00   -6.3526102E+00   -3.9999999E+00   -3.1515871E+00   -3.2817890E+00   -4.1112750E+00   -1.0208014E+01   -3.4810867E+00   -2.4845019E+00   -3.6739429E+00   -6.4490199E+00   -7.2928562E+00   -1.5894768E+01   -1.4000000E+01   -5.5903064E+00   -3.3022418E+00   -1.4000000E+01   -6.3458185E+00   -3.0000000E+01   -2.5193378E+00   -9.0569135E+00   -9.2763043E+00   -9.3125001E+00   -1.0497151E+01   -1.1830027E+01   -1.0912953E+01   -2.0088429E+01   -8.0568411E+00   -6.5162929E+00   -9.1738766E+00   -1.2459791E+01   -7.2047364E+00   -9.1126226E+00   -5.4615520E+00
