# Time          5.0000E+01
# Units: Dimensionless (Log10(Q/Keq)
    Distance           Quartz           Albite           Dolomite-dis     Microcline       Pyrite           Fe(OH)3          Muscovite        Chamosite-7A     Illite           Kaolinite        Smectite-high    SiO2(am)         Calcite          POMC             O2(s)            Gibbsite     
    9.0000000E-02   -3.9751492E-01   -5.6560296E+00   -1.0693355E+01   -2.6724941E+00   -5.6374576E+01    2.1938284E-01    2.8575940E+00   -1.0515787E+01   -4.3184140E-01    3.7982025E+00   -1.1664124E+01   -3.0242341E-01   -4.9885133E+00   -3.2570311E+03    3.9091425E+00    1.9991381E+00
    2.7000000E-01   -1.3800767E-01   -4.8835862E+00   -9.9776179E+00   -1.9373549E+00   -5.6427813E+01    1.3542719E-03    3.0513632E+00   -1.0452688E+01    8.1738791E-02    3.7758471E+00   -1.0549686E+01   -4.2916158E-02   -4.6322845E+00   -3.2558080E+03    3.9085299E+00    1.7284531E+00
    4.5000000E-01    8.0592082E-03   -4.4472886E+00   -9.5178850E+00   -1.4595317E+00   -5.6532128E+01    1.6651426E-03    3.1727612E+00   -1.0477112E+01    3.7260992E-01    3.7115556E+00   -9.8769524E+00    1.0315072E-01   -4.4015344E+00   -3.2545885E+03    3.9079154E+00    1.5502405E+00
    6.3000000E-01    1.0605260E-01   -4.1435431E+00   -9.1743233E+00   -1.0992898E+00   -5.6660314E+01    1.8463063E-03    3.2862076E+00   -1.0534298E+01    5.8977980E-01    3.6607468E+00   -9.4061827E+00    2.0114411E-01   -4.2286635E+00   -3.2533727E+03    3.9072988E+00    1.4268427E+00
    8.1000000E-01    1.7778034E-01   -3.9155430E+00   -8.8971174E+00   -8.1911887E-01   -5.6798641E+01    1.9214400E-03    3.3774686E+00   -1.0616964E+01    7.5513610E-01    3.6152924E+00   -9.0532081E+00    2.7287185E-01   -4.0889977E+00   -3.2521604E+03    3.9066804E+00    1.3323878E+00
    9.9000000E-01    2.3309510E-01   -3.7363415E+00   -8.6621575E+00   -5.9673198E-01   -5.6938376E+01    1.9290144E-03    3.4465237E+00   -1.0712697E+01    8.8286752E-01    3.5725902E+00   -8.7754002E+00    3.2818662E-01   -3.9705172E+00   -3.2509517E+03    3.9060603E+00    1.2557219E+00
    1.1700000E+00    2.7724665E-01   -3.5910173E+00   -8.4562482E+00   -4.1702107E-01   -5.7073862E+01    1.9034981E-03    3.4970480E+00   -1.0810865E+01    9.8290214E-01    3.5317067E+00   -8.5480295E+00    3.7233816E-01   -3.8666318E+00   -3.2497464E+03    3.9054385E+00    1.1911286E+00
    1.3500000E+00    3.1335021E-01   -3.4704741E+00   -8.2716843E+00   -2.6935600E-01   -5.7201960E+01    1.8678131E-03    3.5330200E+00   -1.0904562E+01    1.0622284E+00    3.4922207E+00   -8.3559539E+00    4.0844173E-01   -3.7734889E+00   -3.2485445E+03    3.9048150E+00    1.1352821E+00
    1.5300000E+00    3.4339981E-01   -3.3687643E+00   -8.1037075E+00   -1.4613936E-01   -5.7321536E+01    1.8337300E-03    3.5578300E+00   -1.0990515E+01    1.1258176E+00    3.4539133E+00   -8.1896833E+00    4.3849132E-01   -3.6887054E+00   -3.2473461E+03    3.9041898E+00    1.0860788E+00
    1.7100000E+00    3.6874547E-01   -3.2817893E+00   -7.9491920E+00   -4.1878361E-02   -5.7432791E+01    1.8055105E-03    3.5741423E+00   -1.1068047E+01    1.1772505E+00    3.4166559E+00   -8.0431499E+00    4.6383699E-01   -3.6107129E+00   -3.2461508E+03    3.9035629E+00    1.0421044E+00
    1.8900000E+00    3.9039087E-01   -3.2062813E+00   -7.8058536E+00    4.7702412E-02   -5.7536637E+01    1.7834840E-03    3.5845474E+00   -1.1137551E+01    1.2196604E+00    3.3807711E+00   -7.9119091E+00    4.8548238E-01   -3.5383811E+00   -3.2448279E+03    3.9029343E+00    1.0025166E+00
    2.0700000E+00    4.2016384E-01   -2.9957563E+00   -7.6345216E+00    2.2227856E-01   -5.7678063E+01    1.4260383E-03    3.8873412E+00   -1.1067551E+01    1.5090329E+00    3.5685346E+00   -7.6225080E+00    5.1525535E-01   -3.4615383E+00   -3.1788693E+03    3.9023082E+00    1.0666254E+00
    2.2500000E+00    4.4556421E-01   -2.9115951E+00   -7.4789235E+00    2.7422133E-01   -5.7788244E+01    1.3695323E-03    3.8515467E+00   -1.1166887E+01    1.5313868E+00    3.5315981E+00   -7.4828046E+00    5.4065572E-01   -3.3907806E+00   -3.1216198E+03    3.9016844E+00    1.0227568E+00
    2.4300000E+00    4.6747835E-01   -2.8381605E+00   -7.3361596E+00    3.1846146E-01   -5.7883052E+01    1.3465172E-03    3.8161647E+00   -1.1240623E+01    1.5481432E+00    3.4958043E+00   -7.3547619E+00    5.6256986E-01   -3.3251511E+00   -3.0710450E+03    3.9010585E+00    9.8294571E-01
    2.6100000E+00    4.8654032E-01   -2.7733026E+00   -7.2041430E+00    3.5662107E-01   -5.7969626E+01    1.3355268E-03    3.7819367E+00   -1.1302131E+01    1.5609488E+00    3.4615406E+00   -7.2382949E+00    5.8163184E-01   -3.2639320E+00   -3.0257498E+03    3.9004307E+00    9.4675190E-01
    2.7900000E+00    5.0323094E-01   -2.7155699E+00   -7.0812707E+00    3.8974956E-01   -5.8050890E+01    1.3289891E-03    3.7488572E+00   -1.1356863E+01    1.5706122E+00    3.4287138E+00   -7.1323177E+00    5.9832245E-01   -3.2065466E+00   -2.9847353E+03    3.8998009E+00    9.1364787E-01
    2.9700000E+00    5.1792286E-01   -2.6638350E+00   -6.9662817E+00    4.1866142E-01   -5.8128094E+01    1.3243377E-03    3.7169065E+00   -1.1406967E+01    1.5777459E+00    3.3972351E+00   -7.0354762E+00    6.1301437E-01   -3.1525242E+00   -2.9472617E+03    3.8991691E+00    8.8321660E-01
    3.1500000E+00    5.3091028E-01   -2.6172063E+00   -6.8581640E+00    4.4400005E-01   -5.8201878E+01    1.3206847E-03    3.6860565E+00   -1.1453410E+01    1.5828222E+00    3.3670213E+00   -6.9465218E+00    6.2600179E-01   -3.1014759E+00   -2.9127660E+03    3.8985352E+00    8.5512228E-01
    3.3300000E+00    5.4242924E-01   -2.5749680E+00   -6.7560925E+00    4.6628132E-01   -5.8272655E+01    1.3176826E-03    3.6562731E+00   -1.1496736E+01    1.5862107E+00    3.3379946E+00   -6.8643960E+00    6.3752075E-01   -3.0530767E+00   -2.8808094E+03    3.8978994E+00    8.2908999E-01
    3.5100000E+00    5.5267175E-01   -2.5365380E+00   -6.6593844E+00    4.8592423E-01   -5.8340737E+01    1.3151615E-03    3.6275190E+00   -1.1537324E+01    1.5882044E+00    3.3100825E+00   -6.7882219E+00    6.4776326E-01   -3.0070520E+00   -2.8510437E+03    3.8972615E+00    8.0489145E-01
    3.6900000E+00    5.6179591E-01   -2.5014372E+00   -6.5674680E+00    5.0327304E-01   -5.8406383E+01    1.3130170E-03    3.5997545E+00   -1.1575471E+01    1.5890378E+00    3.2832175E+00   -6.7172727E+00    6.5688742E-01   -2.9631677E+00   -2.8231876E+03    3.8966217E+00    7.8233479E-01
    3.8700000E+00    5.6993335E-01   -2.4692669E+00   -6.4798595E+00    5.1861348E-01   -5.8469812E+01    1.3111759E-03    3.5729393E+00   -1.1611421E+01    1.5889005E+00    3.2573368E+00   -6.6509423E+00    6.6502486E-01   -2.9212229E+00   -2.7970108E+03    3.8959798E+00    7.6125700E-01
    4.0500000E+00    5.7719474E-01   -2.4396927E+00   -6.3961457E+00    5.3218495E-01   -5.8531213E+01    1.3095830E-03    3.5470333E+00   -1.1645381E+01    1.5879473E+00    3.2323821E+00   -6.5887207E+00    6.7228625E-01   -2.8810434E+00   -2.7723223E+03    3.8953359E+00    7.4151825E-01
    4.2300000E+00    5.8367392E-01   -2.4124313E+00   -6.3159705E+00    5.4418964E-01   -5.8590754E+01    1.3081955E-03    3.5219968E+00   -1.1677528E+01    1.5863051E+00    3.2082993E+00   -6.5301754E+00    6.7876543E-01   -2.8424777E+00   -2.7489619E+03    3.8946900E+00    7.2299765E-01
    4.4100000E+00    5.8945109E-01   -2.3872411E+00   -6.2390251E+00    5.5479964E-01   -5.8648580E+01    1.3069796E-03    3.4977912E+00   -1.1708017E+01    1.5840793E+00    3.1850380E+00   -6.4749364E+00    6.8454260E-01   -2.8053926E+00   -2.7267939E+03    3.8940421E+00    7.0558986E-01
    4.5900000E+00    5.9459533E-01   -2.3639143E+00   -6.1650395E+00    5.6416244E-01   -5.8704820E+01    1.3059082E-03    3.4743793E+00   -1.1736982E+01    1.5813574E+00    3.1625518E+00   -6.4226851E+00    6.8968684E-01   -2.7696711E+00   -2.7057026E+03    3.8933921E+00    6.8920249E-01
    4.7700000E+00    5.9916648E-01   -2.3422715E+00   -6.0937766E+00    5.7240523E-01   -5.8759591E+01    1.3049593E-03    3.4517252E+00   -1.1764543E+01    1.5782128E+00    3.1407972E+00   -6.3731453E+00    6.9425799E-01   -2.7352091E+00   -2.6855881E+03    3.8927401E+00    6.7375406E-01
    4.9500000E+00    6.0321673E-01   -2.3221563E+00   -6.0250265E+00    5.7963837E-01   -5.8812994E+01    1.3041152E-03    3.4297947E+00   -1.1790805E+01    1.5747074E+00    3.1197341E+00   -6.3260760E+00    6.9830824E-01   -2.7019143E+00   -2.6663640E+03    3.8920861E+00    6.5917224E-01
    5.1300000E+00    6.0679184E-01   -2.3034322E+00   -5.9586032E+00    5.8595809E-01   -5.8865123E+01    1.3033609E-03    3.4085551E+00   -1.1815861E+01    1.5708935E+00    3.0993250E+00   -6.2812660E+00    7.0188335E-01   -2.6697038E+00   -2.6479547E+03    3.8914300E+00    6.4539259E-01
    5.3100000E+00    6.0993213E-01   -2.2859790E+00   -5.8943403E+00    5.9144878E-01   -5.8916061E+01    1.3026844E-03    3.3879754E+00   -1.1839795E+01    1.5668155E+00    3.0795352E+00   -6.2385289E+00    7.0502364E-01   -2.6385034E+00   -2.6302940E+03    3.8907719E+00    6.3235738E-01
    5.4900000E+00    6.1267331E-01   -2.2696906E+00   -5.8320888E+00    5.9618474E-01   -5.8965883E+01    1.3020754E-03    3.3680260E+00   -1.1862684E+01    1.5625114E+00    3.0603322E+00   -6.1976997E+00    7.0776482E-01   -2.6082462E+00   -2.6133234E+03    3.8901118E+00    6.2001472E-01
    5.6700000E+00    6.1504713E-01   -2.2544728E+00   -5.7717147E+00    6.0023170E-01   -5.9014659E+01    1.3015252E-03    3.3486790E+00   -1.1884595E+01    1.5580138E+00    3.0416859E+00   -6.1586314E+00    7.1013864E-01   -2.5788716E+00   -2.5969909E+03    3.8894495E+00    6.0831773E-01
    5.8500000E+00    6.1708197E-01   -2.2402417E+00   -5.7130969E+00    6.0364803E-01   -5.9062452E+01    1.3010268E-03    3.3299079E+00   -1.1905591E+01    1.5533506E+00    3.0235681E+00   -6.1211930E+00    7.1217348E-01   -2.5503247E+00   -2.5812504E+03    3.8887852E+00    5.9722399E-01
    6.0300000E+00    6.1880325E-01   -2.2269224E+00   -5.6561256E+00    6.0648580E-01   -5.9109317E+01    1.3005737E-03    3.3116875E+00   -1.1925728E+01    1.5485460E+00    3.0059525E+00   -6.0852666E+00    7.1389476E-01   -2.5225556E+00   -2.5660603E+03    3.8881189E+00    5.8669491E-01
    6.2100000E+00    6.2023386E-01   -2.2144474E+00   -5.6007010E+00    6.0879157E-01   -5.9155308E+01    1.3001609E-03    3.2939941E+00   -1.1945058E+01    1.5436209E+00    2.9888146E+00   -6.0507465E+00    7.1532537E-01   -2.4955187E+00   -2.5513835E+03    3.8874504E+00    5.7669535E-01
    6.3900000E+00    6.2139447E-01   -2.2027562E+00   -5.5467322E+00    6.1060716E-01   -5.9200473E+01    1.2997836E-03    3.2768053E+00   -1.1963627E+01    1.5385934E+00    2.9721314E+00   -6.0175368E+00    7.1648598E-01   -2.4691721E+00   -2.5371864E+03    3.8867799E+00    5.6719316E-01
    6.5700000E+00    6.2230377E-01   -2.1917938E+00   -5.4941361E+00    6.1197023E-01   -5.9244855E+01    1.2994381E-03    3.2600999E+00   -1.1981480E+01    1.5334795E+00    2.9558815E+00   -5.9855511E+00    7.1739529E-01   -2.4434777E+00   -2.5234387E+03    3.8861072E+00    5.5815890E-01
    6.7500000E+00    6.2297880E-01   -2.1815107E+00   -5.4428365E+00    6.1291480E-01   -5.9288497E+01    1.2991208E-03    3.2438577E+00   -1.1998655E+01    1.5282928E+00    2.9400448E+00   -5.9547106E+00    7.1807031E-01   -2.4184003E+00   -2.5101128E+03    3.8854324E+00    5.4956552E-01
    6.9300000E+00    6.2343502E-01   -2.1718617E+00   -5.3927634E+00    6.1347169E-01   -5.9331434E+01    1.2988288E-03    3.2280597E+00   -1.2015190E+01    1.5230454E+00    2.9246024E+00   -5.9249436E+00    7.1852654E-01   -2.3939074E+00   -2.4971835E+03    3.8847556E+00    5.4138810E-01
    7.1100000E+00    6.2368662E-01   -2.1628058E+00   -5.3438524E+00    6.1366890E-01   -5.9373702E+01    1.2985596E-03    3.2126881E+00   -1.2031119E+01    1.5177481E+00    2.9095368E+00   -5.8961846E+00    7.1877813E-01   -2.3699692E+00   -2.4846279E+03    3.8840766E+00    5.3360370E-01
    7.2900000E+00    6.2374654E-01   -2.1543052E+00   -5.2960440E+00    6.1353191E-01   -5.9415334E+01    1.2983109E-03    3.1977259E+00   -1.2046472E+01    1.5124102E+00    2.8948314E+00   -5.8683739E+00    7.1883805E-01   -2.3465580E+00   -2.4724251E+03    3.8833955E+00    5.2619107E-01
    7.4700000E+00    6.2362671E-01   -2.1463256E+00   -5.2492836E+00    6.1308398E-01   -5.9456357E+01    1.2980806E-03    3.1831570E+00   -1.2061279E+01    1.5070398E+00    2.8804708E+00   -5.8414565E+00    7.1871822E-01   -2.3236483E+00   -2.4605557E+03    3.8827122E+00    5.1913060E-01
    7.6500000E+00    6.2333809E-01   -2.1388355E+00   -5.2035203E+00    6.1234640E-01   -5.9496800E+01    1.2978670E-03    3.1689664E+00   -1.2075567E+01    1.5016445E+00    2.8664405E+00   -5.8153819E+00    7.1842960E-01   -2.3012164E+00   -2.4490020E+03    3.8820268E+00    5.1240408E-01
    7.8300000E+00    6.2289078E-01   -2.1318058E+00   -5.1587072E+00    6.1133868E-01   -5.9536688E+01    1.2976685E-03    3.1551398E+00   -1.2089361E+01    1.4962306E+00    2.8527270E+00   -5.7901039E+00    7.1798229E-01   -2.2792402E+00   -2.4377477E+03    3.8813392E+00    5.0599464E-01
    8.0100000E+00    6.2229037E-01   -2.1252181E+00   -5.1148040E+00    6.1008620E-01   -5.9576040E+01    1.2974953E-03    3.1416759E+00   -1.2102675E+01    1.4908057E+00    2.8393148E+00   -5.7655866E+00    7.1738188E-01   -2.2577010E+00   -2.4267976E+03    3.8806494E+00    4.9988895E-01
    8.1900000E+00    6.1947235E-01   -2.1252761E+00   -5.0731306E+00    6.1078976E-01   -5.9580235E+01    1.2803891E-03    3.1298840E+00   -1.2048585E+01    1.4822532E+00    2.8211832E+00   -5.7311289E+00    7.1456386E-01   -2.2372082E+00   -2.4266154E+03    3.8799526E+00    4.9364118E-01
    8.3700000E+00    6.1655712E-01   -2.1239361E+00   -5.0321760E+00    6.1287634E-01   -5.9616880E+01    1.2862167E-03    3.1233638E+00   -1.2056402E+01    1.4775837E+00    2.8067460E+00   -5.7114889E+00    7.1164863E-01   -2.2170700E+00   -2.4264333E+03    3.8792487E+00    4.8933779E-01
    8.5500000E+00    6.1355132E-01   -2.1229001E+00   -4.9919669E+00    6.1466071E-01   -5.9654989E+01    1.2864205E-03    3.1170167E+00   -1.2067746E+01    1.4728860E+00    2.7926030E+00   -5.6933841E+00    7.0864284E-01   -2.1973007E+00   -2.4262513E+03    3.8785427E+00    4.8527209E-01
    8.7300000E+00    6.1046117E-01   -2.1221519E+00   -4.9524757E+00    6.1616528E-01   -5.9692733E+01    1.2862958E-03    3.1108383E+00   -1.2078947E+01    1.4681651E+00    2.7787397E+00   -5.6758633E+00    7.0555268E-01   -2.1778895E+00   -2.4260694E+03    3.8778345E+00    4.8143060E-01
    8.9100000E+00    6.0729247E-01   -2.1216750E+00   -4.9136760E+00    6.1740871E-01   -5.9730014E+01    1.2861605E-03    3.1048252E+00   -1.2089801E+01    1.4634282E+00    2.7651458E+00   -5.6588389E+00    7.0238398E-01   -2.1588302E+00   -2.4258876E+03    3.8771242E+00    4.7780233E-01
    9.0900000E+00    6.0405071E-01   -2.1214546E+00   -4.8755426E+00    6.1840672E-01   -5.9766835E+01    1.2860323E-03    3.0989721E+00   -1.2100311E+01    1.4586823E+00    2.7518111E+00   -5.6422705E+00    6.9914222E-01   -2.1401237E+00   -2.4257058E+03    3.8764117E+00    4.7437678E-01
    9.2700000E+00    6.0074102E-01   -2.1214777E+00   -4.8380512E+00    6.1917279E-01   -5.9803205E+01    1.2859115E-03    3.0932719E+00   -1.2110494E+01    1.4539349E+00    2.7387255E+00   -5.6261139E+00    6.9583253E-01   -2.1217800E+00   -2.4255242E+03    3.8756970E+00    4.7114364E-01
    9.4500000E+00    5.9736828E-01   -2.1217330E+00   -4.8011791E+00    6.1971852E-01   -5.9839129E+01    1.2857974E-03    3.0877159E+00   -1.2120364E+01    1.4491937E+00    2.7258782E+00   -5.6103182E+00    6.9245979E-01   -2.1038175E+00   -2.4253426E+03    3.8749801E+00    4.6809276E-01
    9.6300000E+00    5.9393709E-01   -2.1222107E+00   -4.7649052E+00    6.2005402E-01   -5.9874608E+01    1.2856895E-03    3.0822945E+00   -1.2129938E+01    1.4444667E+00    2.7132590E+00   -5.5948294E+00    6.8902860E-01   -2.0862613E+00   -2.4251612E+03    3.8742610E+00    4.6521431E-01
    9.8100000E+00    5.9045183E-01   -2.1229020E+00   -4.7292116E+00    6.2018840E-01   -5.9909641E+01    1.2855871E-03    3.0769989E+00   -1.2139229E+01    1.4397615E+00    2.7008585E+00   -5.5795961E+00    6.8554334E-01   -2.0691375E+00   -2.4249798E+03    3.8735397E+00    4.6249934E-01
    9.9900000E+00    5.8691667E-01   -2.1237985E+00   -4.6940846E+00    6.2013026E-01   -5.9944223E+01    1.2854898E-03    3.0718227E+00   -1.2148250E+01    1.4350856E+00    2.6886701E+00   -5.5645765E+00    6.8200818E-01   -2.0524681E+00   -2.4247985E+03    3.8728162E+00    4.5994029E-01
    1.0170000E+01    5.8333564E-01   -2.1248915E+00   -4.6595155E+00    6.1988827E-01   -5.9978345E+01    1.2853970E-03    3.0667635E+00   -1.2157006E+01    1.4304453E+00    2.6766908E+00   -5.5497464E+00    6.7842715E-01   -2.0362649E+00   -2.4246173E+03    3.8720904E+00    4.5753170E-01
    1.0350000E+01    5.7971262E-01   -2.1261717E+00   -4.6255017E+00    6.1947147E-01   -6.0011993E+01    1.2853081E-03    3.0618245E+00   -1.2165502E+01    1.4258462E+00    2.6649226E+00   -5.5351033E+00    6.7480413E-01   -2.0205250E+00   -2.4244362E+03    3.8713624E+00    4.5527061E-01
    1.0530000E+01    5.7605140E-01   -2.1276288E+00   -4.5920464E+00    6.1888949E-01   -6.0045147E+01    1.2852229E-03    3.0570150E+00   -1.2173734E+01    1.4212927E+00    2.6533726E+00   -5.5206680E+00    6.7114291E-01   -2.0052301E+00   -2.4242551E+03    3.8706322E+00    4.5315684E-01
    1.0710000E+01    5.7235571E-01   -2.1292519E+00   -4.5591583E+00    6.1815244E-01   -6.0077781E+01    1.2851406E-03    3.0523500E+00   -1.2181694E+01    1.4167890E+00    2.6420533E+00   -5.5064827E+00    6.6744722E-01   -1.9903479E+00   -2.4240742E+03    3.8698997E+00    4.5119287E-01
    1.0890000E+01    5.6862922E-01   -2.1310298E+00   -4.5268505E+00    6.1727067E-01   -6.0109861E+01    1.2850610E-03    3.0478498E+00   -1.2189368E+01    1.4123392E+00    2.6309818E+00   -5.4926058E+00    6.6372073E-01   -1.9758359E+00   -2.4238934E+03    3.8691649E+00    4.4938362E-01
    1.1070000E+01    5.6487564E-01   -2.1329516E+00   -4.4951403E+00    6.1625446E-01   -6.0141346E+01    1.2849835E-03    3.0435383E+00   -1.2196740E+01    1.4079485E+00    2.6201794E+00   -5.4791052E+00    6.5996715E-01   -1.9616479E+00   -2.4237126E+03    3.8684278E+00    4.4773601E-01
    1.1250000E+01    5.6109867E-01   -2.1350073E+00   -4.4640486E+00    6.1511377E-01   -6.0172182E+01    1.2849076E-03    3.0394427E+00   -1.2203789E+01    1.4036233E+00    2.6096705E+00   -5.4660522E+00    6.5619018E-01   -1.9477400E+00   -2.4235319E+03    3.8676884E+00    4.4625852E-01
    1.1430000E+01    5.5730212E-01   -2.1371885E+00   -4.4336006E+00    6.1385818E-01   -6.0202306E+01    1.2848327E-03    3.0355918E+00   -1.2210493E+01    1.3993727E+00    2.5994822E+00   -5.4535159E+00    6.5239363E-01   -1.9340763E+00   -2.4233513E+03    3.8669467E+00    4.4496089E-01
    1.1610000E+01    5.5348987E-01   -2.1394889E+00   -4.4038267E+00    6.1249709E-01   -6.0231640E+01    1.2847585E-03    3.0320168E+00   -1.2216827E+01    1.3952083E+00    2.5896438E+00   -5.4415607E+00    6.4858138E-01   -1.9206334E+00   -2.4231708E+03    3.8662027E+00    4.4385394E-01
    1.1790000E+01    5.4966599E-01   -2.1419048E+00   -4.3747644E+00    6.1104028E-01   -6.0259991E+01    1.2846843E-03    3.0287511E+00   -1.2222763E+01    1.3911453E+00    2.5801872E+00   -5.4302448E+00    6.4475751E-01   -1.9074033E+00   -2.4229904E+03    3.8654564E+00    4.4294951E-01
    1.1970000E+01    5.4583474E-01   -2.1444351E+00   -4.3464598E+00    6.0949881E-01   -6.0235315E+01    1.2846093E-03    3.0258318E+00   -1.2228272E+01    1.3872025E+00    2.5711468E+00   -5.4196221E+00    6.4092625E-01   -1.8943944E+00   -2.4228100E+03    3.8647078E+00    4.4226059E-01
    1.2150000E+01    5.4200063E-01   -2.1470820E+00   -4.3189703E+00    6.0788639E-01   -5.7242012E+01    1.2845330E-03    3.0233014E+00   -1.2233321E+01    1.3834032E+00    2.5625606E+00   -5.4097447E+00    6.3709215E-01   -1.8816317E+00   -2.4226298E+03    3.8639567E+00    4.4180157E-01
    1.2330000E+01    5.3817266E-01   -2.1498495E+00   -4.2923802E+00    6.0622552E-01   -5.1830899E+01    1.2845206E-03    3.0212064E+00   -1.2237831E+01    1.3797770E+00    2.5544705E+00   -5.4006558E+00    6.3326417E-01   -1.8691623E+00   -2.4224496E+03    3.8632033E+00    4.4158451E-01
    1.2510000E+01    5.3663070E-01   -2.3869285E+00   -4.2740445E+00    3.7192213E-01   -4.6077220E+01    2.9764783E-03    2.3120987E+00   -1.2101873E+01    8.3605350E-01    2.0765822E+00   -5.5329785E+00    6.3172221E-01   -1.8605200E+00   -2.4222700E+03    3.8624428E+00    2.0418234E-01
    1.2690000E+01    5.3509103E-01   -2.3892737E+00   -4.2558327E+00    3.7236966E-01   -4.5488027E+01    3.0188129E-03    2.3072175E+00   -1.2096371E+01    8.3221208E-01    2.0681742E+00   -5.5223066E+00    6.3018254E-01   -1.8518823E+00   -2.4220904E+03    3.8617002E+00    2.0151798E-01
    1.2870000E+01    5.3354735E-01   -2.3907719E+00   -4.2377681E+00    3.7369097E-01   -4.5154196E+01    3.0198678E-03    2.3049746E+00   -1.2101295E+01    8.3035596E-01    2.0615226E+00   -5.5137501E+00    6.2863886E-01   -1.8432648E+00   -2.4219110E+03    3.8609803E+00    1.9973587E-01
    1.3050000E+01    5.3199978E-01   -2.3922829E+00   -4.2198513E+00    3.7504045E-01   -4.4922632E+01    3.0197616E-03    2.3028043E+00   -1.2106519E+01    8.2851688E-01    2.0549077E+00   -5.5054071E+00    6.2709129E-01   -1.8346726E+00   -2.4217316E+03    3.8602835E+00    1.9797599E-01
    1.3230000E+01    5.3044842E-01   -2.3938131E+00   -4.2020838E+00    3.7642851E-01   -4.4746998E+01    3.0196272E-03    2.3007042E+00   -1.2111725E+01    8.2669124E-01    2.0483168E+00   -5.4971950E+00    6.2553994E-01   -1.8261112E+00   -2.4215523E+03    3.8596097E+00    1.9623192E-01
    1.3410000E+01    5.2889341E-01   -2.3953671E+00   -4.1844678E+00    3.7787007E-01   -4.4606716E+01    3.0194961E-03    2.2986801E+00   -1.2116911E+01    8.2488113E-01    2.0417411E+00   -5.4891097E+00    6.2398492E-01   -1.8175866E+00   -2.4213731E+03    3.8589591E+00    1.9449909E-01
    1.3590000E+01    5.2733484E-01   -2.3969502E+00   -4.1670067E+00    3.7938246E-01   -4.4490805E+01    3.0193691E-03    2.2967391E+00   -1.2122088E+01    8.2308892E-01    2.0351706E+00   -5.4811510E+00    6.2242635E-01   -1.8091051E+00   -2.4211939E+03    3.8583319E+00    1.9277239E-01
    1.3770000E+01    5.2577284E-01   -2.3985685E+00   -4.1497051E+00    3.8098567E-01   -4.4392707E+01    3.0192462E-03    2.2948897E+00   -1.2127268E+01    8.2131720E-01    2.0285940E+00   -5.4733202E+00    6.2086435E-01   -1.8006726E+00   -2.4210149E+03    3.8577281E+00    1.9104611E-01
    1.3950000E+01    5.2420751E-01   -2.4002290E+00   -4.1325686E+00    3.8270265E-01   -4.4308192E+01    3.0191272E-03    2.2931425E+00   -1.2132461E+01    8.1956886E-01    2.0219992E+00   -5.4656213E+00    6.1929902E-01   -1.7922946E+00   -2.4208359E+03    3.8571479E+00    1.8931399E-01
    1.4130000E+01    5.2263897E-01   -2.4019393E+00   -4.1156045E+00    3.8455952E-01   -4.4234365E+01    3.0190122E-03    2.2915099E+00   -1.2137682E+01    8.1784701E-01    2.0153727E+00   -5.4580618E+00    6.1773048E-01   -1.7839749E+00   -2.4206570E+03    3.8565914E+00    1.8756929E-01
    1.4310000E+01    5.2106731E-01   -2.4037076E+00   -4.0988215E+00    3.8658586E-01   -4.4169162E+01    3.0189010E-03    2.2900074E+00   -1.2142946E+01    8.1615498E-01    2.0087005E+00   -5.4506546E+00    6.1615882E-01   -1.7757144E+00   -2.4204781E+03    3.8560588E+00    1.8580485E-01
    1.4490000E+01    5.1949266E-01   -2.4055429E+00   -4.0822306E+00    3.8881492E-01   -4.4111054E+01    3.0187936E-03    2.2886534E+00   -1.2148265E+01    8.1449628E-01    2.0019681E+00   -5.4434195E+00    6.1458417E-01   -1.7675096E+00   -2.4202994E+03    3.8555502E+00    1.8401334E-01
    1.4670000E+01    5.1791511E-01   -2.4074544E+00   -4.0658446E+00    3.9128373E-01   -4.4058875E+01    3.0186899E-03    2.2874705E+00   -1.2153656E+01    8.1287453E-01    1.9951613E+00   -5.4363861E+00    6.1300662E-01   -1.7593505E+00   -2.4201207E+03    3.8550657E+00    1.8218747E-01
    1.4850000E+01    5.1633478E-01   -2.4094514E+00   -4.0496787E+00    3.9403315E-01   -4.4011716E+01    3.0185897E-03    2.2864857E+00   -1.2159131E+01    8.1129338E-01    1.9882664E+00   -5.4295958E+00    6.1142629E-01   -1.7512185E+00   -2.4199421E+03    3.8546055E+00    1.8032033E-01
    1.5030000E+01    5.1475178E-01   -2.4115431E+00   -4.0337513E+00    3.9710774E-01   -4.3968851E+01    3.0184931E-03    2.2857309E+00   -1.2164703E+01    8.0975646E-01    1.9812711E+00   -5.4231037E+00    6.0984329E-01   -1.7430850E+00   -2.4197636E+03    3.8541696E+00    1.7840567E-01
    1.5210000E+01    5.1316623E-01   -2.4137385E+00   -4.0180839E+00    4.0055533E-01   -4.3929690E+01    3.0183997E-03    2.2852436E+00   -1.2170382E+01    8.0826734E-01    1.9741650E+00   -5.4169803E+00    6.0825774E-01   -1.7349105E+00   -2.4195852E+03    3.8537583E+00    1.7643821E-01
    1.5390000E+01    5.1157825E-01   -2.4160461E+00   -4.0027017E+00    4.0442637E-01   -4.3893743E+01    3.0183095E-03    2.2850660E+00   -1.2176176E+01    8.0682955E-01    1.9669405E+00   -5.4113112E+00    6.0666977E-01   -1.7266452E+00   -2.4194068E+03    3.8533717E+00    1.7441390E-01
    1.5570000E+01    5.0998798E-01   -2.4184737E+00   -3.9876350E+00    4.0877287E-01   -4.3860596E+01    3.0182223E-03    2.2852449E+00   -1.2182090E+01    8.0544660E-01    1.9595923E+00   -5.4061952E+00    6.0507949E-01   -1.7182322E+00   -2.4192286E+03    3.8530098E+00    1.7233010E-01
    1.5750000E+01    5.0839556E-01   -2.4210291E+00   -3.9729199E+00    4.1364704E-01   -4.3829896E+01    3.0181379E-03    2.2858301E+00   -1.2188126E+01    8.0412206E-01    1.9521185E+00   -5.4017417E+00    6.0348707E-01   -1.7096107E+00   -2.4190504E+03    3.8526729E+00    1.7018563E-01
    1.5930000E+01    5.0680115E-01   -2.4237195E+00   -3.9585997E+00    4.1909957E-01   -4.3801333E+01    3.0180560E-03    2.2868731E+00   -1.2194283E+01    8.0285976E-01    1.9445201E+00   -5.3980655E+00    6.0189266E-01   -1.7007233E+00   -2.4188723E+03    3.8523610E+00    1.6798082E-01
    1.6110000E+01    5.0520491E-01   -2.4265521E+00   -3.9447265E+00    4.2517765E-01   -4.3774633E+01    3.0179763E-03    2.2884245E+00   -1.2200558E+01    8.0166388E-01    1.9368010E+00   -5.3952814E+00    6.0029643E-01   -1.6915220E+00   -2.4186943E+03    3.8520744E+00    1.6571752E-01
    1.6290000E+01    5.0360706E-01   -2.4295346E+00   -3.9313626E+00    4.3192280E-01   -4.3749545E+01    3.0178984E-03    2.2905328E+00   -1.2206943E+01    8.0053915E-01    1.9289684E+00   -5.3934983E+00    5.9869857E-01   -1.6819761E+00   -2.4185164E+03    3.8518131E+00    1.6339909E-01
    1.6470000E+01    5.0200779E-01   -2.4326746E+00   -3.9185807E+00    4.3936869E-01   -4.3725838E+01    3.0178220E-03    2.2932416E+00   -1.2213428E+01    7.9949104E-01    1.9210328E+00   -5.3928137E+00    5.9709930E-01   -1.6720784E+00   -2.4183386E+03    3.8515773E+00    1.6103052E-01
    1.6650000E+01    5.0040736E-01   -2.4359807E+00   -3.9064646E+00    4.4753893E-01   -4.3703295E+01    3.0177467E-03    2.2965880E+00   -1.2220000E+01    7.9852593E-01    1.9130081E+00   -5.3933087E+00    5.9549887E-01   -1.6618499E+00   -2.4181608E+03    3.8513671E+00    1.5861863E-01
    1.6830000E+01    4.9880604E-01   -2.4394616E+00   -3.8951074E+00    4.5644515E-01   -4.3681704E+01    3.0176717E-03    2.3006018E+00   -1.2226639E+01    7.9765126E-01    1.9049131E+00   -5.3950445E+00    5.9389755E-01   -1.6513423E+00   -2.4179832E+03    3.8511827E+00    1.5617242E-01
    1.7010000E+01    4.9720416E-01   -2.4431270E+00   -3.8846095E+00    4.6608529E-01   -4.3660856E+01    3.0175965E-03    2.3053042E+00   -1.2233322E+01    7.9687572E-01    1.8967715E+00   -5.3980612E+00    5.9229567E-01   -1.6406374E+00   -2.4178056E+03    3.8510242E+00    1.5370352E-01
    1.7190000E+01    4.9560207E-01   -2.4469868E+00   -3.8750760E+00    4.7644231E-01   -4.3640541E+01    3.0175203E-03    2.3107078E+00   -1.2240020E+01    7.9620942E-01    1.8886139E+00   -5.4023772E+00    5.9069358E-01   -1.6298446E+00   -2.4176282E+03    3.8508918E+00    1.5122682E-01
    1.7370000E+01    4.9400020E-01   -2.4510513E+00   -3.8666127E+00    4.8748344E-01   -4.3620541E+01    3.0174422E-03    2.3168176E+00   -1.2246694E+01    7.9566414E-01    1.8804789E+00   -5.4079913E+00    5.8909171E-01   -1.6190960E+00   -2.4174508E+03    3.8507856E+00    1.4876117E-01
    1.7550000E+01    4.9239903E-01   -2.4553311E+00   -3.8593237E+00    4.9915977E-01   -4.3600629E+01    3.0173610E-03    2.3236320E+00   -1.2253296E+01    7.9525358E-01    1.8724146E+00   -5.4148857E+00    5.8749054E-01   -1.6085407E+00   -2.4172735E+03    3.8507057E+00    1.4633018E-01
    1.7730000E+01    4.9079912E-01   -2.4598369E+00   -3.8533089E+00    5.1140652E-01   -4.3580561E+01    3.0172756E-03    2.3311444E+00   -1.2259769E+01    7.9499369E-01    1.8644804E+00   -5.4230310E+00    5.8589063E-01   -1.5983382E+00   -2.4170963E+03    3.8506523E+00    1.4396303E-01
    1.7910000E+01    4.8920404E-01   -2.4645696E+00   -3.8486692E+00    5.2411709E-01   -4.3560114E+01    3.0171842E-03    2.3393290E+00   -1.2266028E+01    7.9490263E-01    1.8567643E+00   -5.4323721E+00    5.8429555E-01   -1.5886692E+00   -2.4169196E+03    3.8506255E+00    1.4170004E-01
