# Time          5.0000E+01
# Units: Log10 mol/kgw
    Distance      pH               H+               Li+              Na+              Ca++             K+               Al+++            SiO2(aq)         CO2(aq)          O2(aq)           Methane(aq)      Fe++             Fe+++            HS-              SO4--            Mg++             Cl-              CH2O             Tracer           HCO3-            Al(OH)2+         AlO2-            AlOH++           FeOH+            FeOH++           FeSO4(aq)        FeSO4+           OH-              CO3--            FeCO3(aq)        FeCO3+           FeHCO3+          NaCO3-           NaHCO3(aq)   
    9.0000000E-02    5.7273340E+00   -5.7215561E+00   -3.9999999E+00   -5.1014042E+00   -5.4725785E+00   -5.2873832E+00   -6.2953735E+00   -4.9920887E+00   -3.1460667E+00   -3.4754707E+00   -6.4486663E+00   -7.2967947E+00   -1.3665560E+01   -1.4000000E+01   -1.4000003E+01   -5.6637226E+00   -1.4000000E+01   -3.9370116E+00   -3.0000000E+01   -3.8563132E+00   -6.2830096E+00   -7.8060405E+00   -5.9557841E+00   -1.1086965E+01   -1.0156744E+01   -1.9143779E+01   -2.6010741E+01   -8.7321363E+00   -8.5740962E+00   -1.1053871E+01   -1.2031271E+01   -8.4565015E+00   -1.3028031E+01   -8.7015493E+00
    2.7000000E-01    5.7444210E+00   -5.7383544E+00   -3.9999999E+00   -4.9304193E+00   -5.2245005E+00   -5.2722721E+00   -6.4522910E+00   -4.7566818E+00   -3.1288406E+00   -3.4904325E+00   -6.4486668E+00   -7.2087829E+00   -1.4177966E+01   -1.4000000E+01   -1.4000004E+01   -5.4007983E+00   -1.4000000E+01   -4.5888282E+00   -3.0000000E+01   -3.8216984E+00   -6.4080556E+00   -7.8969124E+00   -6.0970195E+00   -1.0982750E+01   -1.0653467E+01   -1.9058156E+01   -2.6526652E+01   -8.7147479E+00   -8.5214968E+00   -1.0915643E+01   -1.2494577E+01   -8.3350587E+00   -1.2805644E+01   -8.4965516E+00
    4.5000000E-01    5.7735013E+00   -5.7671731E+00   -3.9999999E+00   -4.8148893E+00   -5.0714464E+00   -5.2469221E+00   -6.6914974E+00   -4.6146660E+00   -3.1275450E+00   -3.5041920E+00   -6.4486673E+00   -7.1469199E+00   -1.4262691E+01   -1.4000000E+01   -1.4000004E+01   -5.2468347E+00   -1.4000000E+01   -5.2232789E+00   -3.0000000E+01   -3.7910485E+00   -6.5911879E+00   -8.0218841E+00   -6.3084172E+00   -1.0892608E+01   -1.0710384E+01   -1.8998461E+01   -2.6614556E+01   -8.6853939E+00   -8.4609517E+00   -1.0795398E+01   -1.2521931E+01   -8.2436199E+00   -1.2630656E+01   -8.3509183E+00
    6.3000000E-01    5.8039380E+00   -5.7973571E+00   -3.9999999E+00   -4.7291990E+00   -4.9630456E+00   -5.2097898E+00   -6.9107735E+00   -4.5117591E+00   -3.1295109E+00   -3.5181773E+00   -6.4486677E+00   -7.1035225E+00   -1.4351552E+01   -1.4000000E+01   -1.4000005E+01   -5.1394265E+00   -1.4000000E+01   -5.8198718E+00   -3.0000000E+01   -3.7623125E+00   -6.7516062E+00   -8.1214290E+00   -6.4984836E+00   -1.0819549E+01   -1.0770035E+01   -1.8957161E+01   -2.6706490E+01   -8.6546923E+00   -8.4009905E+00   -1.0694132E+01   -1.2553898E+01   -8.1725253E+00   -1.2486057E+01   -8.2370209E+00
    8.1000000E-01    5.8327418E+00   -5.8259215E+00   -3.9999999E+00   -4.6617967E+00   -4.8806802E+00   -5.1607141E+00   -7.0965932E+00   -4.4325112E+00   -3.1319184E+00   -3.5327442E+00   -6.4486682E+00   -7.0736594E+00   -1.4435639E+01   -1.4000000E+01   -1.4000005E+01   -5.0583354E+00   -1.4000000E+01   -6.3146582E+00   -3.0000000E+01   -3.7356644E+00   -6.8817271E+00   -8.1939423E+00   -6.6566603E+00   -1.0761617E+01   -1.0826479E+01   -1.8929288E+01   -2.6793489E+01   -8.6256371E+00   -8.3447905E+00   -1.0610054E+01   -1.2584693E+01   -8.1169991E+00   -1.2363453E+01   -8.1434725E+00
    9.9000000E-01    5.8591816E+00   -5.8521370E+00   -3.9999999E+00   -4.6065897E+00   -4.8154421E+00   -5.1012528E+00   -7.2549613E+00   -4.3690119E+00   -3.1339962E+00   -3.5480214E+00   -6.4486687E+00   -7.0539494E+00   -1.4512784E+01   -1.4000000E+01   -1.4000005E+01   -4.9943683E+00   -1.4000000E+01   -6.6114770E+00   -3.0000000E+01   -3.7110662E+00   -6.9890039E+00   -8.2483395E+00   -6.7896751E+00   -1.0716156E+01   -1.0878271E+01   -1.8911444E+01   -2.6873364E+01   -8.5989613E+00   -8.2930506E+00   -1.0540466E+01   -1.2612824E+01   -8.0736148E+00   -1.2257443E+01   -8.0641384E+00
    1.1700000E+00    5.8830927E+00   -5.8758384E+00   -3.9999999E+00   -4.5600029E+00   -4.7623502E+00   -5.0343316E+00   -7.3918490E+00   -4.3165337E+00   -3.1353782E+00   -3.5640915E+00   -6.4486691E+00   -7.0418732E+00   -1.4582498E+01   -1.4000000E+01   -1.4000005E+01   -4.9424860E+00   -1.4000000E+01   -6.7191609E+00   -3.0000000E+01   -3.6883159E+00   -7.0797408E+00   -8.2912542E+00   -6.9036661E+00   -1.0680813E+01   -1.0925088E+01   -1.8901115E+01   -2.6945630E+01   -8.5748294E+00   -8.2457325E+00   -1.0482814E+01   -1.2637767E+01   -8.0396526E+00   -1.2164415E+01   -7.9952424E+00
    1.3500000E+00    5.9043501E+00   -5.8968995E+00   -3.9999999E+00   -4.5197623E+00   -4.7182718E+00   -4.9634601E+00   -7.5107691E+00   -4.2720703E+00   -3.1357037E+00   -3.5810327E+00   -6.4486695E+00   -7.0353792E+00   -1.4644397E+01   -1.4000000E+01   -1.4000005E+01   -4.8995394E+00   -1.4000000E+01   -6.7385591E+00   -3.0000000E+01   -3.6671766E+00   -7.1577108E+00   -8.3267094E+00   -7.0022777E+00   -1.0653666E+01   -1.0966679E+01   -1.8896258E+01   -2.7009920E+01   -8.5533648E+00   -8.2027199E+00   -1.0434940E+01   -1.2659040E+01   -8.0128292E+00   -1.2081983E+01   -7.9342759E+00
    1.5300000E+00    5.9226929E+00   -5.9150578E+00   -3.9999999E+00   -4.4843213E+00   -4.6810369E+00   -4.8919530E+00   -7.6132672E+00   -4.2336008E+00   -3.1344846E+00   -3.5989311E+00   -6.4486698E+00   -7.0326468E+00   -1.4697688E+01   -1.4000000E+01   -1.4000005E+01   -4.8633462E+00   -1.4000000E+01   -6.7305380E+00   -3.0000000E+01   -3.6474193E+00   -7.2249947E+00   -8.3573076E+00   -7.0873246E+00   -1.0633159E+01   -1.1002518E+01   -1.8895067E+01   -2.7065460E+01   -8.5348269E+00   -8.1640398E+00   -1.0395065E+01   -1.2675896E+01   -7.9911018E+00   -1.2008636E+01   -7.8794671E+00
    1.7100000E+00    5.9376320E+00   -5.9298221E+00   -3.9999999E+00   -4.4525618E+00   -4.6490220E+00   -4.8224460E+00   -7.6992815E+00   -4.1996875E+00   -3.1310200E+00   -3.6178848E+00   -6.4486701E+00   -7.0319309E+00   -1.4740888E+01   -1.4000000E+01   -1.4000005E+01   -4.8322643E+00   -1.4000000E+01   -6.7145842E+00   -3.0000000E+01   -3.6288305E+00   -7.2825235E+00   -8.3849583E+00   -7.1592429E+00   -1.0618042E+01   -1.1031623E+01   -1.8895812E+01   -2.7110790E+01   -8.5197030E+00   -8.1299625E+00   -1.0361729E+01   -1.2687145E+01   -7.9725193E+00   -1.1943533E+01   -7.8294879E+00
    1.8900000E+00    5.9483685E+00   -5.9403918E+00   -3.9999999E+00   -4.4236139E+00   -4.6209372E+00   -4.7567875E+00   -7.7672164E+00   -4.1692333E+00   -3.1243095E+00   -3.6380072E+00   -6.4486704E+00   -7.0314624E+00   -1.4771587E+01   -1.4000000E+01   -1.4000005E+01   -4.8049624E+00   -1.4000000E+01   -6.6923032E+00   -3.0000000E+01   -3.6112063E+00   -7.3303146E+00   -8.4112763E+00   -7.2172455E+00   -1.0607351E+01   -1.1052390E+01   -1.8896739E+01   -2.7143523E+01   -8.5087897E+00   -8.1010767E+00   -1.0333767E+01   -1.2690989E+01   -7.9551165E+00   -1.1886400E+01   -7.7832687E+00
    2.0700000E+00    5.9555469E+00   -5.9473777E+00   -3.9999999E+00   -4.3857859E+00   -4.5889535E+00   -4.7567282E+00   -7.7082141E+00   -4.1288164E+00   -3.1130420E+00   -3.6592734E+00   -6.4486709E+00   -7.0392424E+00   -1.4791628E+01   -1.4000000E+01   -1.4000005E+01   -4.7572805E+00   -1.4000000E+01   -5.0421824E+00   -3.0000000E+01   -3.5925558E+00   -7.2584900E+00   -8.3250949E+00   -7.1519925E+00   -1.0608547E+01   -1.1066179E+01   -1.8906132E+01   -2.7165913E+01   -8.5014070E+00   -8.0746409E+00   -1.0316719E+01   -1.2686938E+01   -7.9450431E+00   -1.1822946E+01   -7.7271979E+00
    2.2500000E+00    5.9607589E+00   -5.9524046E+00   -3.9999999E+00   -4.3513831E+00   -4.5593096E+00   -4.7568181E+00   -7.7596885E+00   -4.0928021E+00   -3.1007973E+00   -3.6811273E+00   -6.4486714E+00   -7.0440877E+00   -1.4805646E+01   -1.4000000E+01   -1.4000005E+01   -4.7145646E+00   -1.4000000E+01   -4.9170331E+00   -3.0000000E+01   -3.5749023E+00   -7.3010145E+00   -8.3571954E+00   -7.1991453E+00   -1.0608751E+01   -1.1075876E+01   -1.8912528E+01   -2.7182188E+01   -8.4959985E+00   -8.0511917E+00   -1.0299662E+01   -1.2679760E+01   -7.9330012E+00   -1.1765874E+01   -7.6755340E+00
    2.4300000E+00    5.9651611E+00   -5.9566275E+00   -3.9999999E+00   -4.3198123E+00   -4.5316747E+00   -4.7570443E+00   -7.8074260E+00   -4.0601689E+00   -3.0885300E+00   -3.7035747E+00   -6.4486719E+00   -7.0461636E+00   -1.4817281E+01   -1.4000000E+01   -1.4000005E+01   -4.6758680E+00   -1.4000000E+01   -4.8695798E+00   -3.0000000E+01   -3.5580416E+00   -7.3413765E+00   -8.3887530E+00   -7.2433430E+00   -1.0606978E+01   -1.1083971E+01   -1.8916110E+01   -2.7196013E+01   -8.4914055E+00   -8.0293624E+00   -1.0281410E+01   -1.2671751E+01   -7.9189601E+00   -1.1713230E+01   -7.6274833E+00
    2.6100000E+00    5.9690899E+00   -5.9603821E+00   -3.9999999E+00   -4.2906348E+00   -4.5057890E+00   -4.7574061E+00   -7.8507581E+00   -4.0303581E+00   -3.0765047E+00   -3.7265825E+00   -6.4486725E+00   -7.0457312E+00   -1.4827539E+01   -1.4000000E+01   -1.4000005E+01   -4.6405002E+00   -1.4000000E+01   -4.8399686E+00   -3.0000000E+01   -3.5419016E+00   -7.3782385E+00   -8.4177574E+00   -7.2835831E+00   -1.0603155E+01   -1.1091137E+01   -1.8917141E+01   -2.7208398E+01   -8.4872911E+00   -8.0087428E+00   -1.0261817E+01   -1.2663512E+01   -7.9031103E+00   -1.1664168E+01   -7.5825362E+00
    2.7900000E+00    5.9726703E+00   -5.9637931E+00   -3.9999999E+00   -4.2635099E+00   -4.4814417E+00   -4.7579029E+00   -7.8905102E+00   -4.0029443E+00   -3.0647860E+00   -3.7501493E+00   -6.4486730E+00   -7.0430667E+00   -1.4836790E+01   -1.4000000E+01   -1.4000005E+01   -4.6079361E+00   -1.4000000E+01   -4.8149579E+00   -3.0000000E+01   -3.5264215E+00   -7.4121791E+00   -8.4445372E+00   -7.3205678E+00   -1.0597434E+01   -1.1097621E+01   -1.8915901E+01   -2.7219718E+01   -8.4835300E+00   -7.9891461E+00   -1.0240977E+01   -1.2655232E+01   -7.8856689E+00   -1.1618162E+01   -7.5402918E+00
    2.9700000E+00    5.9759644E+00   -5.9669223E+00   -3.9999999E+00   -4.2381657E+00   -4.4584582E+00   -4.7585342E+00   -7.9272370E+00   -3.9775916E+00   -3.0533831E+00   -3.7742827E+00   -6.4486735E+00   -7.0384328E+00   -1.4845219E+01   -1.4000000E+01   -1.4000005E+01   -4.5777658E+00   -1.4000000E+01   -4.7909674E+00   -3.0000000E+01   -3.5115481E+00   -7.4436314E+00   -8.4694014E+00   -7.3547916E+00   -1.0590016E+01   -1.1103547E+01   -1.8912656E+01   -2.7230163E+01   -8.4800598E+00   -7.9704559E+00   -1.0219037E+01   -1.2646982E+01   -7.8668469E+00   -1.1574825E+01   -7.5004257E+00
    3.1500000E+00    5.9790128E+00   -5.9698099E+00   -3.9999999E+00   -4.2143811E+00   -4.4366926E+00   -4.7592994E+00   -7.9613496E+00   -3.9540303E+00   -3.0422901E+00   -3.7989920E+00   -6.4486740E+00   -7.0320697E+00   -1.4852946E+01   -1.4000000E+01   -1.4000005E+01   -4.5496632E+00   -1.4000000E+01   -4.7669520E+00   -3.0000000E+01   -3.4972344E+00   -7.4729278E+00   -8.4926010E+00   -7.3866264E+00   -1.0581102E+01   -1.1108996E+01   -1.8907648E+01   -2.7239855E+01   -8.4768395E+00   -7.9525839E+00   -1.0196153E+01   -1.2638798E+01   -7.8468386E+00   -1.1533850E+01   -7.4626705E+00
    3.3300000E+00    5.9818468E+00   -5.9724870E+00   -3.9999999E+00   -4.1919739E+00   -4.4160210E+00   -4.7601979E+00   -7.9931757E+00   -3.9320398E+00   -3.0314968E+00   -3.8242852E+00   -6.4486746E+00   -7.0241930E+00   -1.4860062E+01   -1.4000000E+01   -1.4000005E+01   -4.5233643E+00   -1.4000000E+01   -4.7425930E+00   -3.0000000E+01   -3.4834389E+00   -7.5003354E+00   -8.5143406E+00   -7.4163698E+00   -1.0570878E+01   -1.1114029E+01   -1.8901095E+01   -2.7248890E+01   -8.4738376E+00   -7.9354562E+00   -1.0172468E+01   -1.2630701E+01   -7.8258192E+00   -1.1494980E+01   -7.4268030E+00
    3.5100000E+00    5.9844926E+00   -5.9749795E+00   -3.9999999E+00   -4.1707923E+00   -4.3963377E+00   -4.7612289E+00   -8.0229862E+00   -3.9114382E+00   -3.0209927E+00   -3.8501682E+00   -6.4486751E+00   -7.0149946E+00   -1.4866644E+01   -1.4000000E+01   -1.4000005E+01   -4.4986529E+00   -1.4000000E+01   -4.7177916E+00   -3.0000000E+01   -3.4701244E+00   -7.5260748E+00   -8.5347884E+00   -7.4442679E+00   -1.0559508E+01   -1.1118699E+01   -1.8893190E+01   -2.7257348E+01   -8.4710275E+00   -7.9190088E+00   -1.0148112E+01   -1.2622707E+01   -7.8039444E+00   -1.1458001E+01   -7.3926347E+00
    3.6900000E+00    5.9869728E+00   -5.9773099E+00   -3.9999999E+00   -4.1507082E+00   -4.3775519E+00   -4.7623916E+00   -8.0510096E+00   -3.8920732E+00   -3.0107675E+00   -3.8766435E+00   -6.4486757E+00   -7.0046443E+00   -1.4872760E+01   -1.4000000E+01   -1.4000005E+01   -4.4753490E+00   -1.4000000E+01   -4.6925200E+00   -3.0000000E+01   -3.4572579E+00   -7.5503308E+00   -8.5540839E+00   -7.4705275E+00   -1.0547142E+01   -1.1123051E+01   -1.8884106E+01   -2.7265297E+01   -8.4683865E+00   -7.9031854E+00   -1.0123200E+01   -1.2614828E+01   -7.7813518E+00   -1.1422730E+01   -7.3600049E+00
    3.8700000E+00    5.9893073E+00   -5.9794978E+00   -3.9999999E+00   -4.1316130E+00   -4.3595845E+00   -4.7636855E+00   -8.0774407E+00   -3.8738162E+00   -3.0008114E+00   -3.9037089E+00   -6.4486762E+00   -6.9932925E+00   -1.4878466E+01   -1.4000000E+01   -1.4000006E+01   -4.4533019E+00   -1.4000000E+01   -4.6667766E+00   -3.0000000E+01   -3.4448095E+00   -7.5732602E+00   -8.5723445E+00   -7.4953245E+00   -1.0533911E+01   -1.1127123E+01   -1.8873994E+01   -2.7272798E+01   -8.4658946E+00   -7.8879357E+00   -1.0097834E+01   -1.2607075E+01   -7.7581628E+00   -1.1389008E+01   -7.3287755E+00
    4.0500000E+00    5.9915133E+00   -5.9815603E+00   -3.9999999E+00   -4.1134133E+00   -4.3423669E+00   -4.7651096E+00   -8.1024466E+00   -3.8565579E+00   -2.9911152E+00   -3.9313568E+00   -6.4486768E+00   -6.9810727E+00   -1.4883813E+01   -1.4000000E+01   -1.4000006E+01   -4.4323837E+00   -1.4000000E+01   -4.6405721E+00   -3.0000000E+01   -3.4327526E+00   -7.5949971E+00   -8.5896692E+00   -7.5188098E+00   -1.0519930E+01   -1.1130950E+01   -1.8862990E+01   -2.7279903E+01   -8.4635342E+00   -7.8732152E+00   -1.0072105E+01   -1.2599456E+01   -7.7344848E+00   -1.1356699E+01   -7.2988269E+00
    4.2300000E+00    5.9936062E+00   -5.9835125E+00   -3.9999999E+00   -4.0960287E+00   -4.3258385E+00   -4.7666633E+00   -8.1261721E+00   -3.8402042E+00   -2.9816701E+00   -3.9595720E+00   -6.4486773E+00   -6.9681038E+00   -1.4888847E+01   -1.4000000E+01   -1.4000006E+01   -4.4124850E+00   -1.4000000E+01   -4.6139262E+00   -3.0000000E+01   -3.4210628E+00   -7.6156566E+00   -8.6061430E+00   -7.5411135E+00   -1.0505305E+01   -1.1134562E+01   -1.8851213E+01   -2.7286660E+01   -8.4612898E+00   -7.8589838E+00   -1.0046092E+01   -1.2591977E+01   -7.7104133E+00   -1.1325682E+01   -7.2700547E+00
    4.4100000E+00    5.9955993E+00   -5.9853677E+00   -3.9999999E+00   -4.0793893E+00   -4.3099460E+00   -4.7683457E+00   -8.1487424E+00   -3.8246740E+00   -2.9724675E+00   -3.9883303E+00   -6.4486779E+00   -6.9544930E+00   -1.4893605E+01   -1.4000000E+01   -1.4000006E+01   -4.3935118E+00   -1.4000000E+01   -4.5868666E+00   -3.0000000E+01   -3.4097181E+00   -7.6353387E+00   -8.6218389E+00   -7.5623484E+00   -1.0490130E+01   -1.1137984E+01   -1.8838772E+01   -2.7293109E+01   -8.4591481E+00   -7.8452057E+00   -1.0019869E+01   -1.2584644E+01   -7.6860339E+00   -1.1295853E+01   -7.2423672E+00
    4.5900000E+00    5.9975042E+00   -5.9871372E+00   -3.9999999E+00   -4.0634338E+00   -4.2946421E+00   -4.7701560E+00   -8.1702662E+00   -3.8098964E+00   -2.9634992E+00   -4.0175960E+00   -6.4486784E+00   -6.9403371E+00   -1.4898122E+01   -1.4000000E+01   -1.4000006E+01   -4.3753822E+00   -1.4000000E+01   -4.5594304E+00   -3.0000000E+01   -3.3986987E+00   -7.6541300E+00   -8.6368205E+00   -7.5826121E+00   -1.0474490E+01   -1.1141241E+01   -1.8825764E+01   -2.7299284E+01   -8.4570973E+00   -7.8318489E+00   -9.9935004E+00   -1.2577458E+01   -7.6614242E+00   -1.1267118E+01   -7.2156835E+00
    4.7700000E+00    5.9993307E+00   -5.9888309E+00   -3.9999999E+00   -4.0481083E+00   -4.2798847E+00   -4.7720935E+00   -8.1908378E+00   -3.7958095E+00   -2.9547569E+00   -4.0473194E+00   -6.4486790E+00   -6.9257253E+00   -1.4902426E+01   -1.4000000E+01   -1.4000006E+01   -4.3580251E+00   -1.4000000E+01   -4.5316650E+00   -3.0000000E+01   -3.3879861E+00   -7.6721060E+00   -8.6511434E+00   -7.6019897E+00   -1.0458465E+01   -1.1144351E+01   -1.8812281E+01   -2.7305217E+01   -8.4551273E+00   -7.8188849E+00   -9.9670488E+00   -1.2570423E+01   -7.6366553E+00   -1.1239396E+01   -7.1899318E+00
    4.9500000E+00    6.0010870E+00   -5.9904567E+00   -3.9999999E+00   -4.0333654E+00   -4.2656359E+00   -4.7741574E+00   -8.2105382E+00   -3.7823587E+00   -2.9462322E+00   -4.0774331E+00   -6.4486796E+00   -6.9107400E+00   -1.4906540E+01   -1.4000000E+01   -1.4000007E+01   -4.3413777E+00   -1.4000000E+01   -4.5036297E+00   -3.0000000E+01   -3.3775637E+00   -7.6893322E+00   -8.6648570E+00   -7.6205546E+00   -1.0442129E+01   -1.1147329E+01   -1.8798405E+01   -2.7310931E+01   -8.4532299E+00   -7.8062885E+00   -9.9405720E+00   -1.2563537E+01   -7.6117935E+00   -1.1212614E+01   -7.1650478E+00
    5.1300000E+00    6.0027798E+00   -5.9920212E+00   -3.9999999E+00   -4.0191624E+00   -4.2518619E+00   -4.7763469E+00   -8.2294367E+00   -3.7694956E+00   -2.9379164E+00   -4.1078484E+00   -6.4486802E+00   -6.8954588E+00   -1.4910483E+01   -1.4000000E+01   -1.4000007E+01   -4.3253846E+00   -1.4000000E+01   -4.4753979E+00   -3.0000000E+01   -3.3674160E+00   -7.7058657E+00   -8.6780050E+00   -7.6383701E+00   -1.0425554E+01   -1.1150190E+01   -1.8784214E+01   -2.7316448E+01   -8.4513984E+00   -7.7940373E+00   -9.9141262E+00   -1.2556798E+01   -7.5869014E+00   -1.1186708E+01   -7.1409739E+00
    5.3100000E+00    6.0044138E+00   -5.9935292E+00   -3.9999999E+00   -4.0054616E+00   -4.2385320E+00   -4.7786612E+00   -8.2475917E+00   -3.7571771E+00   -2.9298002E+00   -4.1384511E+00   -6.4486808E+00   -6.8799552E+00   -1.4914269E+01   -1.4000000E+01   -1.4000007E+01   -4.3099968E+00   -1.4000000E+01   -4.4470587E+00   -3.0000000E+01   -3.3575289E+00   -7.7217558E+00   -8.6906269E+00   -7.6554901E+00   -1.0408809E+01   -1.1152941E+01   -1.8769784E+01   -2.7321781E+01   -8.4496279E+00   -7.7821120E+00   -9.8877664E+00   -1.2550201E+01   -7.5620388E+00   -1.1161622E+01   -7.1176584E+00
    5.4900000E+00    6.0059925E+00   -5.9949839E+00   -3.9999999E+00   -3.9922288E+00   -4.2256183E+00   -4.7810998E+00   -8.2650514E+00   -3.7453645E+00   -2.9218739E+00   -4.1690960E+00   -6.4486814E+00   -6.8643005E+00   -1.4917908E+01   -1.4000000E+01   -1.4000007E+01   -4.2951704E+00   -1.4000000E+01   -4.4187193E+00   -3.0000000E+01   -3.3478893E+00   -7.7370448E+00   -8.7027586E+00   -7.6719599E+00   -1.0391962E+01   -1.1155589E+01   -1.8755186E+01   -2.7326941E+01   -8.4479148E+00   -7.7704958E+00   -9.8615478E+00   -1.2543741E+01   -7.5372641E+00   -1.1137304E+01   -7.0950541E+00
    5.6700000E+00    6.0075176E+00   -5.9963870E+00   -3.9999999E+00   -3.9794333E+00   -4.2130957E+00   -4.7836617E+00   -8.2818549E+00   -3.7340232E+00   -2.9141273E+00   -4.1996013E+00   -6.4486820E+00   -6.8485640E+00   -1.4921402E+01   -1.4000000E+01   -1.4000008E+01   -4.2808660E+00   -1.4000000E+01   -4.3905070E+00   -3.0000000E+01   -3.3384848E+00   -7.7517691E+00   -8.7144328E+00   -7.6878174E+00   -1.0375080E+01   -1.1158137E+01   -1.8740490E+01   -2.7331934E+01   -8.4462573E+00   -7.7591745E+00   -9.8355261E+00   -1.2537408E+01   -7.5126347E+00   -1.1113711E+01   -7.0731183E+00
    5.8500000E+00    6.0089894E+00   -5.9977387E+00   -3.9999999E+00   -3.9670472E+00   -4.2009410E+00   -4.7863465E+00   -8.2980332E+00   -3.7231215E+00   -2.9065494E+00   -4.2297432E+00   -6.4486826E+00   -6.8328139E+00   -1.4924752E+01   -1.4000000E+01   -1.4000008E+01   -4.2670484E+00   -1.4000000E+01   -4.3625717E+00   -3.0000000E+01   -3.3293044E+00   -7.7659595E+00   -8.7256795E+00   -7.7030937E+00   -1.0358233E+01   -1.1160586E+01   -1.8725765E+01   -2.7336760E+01   -8.4446551E+00   -7.7481362E+00   -9.8097584E+00   -1.2531192E+01   -7.4882081E+00   -1.1090802E+01   -7.0518120E+00
    6.0300000E+00    6.0104074E+00   -5.9990384E+00   -3.9999999E+00   -3.9550451E+00   -4.1891331E+00   -4.7891534E+00   -8.3136112E+00   -3.7126311E+00   -2.8991291E+00   -4.2592497E+00   -6.4486832E+00   -6.8171188E+00   -1.4927957E+01   -1.4000000E+01   -1.4000008E+01   -4.2536854E+00   -1.4000000E+01   -4.3350878E+00   -3.0000000E+01   -3.3203372E+00   -7.7796426E+00   -8.7365266E+00   -7.7178144E+00   -1.0341489E+01   -1.1162933E+01   -1.8711079E+01   -2.7341417E+01   -8.4431085E+00   -7.7373707E+00   -9.7843035E+00   -1.2525080E+01   -7.4640423E+00   -1.1068542E+01   -7.0310992E+00
    6.2100000E+00    6.0117706E+00   -6.0002851E+00   -3.9999999E+00   -3.9434037E+00   -4.1776527E+00   -4.7920819E+00   -8.3286100E+00   -3.7025258E+00   -2.8918558E+00   -4.2877960E+00   -6.4486838E+00   -6.8015475E+00   -1.4931011E+01   -1.4000000E+01   -1.4000009E+01   -4.2407481E+00   -1.4000000E+01   -4.3082565E+00   -3.0000000E+01   -3.3115734E+00   -7.7928420E+00   -8.7469995E+00   -7.7320019E+00   -1.0324918E+01   -1.1165176E+01   -1.8696504E+01   -2.7345904E+01   -8.4416184E+00   -7.7268686E+00   -9.7592217E+00   -1.2519060E+01   -7.4401966E+00   -1.1046899E+01   -7.0109470E+00
    6.3900000E+00    6.0130790E+00   -6.0014787E+00   -3.9999999E+00   -3.9321018E+00   -4.1664818E+00   -4.7951315E+00   -8.3430512E+00   -3.6927819E+00   -2.8847200E+00   -4.3150013E+00   -6.4486845E+00   -6.7861703E+00   -1.4933913E+01   -1.4000000E+01   -1.4000009E+01   -4.2282101E+00   -1.4000000E+01   -4.2823077E+00   -3.0000000E+01   -3.3030039E+00   -7.8055801E+00   -8.7571209E+00   -7.7456786E+00   -1.0308591E+01   -1.1167314E+01   -1.8682109E+01   -2.7350218E+01   -8.4401850E+00   -7.7166208E+00   -9.7345746E+00   -1.2513122E+01   -7.4167325E+00   -1.1025844E+01   -6.9913250E+00
    6.5700000E+00    6.0143349E+00   -6.0026213E+00   -3.9999999E+00   -3.9211200E+00   -4.1556040E+00   -4.7983017E+00   -8.3569639E+00   -3.6833776E+00   -2.8777156E+00   -4.3404289E+00   -6.4486851E+00   -6.7710599E+00   -1.4936671E+01   -1.4000000E+01   -1.4000009E+01   -4.2160474E+00   -1.4000000E+01   -4.2575005E+00   -3.0000000E+01   -3.2946199E+00   -7.8178817E+00   -8.7669107E+00   -7.7588711E+00   -1.0292578E+01   -1.1169351E+01   -1.8667967E+01   -2.7354367E+01   -8.4388057E+00   -7.7066160E+00   -9.7104240E+00   -1.2507262E+01   -7.3937140E+00   -1.1005344E+01   -6.9722053E+00
    6.7500000E+00    6.0155460E+00   -6.0037208E+00   -3.9999999E+00   -3.9104405E+00   -4.1450042E+00   -4.8015919E+00   -8.3703937E+00   -3.6742933E+00   -2.8708424E+00   -4.3635912E+00   -6.4486858E+00   -6.7562916E+00   -1.4939305E+01   -1.4000000E+01   -1.4000009E+01   -4.2042382E+00   -1.4000000E+01   -4.2341243E+00   -3.0000000E+01   -3.2864135E+00   -7.8297774E+00   -8.7763842E+00   -7.7716178E+00   -1.0276947E+01   -1.1171302E+01   -1.8654155E+01   -2.7358375E+01   -8.4374728E+00   -7.6968384E+00   -9.6868299E+00   -1.2501488E+01   -7.3712090E+00   -1.0985368E+01   -6.9535623E+00
    6.9300000E+00    6.0167294E+00   -6.0047940E+00   -3.9999999E+00   -3.9000474E+00   -4.1346686E+00   -4.8050020E+00   -8.3834176E+00   -3.6655112E+00   -2.8641102E+00   -4.3839611E+00   -6.4486864E+00   -6.7419451E+00   -1.4941865E+01   -1.4000000E+01   -1.4000010E+01   -4.1927624E+00   -1.4000000E+01   -4.2124983E+00   -3.0000000E+01   -3.2783773E+00   -7.8413107E+00   -8.7855507E+00   -7.7839790E+00   -1.0261762E+01   -1.1173200E+01   -1.8640752E+01   -2.7362291E+01   -8.4361692E+00   -7.6872633E+00   -9.6638479E+00   -1.2495824E+01   -7.3492898E+00   -1.0965875E+01   -6.9353729E+00
    7.1100000E+00    6.0179175E+00   -6.0058734E+00   -3.9999999E+00   -3.8899266E+00   -4.1245846E+00   -4.8085314E+00   -8.3961655E+00   -3.6570160E+00   -2.8575451E+00   -4.4009915E+00   -6.4486871E+00   -6.7281052E+00   -1.4944449E+01   -1.4000000E+01   -1.4000010E+01   -4.1816021E+00   -1.4000000E+01   -4.1929690E+00   -3.0000000E+01   -3.2705050E+00   -7.8525469E+00   -8.7944107E+00   -7.7960522E+00   -1.0247073E+01   -1.1175109E+01   -1.8627844E+01   -2.7366211E+01   -8.4348624E+00   -7.6778519E+00   -9.6415243E+00   -1.2490330E+01   -7.3280352E+00   -1.0946811E+01   -6.9176167E+00
    7.2900000E+00    6.0191667E+00   -6.0070155E+00   -3.9999999E+00   -3.8800665E+00   -4.1147411E+00   -4.8121797E+00   -8.4088504E+00   -3.6487946E+00   -2.8511980E+00   -4.4141432E+00   -6.4486878E+00   -6.7148643E+00   -1.4947224E+01   -1.4000000E+01   -1.4000010E+01   -4.1707415E+00   -1.4000000E+01   -4.1759073E+00   -3.0000000E+01   -3.2627911E+00   -7.8635863E+00   -8.8029516E+00   -7.8079942E+00   -1.0232919E+01   -1.1177141E+01   -1.8615523E+01   -2.7370306E+01   -8.4334958E+00   -7.6685420E+00   -9.6198895E+00   -1.2485111E+01   -7.3075320E+00   -1.0928104E+01   -6.9002765E+00
    7.4700000E+00    6.0205704E+00   -6.0083133E+00   -3.9999999E+00   -3.8704580E+00   -4.1051286E+00   -4.8159464E+00   -8.4218136E+00   -3.6408374E+00   -2.8451581E+00   -4.4229203E+00   -6.4486885E+00   -6.7023244E+00   -1.4950469E+01   -1.4000000E+01   -1.4000011E+01   -4.1601667E+00   -1.4000000E+01   -4.1617022E+00   -3.0000000E+01   -3.2552314E+00   -7.8745837E+00   -8.8111417E+00   -7.8200531E+00   -1.0219306E+01   -1.1179481E+01   -1.8603892E+01   -2.7374854E+01   -8.4319763E+00   -7.6592363E+00   -9.5989484E+00   -1.2480349E+01   -7.2878784E+00   -1.0909647E+01   -6.8833394E+00
    7.6500000E+00    6.0222769E+00   -6.0099154E+00   -3.9999999E+00   -3.8610959E+00   -4.0957394E+00   -4.8198306E+00   -8.4355889E+00   -3.6331390E+00   -2.8395716E+00   -4.4269097E+00   -6.4486892E+00   -6.6906019E+00   -1.4954627E+01   -1.4000000E+01   -1.4000011E+01   -4.1498664E+00   -1.4000000E+01   -4.1507523E+00   -3.0000000E+01   -3.2478236E+00   -7.8857764E+00   -8.8189213E+00   -7.8326143E+00   -1.0206204E+01   -1.1182426E+01   -1.8593066E+01   -2.7380299E+01   -8.4301554E+00   -7.6497841E+00   -9.5786666E+00   -1.2476337E+01   -7.2691885E+00   -1.0891284E+01   -6.8667976E+00
    7.8300000E+00    6.0245170E+00   -6.0120525E+00   -3.9999999E+00   -3.8519795E+00   -4.0865684E+00   -4.8238217E+00   -8.4509772E+00   -3.6256985E+00   -2.8346691E+00   -4.4258201E+00   -6.4486899E+00   -6.6798344E+00   -1.4960390E+01   -1.4000000E+01   -1.4000011E+01   -4.1398323E+00   -1.4000000E+01   -4.1434542E+00   -3.0000000E+01   -3.2405678E+00   -7.8975035E+00   -8.8261683E+00   -7.8462480E+00   -1.0193519E+01   -1.1186434E+01   -1.8583184E+01   -2.7387330E+01   -8.4278025E+00   -7.6399547E+00   -9.5589508E+00   -1.2473535E+01   -7.2515995E+00   -1.0872784E+01   -6.8506505E+00
    8.0100000E+00    6.0276441E+00   -6.0150781E+00   -3.9999999E+00   -3.8431148E+00   -4.0776141E+00   -4.8279020E+00   -8.4692367E+00   -3.6185233E+00   -2.8308074E+00   -4.4195128E+00   -6.4486906E+00   -6.6701905E+00   -1.4968817E+01   -1.4000000E+01   -1.4000011E+01   -4.1300601E+00   -1.4000000E+01   -4.1402436E+00   -3.0000000E+01   -3.2334674E+00   -7.9103156E+00   -8.8327262E+00   -7.8618583E+00   -1.0181066E+01   -1.1192212E+01   -1.8574413E+01   -2.7397007E+01   -8.4245641E+00   -7.6293985E+00   -9.5396192E+00   -1.2472652E+01   -7.2352833E+00   -1.0853802E+01   -6.8349074E+00
    8.1900000E+00    6.0323228E+00   -6.0196573E+00   -3.9999999E+00   -3.8339231E+00   -4.0694586E+00   -4.8203589E+00   -8.4954347E+00   -3.6118555E+00   -2.8285171E+00   -4.4079398E+00   -6.4486913E+00   -6.6597754E+00   -1.4981970E+01   -1.4000000E+01   -1.4000012E+01   -4.1210727E+00   -1.4000000E+01   -4.2902212E+00   -3.0000000E+01   -3.2263887E+00   -7.9279484E+00   -8.8410015E+00   -7.8838468E+00   -1.0166284E+01   -1.1201155E+01   -1.8564855E+01   -2.7411387E+01   -8.4197760E+00   -7.6173179E+00   -9.5179769E+00   -1.2474947E+01   -7.2182101E+00   -1.0832961E+01   -6.8188551E+00
    8.3700000E+00    6.0379193E+00   -6.0251559E+00   -3.9999999E+00   -3.8250323E+00   -4.0615252E+00   -4.8130035E+00   -8.5223576E+00   -3.6055050E+00   -2.8273183E+00   -4.3927708E+00   -6.4486920E+00   -6.6510325E+00   -1.4997813E+01   -1.4000000E+01   -1.4000012E+01   -4.1123064E+00   -1.4000000E+01   -4.4434938E+00   -3.0000000E+01   -3.2194856E+00   -7.9444562E+00   -8.8463164E+00   -7.9056336E+00   -1.0152251E+01   -1.1211862E+01   -1.8556954E+01   -2.7428436E+01   -8.4140720E+00   -7.6045009E+00   -9.4972554E+00   -1.2479175E+01   -7.2029773E+00   -1.0811677E+01   -6.8032755E+00
    8.5500000E+00    6.0441368E+00   -6.0312774E+00   -3.9999999E+00   -3.8164390E+00   -4.0538055E+00   -4.8058295E+00   -8.5512066E+00   -3.5994692E+00   -2.8269126E+00   -4.3753435E+00   -6.4486927E+00   -6.6440408E+00   -1.5015527E+01   -1.4000000E+01   -1.4000012E+01   -4.1037602E+00   -1.4000000E+01   -4.6003210E+00   -3.0000000E+01   -3.2127564E+00   -7.9616335E+00   -8.8510586E+00   -7.9287167E+00   -1.0139343E+01   -1.1223810E+01   -1.8550790E+01   -2.7447334E+01   -8.4077489E+00   -7.5912425E+00   -9.4778287E+00   -1.2484811E+01   -7.1896622E+00   -1.0790242E+01   -6.7881637E+00
    8.7300000E+00    6.0507558E+00   -6.0378022E+00   -3.9999999E+00   -3.8081357E+00   -4.0462887E+00   -4.7988339E+00   -8.5812146E+00   -3.5937405E+00   -2.8270767E+00   -4.3565642E+00   -6.4486934E+00   -6.6388531E+00   -1.5034455E+01   -1.4000000E+01   -1.4000012E+01   -4.0954317E+00   -1.4000000E+01   -4.7604644E+00   -3.0000000E+01   -3.2061975E+00   -7.9791526E+00   -8.8553398E+00   -7.9525487E+00   -1.0127832E+01   -1.1236562E+01   -1.8546414E+01   -2.7467424E+01   -8.4010263E+00   -7.5777585E+00   -9.4599654E+00   -1.2491413E+01   -7.1783138E+00   -1.0768864E+01   -6.7735082E+00
    8.9100000E+00    6.0576170E+00   -6.0445710E+00   -3.9999999E+00   -3.8001118E+00   -4.0389639E+00   -4.7920147E+00   -8.6118221E+00   -3.5883080E+00   -2.8276463E+00   -4.3370673E+00   -6.4486941E+00   -6.6355041E+00   -1.5054120E+01   -1.4000000E+01   -1.4000012E+01   -4.0873165E+00   -1.4000000E+01   -4.9231270E+00   -3.0000000E+01   -3.1998039E+00   -7.9967725E+00   -8.8592373E+00   -7.9767294E+00   -1.0117912E+01   -1.1249801E+01   -1.8543862E+01   -2.7488229E+01   -8.3940633E+00   -7.5642032E+00   -9.4438545E+00   -1.2498659E+01   -7.1689621E+00   -1.0747686E+01   -6.7592937E+00
    9.0900000E+00    6.0646051E+00   -6.0514683E+00   -3.9999999E+00   -3.7923556E+00   -4.0318210E+00   -4.7853700E+00   -8.6426265E+00   -3.5831591E+00   -2.8285006E+00   -4.3172835E+00   -6.4486949E+00   -6.6340159E+00   -1.5074178E+01   -1.4000000E+01   -1.4000012E+01   -4.0794088E+00   -1.4000000E+01   -5.0868426E+00   -3.0000000E+01   -3.1935699E+00   -8.0143219E+00   -8.8628106E+00   -8.0009718E+00   -1.0109720E+01   -1.1263296E+01   -1.8543157E+01   -2.7509405E+01   -8.3869753E+00   -7.5506861E+00   -9.4296282E+00   -1.2506315E+01   -7.1616236E+00   -1.0726807E+01   -6.7455027E+00
    9.2700000E+00    6.0716371E+00   -6.0584113E+00   -3.9999999E+00   -3.7848544E+00   -4.0248506E+00   -4.7788979E+00   -8.6733422E+00   -3.5782802E+00   -2.8295505E+00   -4.2974963E+00   -6.4486956E+00   -6.6344015E+00   -1.5094381E+01   -1.4000000E+01   -1.4000012E+01   -4.0717015E+00   -1.4000000E+01   -5.2493346E+00   -3.0000000E+01   -3.1874893E+00   -8.0316813E+00   -8.8661059E+00   -8.0250734E+00   -1.0103353E+01   -1.1276885E+01   -1.8544311E+01   -2.7530706E+01   -8.3798452E+00   -7.5372838E+00   -9.4173764E+00   -1.2514209E+01   -7.1563053E+00   -1.0706290E+01   -6.7321167E+00
    9.4500000E+00    6.0786545E+00   -6.0653414E+00   -3.9999999E+00   -3.7775957E+00   -4.0180442E+00   -4.7725964E+00   -8.7037707E+00   -3.5736576E+00   -2.8307314E+00   -4.2778848E+00   -6.4486963E+00   -6.6366670E+00   -1.5114553E+01   -1.4000000E+01   -1.4000012E+01   -4.0641866E+00   -1.4000000E+01   -5.4074087E+00   -3.0000000E+01   -3.1815560E+00   -8.0487695E+00   -8.8691592E+00   -8.0488946E+00   -1.0098876E+01   -1.1290450E+01   -1.8547331E+01   -2.7551956E+01   -8.3727313E+00   -7.5240485E+00   -9.4071580E+00   -1.2522222E+01   -7.1530076E+00   -1.0686176E+01   -6.7191170E+00
    9.6300000E+00    6.0856172E+00   -6.0722183E+00   -3.9999999E+00   -3.7705670E+00   -4.0113942E+00   -4.7664631E+00   -8.7337787E+00   -3.5692780E+00   -2.8319970E+00   -4.2585568E+00   -6.4486970E+00   -6.6408132E+00   -1.5134576E+01   -1.4000000E+01   -1.4000012E+01   -4.0568557E+00   -1.4000000E+01   -5.5570124E+00   -3.0000000E+01   -3.1757639E+00   -8.0655341E+00   -8.8719984E+00   -8.0723423E+00   -1.0096329E+01   -1.1303913E+01   -1.8552219E+01   -2.7573039E+01   -8.3656738E+00   -7.5110141E+00   -9.3990079E+00   -1.2530266E+01   -7.1517251E+00   -1.0666487E+01   -6.7064851E+00
    9.8100000E+00    6.0924985E+00   -6.0790153E+00   -3.9999999E+00   -3.7637563E+00   -4.0048942E+00   -4.7604956E+00   -8.7632806E+00   -3.5651281E+00   -2.8333147E+00   -4.2395725E+00   -6.4486977E+00   -6.6468364E+00   -1.5154371E+01   -1.4000000E+01   -1.4000012E+01   -4.0496999E+00   -1.4000000E+01   -5.6936434E+00   -3.0000000E+01   -3.1701068E+00   -8.0819436E+00   -8.8746454E+00   -8.0953582E+00   -1.0095736E+01   -1.1317222E+01   -1.8558970E+01   -2.7593873E+01   -8.3586994E+00   -7.4982009E+00   -9.3929434E+00   -1.2538285E+01   -7.1524485E+00   -1.0647230E+01   -6.6942031E+00
    9.9900000E+00    6.0992814E+00   -6.0857154E+00   -3.9999999E+00   -3.7571523E+00   -3.9985386E+00   -4.7546912E+00   -8.7922259E+00   -3.5611957E+00   -2.8346618E+00   -4.2209605E+00   -6.4486984E+00   -6.6547287E+00   -1.5173887E+01   -1.4000000E+01   -1.4000012E+01   -4.0427098E+00   -1.4000000E+01   -5.8132137E+00   -3.0000000E+01   -3.1645791E+00   -8.0979815E+00   -8.8771174E+00   -8.1179088E+00   -1.0097106E+01   -1.1330343E+01   -1.8567579E+01   -2.7614412E+01   -8.3518249E+00   -7.4856200E+00   -9.3889680E+00   -1.2546239E+01   -7.1551641E+00   -1.0628406E+01   -6.6822539E+00
    1.0170000E+01    6.1059561E+00   -6.0923085E+00   -3.9999999E+00   -3.7507443E+00   -3.9923231E+00   -4.7490471E+00   -8.8205880E+00   -3.5574690E+00   -2.8360227E+00   -4.2027300E+00   -6.4486991E+00   -6.6644780E+00   -1.5193095E+01   -1.4000000E+01   -1.4000011E+01   -4.0358759E+00   -1.4000000E+01   -5.9131610E+00   -3.0000000E+01   -3.1591750E+00   -8.1136416E+00   -8.8794282E+00   -8.1399778E+00   -1.0100436E+01   -1.1343258E+01   -1.8578033E+01   -2.7634625E+01   -8.3450602E+00   -7.4732755E+00   -9.3870743E+00   -1.2554105E+01   -7.1598547E+00   -1.0610008E+01   -6.6706214E+00
    1.0350000E+01    6.1125171E+00   -6.0987895E+00   -3.9999999E+00   -3.7445220E+00   -3.9862442E+00   -4.7435604E+00   -8.8483567E+00   -3.5539369E+00   -2.8373870E+00   -4.1848779E+00   -6.4486999E+00   -6.6760677E+00   -1.5211980E+01   -1.4000000E+01   -1.4000011E+01   -4.0291880E+00   -1.4000000E+01   -5.9932347E+00   -3.0000000E+01   -3.1538893E+00   -8.1289247E+00   -8.8815893E+00   -8.1615605E+00   -1.0105717E+01   -1.1355957E+01   -1.8590316E+01   -2.7654499E+01   -8.3384105E+00   -7.4611673E+00   -9.3872459E+00   -1.2561868E+01   -7.1664984E+00   -1.0592027E+01   -6.6592903E+00
    1.0530000E+01    6.1189622E+00   -6.1051558E+00   -3.9999999E+00   -3.7384762E+00   -3.9802995E+00   -4.7382279E+00   -8.8755320E+00   -3.5505892E+00   -2.8387473E+00   -4.1673945E+00   -6.4487006E+00   -6.6894759E+00   -1.5230536E+01   -1.4000000E+01   -1.4000011E+01   -4.0226362E+00   -1.4000000E+01   -6.0554308E+00   -3.0000000E+01   -3.1487169E+00   -8.1438359E+00   -8.8836103E+00   -8.1826594E+00   -1.0112928E+01   -1.1368436E+01   -1.8604406E+01   -2.7674028E+01   -8.3318781E+00   -7.4492924E+00   -9.3894585E+00   -1.2569518E+01   -7.1750686E+00   -1.0574450E+01   -6.6482460E+00
    1.0710000E+01    6.1252908E+00   -6.1114069E+00   -3.9999999E+00   -3.7325978E+00   -3.9744871E+00   -4.7330464E+00   -8.9021195E+00   -3.5474161E+00   -2.8400983E+00   -4.1502661E+00   -6.4487013E+00   -6.7046746E+00   -1.5248761E+01   -1.4000000E+01   -1.4000010E+01   -4.0162101E+00   -1.4000000E+01   -6.1031339E+00   -3.0000000E+01   -3.1436531E+00   -8.1583824E+00   -8.8854995E+00   -8.2032811E+00   -1.0122042E+01   -1.1380695E+01   -1.8620276E+01   -2.7693210E+01   -8.3254636E+00   -7.4376466E+00   -9.3936801E+00   -1.2577052E+01   -7.1855325E+00   -1.0557265E+01   -6.6374752E+00
    1.0890000E+01    6.1315030E+00   -6.1175428E+00   -3.9999999E+00   -3.7268787E+00   -3.9688057E+00   -4.7280127E+00   -8.9281267E+00   -3.5444087E+00   -2.8414355E+00   -4.1334775E+00   -6.4487020E+00   -6.7216285E+00   -1.5266655E+01   -1.4000000E+01   -1.4000010E+01   -4.0099000E+00   -1.4000000E+01   -6.1400458E+00   -3.0000000E+01   -3.1386932E+00   -8.1725718E+00   -8.8872646E+00   -8.2234331E+00   -1.0133024E+01   -1.1392735E+01   -1.8637892E+01   -2.7712048E+01   -8.3191668E+00   -7.4262249E+00   -9.3998709E+00   -1.2584465E+01   -7.1978506E+00   -1.0540457E+01   -6.6269649E+00
    1.1070000E+01    6.1375985E+00   -6.1235631E+00   -3.9999999E+00   -3.7213111E+00   -3.9632542E+00   -4.7231235E+00   -8.9535595E+00   -3.5415585E+00   -2.8427545E+00   -4.1170129E+00   -6.4487028E+00   -6.7402936E+00   -1.5284219E+01   -1.4000000E+01   -1.4000009E+01   -4.0036965E+00   -1.4000000E+01   -6.1694256E+00   -3.0000000E+01   -3.1338330E+00   -8.1864110E+00   -8.8889128E+00   -8.2431218E+00   -1.0145830E+01   -1.1404554E+01   -1.8657208E+01   -2.7730540E+01   -8.3129879E+00   -7.4150233E+00   -9.4079834E+00   -1.2591753E+01   -7.2119748E+00   -1.0524017E+01   -6.6167034E+00
    1.1250000E+01    6.1435759E+00   -6.1294664E+00   -3.9999999E+00   -3.7158876E+00   -3.9578311E+00   -4.7183753E+00   -8.9784194E+00   -3.5388575E+00   -2.8440498E+00   -4.1008568E+00   -6.4487035E+00   -6.7606159E+00   -1.5301447E+01   -1.4000000E+01   -1.4000009E+01   -3.9975910E+00   -1.4000000E+01   -6.1937800E+00   -3.0000000E+01   -3.1290684E+00   -8.1999046E+00   -8.8904516E+00   -8.2623504E+00   -1.0160408E+01   -1.1416151E+01   -1.8678173E+01   -2.7748683E+01   -8.3069283E+00   -7.4040389E+00   -9.4179609E+00   -1.2598909E+01   -7.2278472E+00   -1.0507933E+01   -6.6066792E+00
    1.1430000E+01    6.1494317E+00   -6.1352492E+00   -3.9999999E+00   -3.7106015E+00   -3.9525344E+00   -4.7137648E+00   -9.0026996E+00   -3.5362982E+00   -2.8453139E+00   -4.0849941E+00   -6.4487043E+00   -6.7825297E+00   -1.5318329E+01   -1.4000000E+01   -1.4000008E+01   -3.9915761E+00   -1.4000000E+01   -6.2148708E+00   -3.0000000E+01   -3.1243953E+00   -8.2130531E+00   -8.8918886E+00   -8.2811157E+00   -1.0176696E+01   -1.1427518E+01   -1.8700720E+01   -2.7766467E+01   -8.3009914E+00   -7.3932711E+00   -9.4297374E+00   -1.2605922E+01   -7.2453981E+00   -1.0492198E+01   -6.5968817E+00
    1.1610000E+01    6.1551587E+00   -6.1409043E+00   -3.9999999E+00   -3.7054461E+00   -3.9473614E+00   -4.7092887E+00   -9.0263801E+00   -3.5338734E+00   -2.8465360E+00   -4.0694108E+00   -6.4487050E+00   -6.8059550E+00   -1.5334844E+01   -1.4000000E+01   -1.4000008E+01   -3.9856457E+00   -1.4000000E+01   -6.2338622E+00   -3.0000000E+01   -3.1198101E+00   -8.2258512E+00   -8.8932326E+00   -8.2994052E+00   -1.0194621E+01   -1.1438642E+01   -1.8724770E+01   -2.7783871E+01   -8.2951844E+00   -7.3827231E+00   -9.4432366E+00   -1.2612776E+01   -7.2645442E+00   -1.0476809E+01   -6.5873005E+00
    1.1790000E+01    6.1607446E+00   -6.1464193E+00   -3.9999999E+00   -3.7004151E+00   -3.9423082E+00   -4.7049436E+00   -9.0494216E+00   -3.5315760E+00   -2.8477001E+00   -4.0540934E+00   -6.4487058E+00   -6.8307959E+00   -1.5350953E+01   -1.4000000E+01   -1.4000007E+01   -3.9797954E+00   -1.4000000E+01   -6.2514910E+00   -3.0000000E+01   -3.1153091E+00   -8.2382846E+00   -8.8944941E+00   -8.3171919E+00   -1.0214100E+01   -1.1449496E+01   -1.8750227E+01   -2.7800857E+01   -8.2895196E+00   -7.3724036E+00   -9.4583715E+00   -1.2619439E+01   -7.2851858E+00   -1.0461770E+01   -6.5779258E+00
    1.1970000E+01    6.1661689E+00   -6.1517735E+00   -3.9999999E+00   -3.6955023E+00   -3.9373699E+00   -4.7007265E+00   -9.0717548E+00   -3.5293994E+00   -2.8487820E+00   -4.0390293E+00   -6.4487065E+00   -6.8569364E+00   -1.5366594E+01   -1.4000000E+01   -1.3999900E+01   -3.9740220E+00   -1.4000000E+01   -6.2682101E+00   -3.0000000E+01   -3.1108886E+00   -8.2503255E+00   -8.8956866E+00   -8.3344275E+00   -1.0235037E+01   -1.1460040E+01   -1.8776869E+01   -2.7817257E+01   -8.2840175E+00   -7.3623293E+00   -9.4750433E+00   -1.2625869E+01   -7.3072037E+00   -1.0447089E+01   -6.5687479E+00
    1.2150000E+01    6.1713989E+00   -6.1569344E+00   -3.9999999E+00   -3.6907017E+00   -3.9325404E+00   -4.6966342E+00   -9.0932669E+00   -3.5273365E+00   -2.8497456E+00   -4.0242070E+00   -6.4487073E+00   -6.8842371E+00   -1.5381669E+01   -1.4000000E+01   -1.3857421E+01   -3.9683239E+00   -1.4000000E+01   -6.2842924E+00   -3.0000000E+01   -3.1065451E+00   -8.2619266E+00   -8.8968277E+00   -8.3510319E+00   -1.0257326E+01   -1.1470207E+01   -1.8662291E+01   -2.7690706E+01   -8.2787106E+00   -7.3525291E+00   -9.4931417E+00   -1.2631996E+01   -7.3304548E+00   -1.0432791E+01   -6.5597570E+00
    1.2330000E+01    6.1763829E+00   -6.1618503E+00   -3.9999999E+00   -3.6860092E+00   -3.9278132E+00   -4.6926640E+00   -9.1137750E+00   -3.5253812E+00   -2.8505367E+00   -4.0096153E+00   -6.4487081E+00   -6.9125187E+00   -1.5396022E+01   -1.4000000E+01   -1.1210852E+01   -3.9627013E+00   -1.4000000E+01   -6.2999003E+00   -3.0000000E+01   -3.1022758E+00   -8.2730084E+00   -8.8979414E+00   -8.3668739E+00   -1.0280838E+01   -1.1479894E+01   -1.6044597E+01   -2.5059334E+01   -8.2736505E+00   -7.3430519E+00   -9.5125366E+00   -1.2637712E+01   -7.3547576E+00   -1.0418921E+01   -6.5509468E+00
    1.2510000E+01    6.1792497E+00   -6.1646763E+00   -3.9999999E+00   -3.6851854E+00   -3.9245607E+00   -4.6885728E+00   -9.3568626E+00   -3.5253781E+00   -2.8510768E+00   -3.9951588E+00   -6.4487084E+00   -6.9229056E+00   -1.5403872E+01   -1.4000000E+01   -8.0106815E+00   -3.9587196E+00   -1.4000000E+01   -6.3131535E+00   -3.0000000E+01   -3.0999037E+00   -8.5106860E+00   -9.1298854E+00   -8.6072845E+00   -1.0288487E+01   -1.1485067E+01   -1.2855168E+01   -2.1867519E+01   -8.2707384E+00   -7.3376793E+00   -9.5179035E+00   -1.2640692E+01   -7.3629456E+00   -1.0412903E+01   -6.5478412E+00
    1.2690000E+01    6.1821002E+00   -6.1674864E+00   -3.9999999E+00   -3.6843681E+00   -3.9213506E+00   -4.6845278E+00   -9.3699308E+00   -3.5253734E+00   -2.8516179E+00   -3.9814366E+00   -6.4487088E+00   -6.9345355E+00   -1.5412016E+01   -1.4000000E+01   -7.7028753E+00   -3.9547745E+00   -1.4000000E+01   -6.3268526E+00   -3.0000000E+01   -3.0975488E+00   -8.5183749E+00   -9.1318732E+00   -8.6176910E+00   -1.0297394E+01   -1.1490549E+01   -1.2559344E+01   -2.1568357E+01   -8.2678427E+00   -7.3323409E+00   -9.5245458E+00   -1.2643997E+01   -7.3723932E+00   -1.0406925E+01   -6.5447591E+00
    1.2870000E+01    6.1849284E+00   -6.1702744E+00   -3.9999999E+00   -3.6835572E+00   -3.9181807E+00   -4.6805422E+00   -9.3807171E+00   -3.5253760E+00   -2.8521571E+00   -3.9684794E+00   -6.4487092E+00   -6.9471763E+00   -1.5420103E+01   -1.4000000E+01   -7.5201422E+00   -3.9508678E+00   -1.4000000E+01   -6.3403612E+00   -3.0000000E+01   -3.0952148E+00   -8.5238244E+00   -9.1316663E+00   -8.6258365E+00   -1.0307334E+01   -1.1495996E+01   -1.2389602E+01   -2.1394210E+01   -8.2649696E+00   -7.3270465E+00   -9.5322409E+00   -1.2647287E+01   -7.3828715E+00   -1.0400996E+01   -6.5417037E+00
    1.3050000E+01    6.1877347E+00   -6.1730407E+00   -3.9999999E+00   -3.6827527E+00   -3.9150490E+00   -4.6766150E+00   -9.3913977E+00   -3.5253857E+00   -2.8526946E+00   -3.9562380E+00   -6.4487096E+00   -6.9606146E+00   -1.5428137E+01   -1.4000000E+01   -7.3887581E+00   -3.9469999E+00   -1.4000000E+01   -6.3533802E+00   -3.0000000E+01   -3.0929013E+00   -8.5292099E+00   -9.1314392E+00   -8.6338970E+00   -1.0318092E+01   -1.1501409E+01   -1.2272005E+01   -2.1271354E+01   -8.2621187E+00   -7.3217953E+00   -9.5407743E+00   -1.2650561E+01   -7.3941665E+00   -1.0395116E+01   -6.5386745E+00
    1.3230000E+01    6.1905197E+00   -6.1757859E+00   -3.9999999E+00   -3.6819546E+00   -3.9119533E+00   -4.6727451E+00   -9.4019899E+00   -3.5254024E+00   -2.8532304E+00   -3.9446689E+00   -6.4487099E+00   -6.9746539E+00   -1.5436115E+01   -1.4000000E+01   -7.2856061E+00   -3.9431715E+00   -1.4000000E+01   -6.3657840E+00   -3.0000000E+01   -3.0906077E+00   -8.5345478E+00   -9.1312072E+00   -8.6418892E+00   -1.0329471E+01   -1.1506787E+01   -1.2183238E+01   -2.1176672E+01   -8.2592895E+00   -7.3165863E+00   -9.5499488E+00   -1.2653821E+01   -7.4060814E+00   -1.0389283E+01   -6.5356712E+00
    1.3410000E+01    6.1932837E+00   -6.1785105E+00   -3.9999999E+00   -3.6811627E+00   -3.9088915E+00   -4.6689316E+00   -9.4124955E+00   -3.5254261E+00   -2.8537647E+00   -3.9337336E+00   -6.4487103E+00   -6.9891145E+00   -1.5444039E+01   -1.4000000E+01   -7.2003846E+00   -3.9393832E+00   -1.4000000E+01   -6.3775339E+00   -3.0000000E+01   -3.0883338E+00   -8.5398387E+00   -9.1309701E+00   -8.6498145E+00   -1.0341293E+01   -1.1512131E+01   -1.2112821E+01   -2.1099863E+01   -8.2564815E+00   -7.3114186E+00   -9.5595838E+00   -1.2657064E+01   -7.4184362E+00   -1.0383497E+01   -6.5326931E+00
    1.3590000E+01    6.1960272E+00   -6.1812148E+00   -3.9999999E+00   -3.6803769E+00   -3.9058614E+00   -4.6651734E+00   -9.4229158E+00   -3.5254565E+00   -2.8542974E+00   -3.9233977E+00   -6.4487107E+00   -7.0038342E+00   -1.5451909E+01   -1.4000000E+01   -7.1275953E+00   -3.9356357E+00   -1.4000000E+01   -6.3886332E+00   -3.0000000E+01   -3.0860790E+00   -8.5450835E+00   -9.1307279E+00   -8.6576738E+00   -1.0353393E+01   -1.1517440E+01   -1.2055093E+01   -2.1035429E+01   -8.2536942E+00   -7.3062915E+00   -9.5695163E+00   -1.2660290E+01   -7.4310683E+00   -1.0377756E+01   -6.5297398E+00
    1.3770000E+01    6.1987505E+00   -6.1838992E+00   -3.9999999E+00   -3.6795972E+00   -3.9028611E+00   -4.6614696E+00   -9.4332523E+00   -3.5254936E+00   -2.8548285E+00   -3.9136308E+00   -6.4487111E+00   -7.0186680E+00   -1.5459725E+01   -1.4000000E+01   -7.0639542E+00   -3.9319295E+00   -1.4000000E+01   -6.3991031E+00   -3.0000000E+01   -3.0838431E+00   -8.5502827E+00   -9.1304804E+00   -8.6654682E+00   -1.0365626E+01   -1.1522714E+01   -1.2006625E+01   -2.0980086E+01   -8.2509274E+00   -7.3012041E+00   -9.5796005E+00   -1.2663499E+01   -7.4438322E+00   -1.0372060E+01   -6.5268108E+00
    1.3950000E+01    6.2014541E+00   -6.1865641E+00   -3.9999999E+00   -3.6788234E+00   -3.8998885E+00   -4.6578191E+00   -9.4435061E+00   -3.5255372E+00   -2.8553580E+00   -3.9044055E+00   -6.4487115E+00   -7.0334884E+00   -1.5467487E+01   -1.4000000E+01   -7.0073412E+00   -3.9282652E+00   -1.4000000E+01   -6.4089714E+00   -3.0000000E+01   -3.0816257E+00   -8.5554369E+00   -9.1302275E+00   -8.6731987E+00   -1.0377865E+01   -1.1527952E+01   -1.1965170E+01   -2.0931714E+01   -8.2481805E+00   -7.2961557E+00   -9.5897084E+00   -1.2666691E+01   -7.4566002E+00   -1.0366408E+01   -6.5239058E+00
    1.4130000E+01    6.2041382E+00   -6.1892097E+00   -3.9999999E+00   -3.6780555E+00   -3.8969419E+00   -4.6542210E+00   -9.4536786E+00   -3.5255873E+00   -2.8558860E+00   -3.8956977E+00   -6.4487120E+00   -7.0481853E+00   -1.5475195E+01   -1.4000000E+01   -6.9563074E+00   -3.9246434E+00   -1.4000000E+01   -6.4182671E+00   -3.0000000E+01   -3.0794264E+00   -8.5605467E+00   -9.1299690E+00   -8.6808660E+00   -1.0389999E+01   -1.1533156E+01   -1.1929169E+01   -2.0888865E+01   -8.2454534E+00   -7.2911457E+00   -9.5997292E+00   -1.2669863E+01   -7.4692620E+00   -1.0360799E+01   -6.5210244E+00
    1.4310000E+01    6.2068033E+00   -6.1918365E+00   -3.9999999E+00   -3.6772935E+00   -3.8940195E+00   -4.6506743E+00   -9.4637708E+00   -3.5256437E+00   -2.8564125E+00   -3.8874855E+00   -6.4487124E+00   -7.0626657E+00   -1.5482850E+01   -1.4000000E+01   -6.9098184E+00   -3.9210642E+00   -1.4000000E+01   -6.4270176E+00   -3.0000000E+01   -3.0772450E+00   -8.5656126E+00   -9.1297048E+00   -8.6884710E+00   -1.0401936E+01   -1.1538323E+01   -1.1897494E+01   -2.0850505E+01   -8.2427457E+00   -7.2861734E+00   -9.6095691E+00   -1.2673018E+01   -7.4817240E+00   -1.0355233E+01   -6.5181661E+00
    1.4490000E+01    6.2094495E+00   -6.1944447E+00   -3.9999999E+00   -3.6765372E+00   -3.8911199E+00   -4.6471780E+00   -9.4737839E+00   -3.5257063E+00   -2.8569375E+00   -3.8797495E+00   -6.4487128E+00   -7.0768525E+00   -1.5490452E+01   -1.4000000E+01   -6.8671094E+00   -3.9175282E+00   -1.4000000E+01   -6.4352481E+00   -3.0000000E+01   -3.0750811E+00   -8.5706351E+00   -9.1294350E+00   -8.6960146E+00   -1.0413596E+01   -1.1543455E+01   -1.1869303E+01   -2.0815868E+01   -8.2400570E+00   -7.2812381E+00   -9.6191506E+00   -1.2676153E+01   -7.4939091E+00   -1.0349709E+01   -6.5153306E+00
    1.4670000E+01    6.2120771E+00   -6.1970346E+00   -3.9999999E+00   -3.6757865E+00   -3.8882415E+00   -4.6437312E+00   -9.4837187E+00   -3.5257751E+00   -2.8574609E+00   -3.8724723E+00   -6.4487132E+00   -7.0906841E+00   -1.5498000E+01   -1.4000000E+01   -6.8275990E+00   -3.9140353E+00   -1.4000000E+01   -6.4429812E+00   -3.0000000E+01   -3.0729344E+00   -8.5756147E+00   -9.1291593E+00   -8.7034975E+00   -1.0424920E+01   -1.1548552E+01   -1.1843954E+01   -2.0784375E+01   -8.2373871E+00   -7.2763394E+00   -9.6284115E+00   -1.2679270E+01   -7.5057552E+00   -1.0344226E+01   -6.5125176E+00
    1.4850000E+01    6.2146865E+00   -6.1996064E+00   -3.9999999E+00   -3.6750415E+00   -3.8853832E+00   -4.6403330E+00   -9.4935764E+00   -3.5258498E+00   -2.8579828E+00   -3.8656385E+00   -6.4487137E+00   -7.1041128E+00   -1.5505497E+01   -1.4000000E+01   -6.7908346E+00   -3.9105856E+00   -1.4000000E+01   -6.4502371E+00   -3.0000000E+01   -3.0708048E+00   -8.5805519E+00   -9.1288778E+00   -8.7109203E+00   -1.0435858E+01   -1.1553614E+01   -1.1820947E+01   -2.0755572E+01   -8.2347357E+00   -7.2714767E+00   -9.6373036E+00   -1.2682367E+01   -7.5172145E+00   -1.0338783E+01   -6.5097266E+00
    1.5030000E+01    6.2172777E+00   -6.2021603E+00   -3.9999999E+00   -3.6743019E+00   -3.8825436E+00   -4.6369824E+00   -9.5033576E+00   -3.5259304E+00   -2.8585030E+00   -3.8592344E+00   -6.4487141E+00   -7.1171034E+00   -1.5512941E+01   -1.4000000E+01   -6.7564570E+00   -3.9071791E+00   -1.4000000E+01   -6.4570338E+00   -3.0000000E+01   -3.0686918E+00   -8.5854471E+00   -9.1285903E+00   -8.7182837E+00   -1.0446375E+01   -1.1558640E+01   -1.1799886E+01   -2.0729101E+01   -8.2321027E+00   -7.2666495E+00   -9.6457913E+00   -1.2685445E+01   -7.5282515E+00   -1.0333381E+01   -6.5069573E+00
    1.5210000E+01    6.2198512E+00   -6.2046966E+00   -3.9999999E+00   -3.6735678E+00   -3.8797220E+00   -4.6336786E+00   -9.5130631E+00   -3.5260169E+00   -2.8590216E+00   -3.8532476E+00   -6.4487146E+00   -7.1296319E+00   -1.5520334E+01   -1.4000000E+01   -6.7241760E+00   -3.9038156E+00   -1.4000000E+01   -6.4633870E+00   -3.0000000E+01   -3.0665952E+00   -8.5903005E+00   -9.1282970E+00   -8.7255883E+00   -1.0456447E+01   -1.1563632E+01   -1.1780457E+01   -2.0704673E+01   -8.2294877E+00   -7.2618572E+00   -9.6538500E+00   -1.2688503E+01   -7.5388419E+00   -1.0328018E+01   -6.5042095E+00
    1.5390000E+01    6.2224068E+00   -6.2072154E+00   -3.9999999E+00   -3.6728390E+00   -3.8769174E+00   -4.6304206E+00   -9.5226936E+00   -3.5261090E+00   -2.8595383E+00   -3.8476676E+00   -6.4487150E+00   -7.1416835E+00   -1.5527675E+01   -1.4000000E+01   -6.6937542E+00   -3.9004947E+00   -1.4000000E+01   -6.4693106E+00   -3.0000000E+01   -3.0645149E+00   -8.5951127E+00   -9.1279978E+00   -8.7328345E+00   -1.0466060E+01   -1.1568589E+01   -1.1762409E+01   -2.0682049E+01   -8.2268908E+00   -7.2570996E+00   -9.6614645E+00   -1.2691542E+01   -7.5489707E+00   -1.0322694E+01   -6.5014827E+00
    1.5570000E+01    6.2249448E+00   -6.2097167E+00   -3.9999999E+00   -3.6721156E+00   -3.8741290E+00   -4.6272075E+00   -9.5322492E+00   -3.5262068E+00   -2.8600531E+00   -3.8424849E+00   -6.4487155E+00   -7.1532512E+00   -1.5534965E+01   -1.4000000E+01   -6.6649943E+00   -3.8972161E+00   -1.4000000E+01   -6.4748169E+00   -3.0000000E+01   -3.0624504E+00   -8.5998836E+00   -9.1276928E+00   -8.7400225E+00   -1.0475206E+01   -1.1573511E+01   -1.1745538E+01   -2.0661034E+01   -8.2243117E+00   -7.2523762E+00   -9.6686277E+00   -1.2694562E+01   -7.5586306E+00   -1.0317409E+01   -6.4987767E+00
    1.5750000E+01    6.2274651E+00   -6.2122005E+00   -3.9999999E+00   -3.6713973E+00   -3.8713562E+00   -4.6240386E+00   -9.5417299E+00   -3.5263101E+00   -2.8605657E+00   -3.8376914E+00   -6.4487160E+00   -7.1643342E+00   -1.5542203E+01   -1.4000000E+01   -6.6377311E+00   -3.8939795E+00   -1.4000000E+01   -6.4799165E+00   -3.0000000E+01   -3.0604017E+00   -8.6046134E+00   -9.1273820E+00   -8.7471523E+00   -1.0483884E+01   -1.1578398E+01   -1.1729676E+01   -2.0641461E+01   -8.2217506E+00   -7.2476869E+00   -9.6753385E+00   -1.2697561E+01   -7.5678206E+00   -1.0312162E+01   -6.4960911E+00
    1.5930000E+01    6.2299675E+00   -6.2146667E+00   -3.9999999E+00   -3.6706842E+00   -3.8685981E+00   -4.6209129E+00   -9.5511352E+00   -3.5264188E+00   -2.8610756E+00   -3.8332800E+00   -6.4487164E+00   -7.1749365E+00   -1.5549389E+01   -1.4000000E+01   -6.6118246E+00   -3.8907844E+00   -1.4000000E+01   -6.4846186E+00   -3.0000000E+01   -3.0583684E+00   -8.6093018E+00   -9.1270656E+00   -8.7542235E+00   -1.0492098E+01   -1.1583250E+01   -1.1714689E+01   -2.0623190E+01   -8.2192075E+00   -7.2430316E+00   -9.6816007E+00   -1.2700539E+01   -7.5765445E+00   -1.0306953E+01   -6.4934258E+00
    1.6110000E+01    6.2324516E+00   -6.2171148E+00   -3.9999999E+00   -3.6699762E+00   -3.8658541E+00   -4.6178296E+00   -9.5604636E+00   -3.5265328E+00   -2.8615823E+00   -3.8292449E+00   -6.4487169E+00   -7.1850653E+00   -1.5556521E+01   -1.4000000E+01   -6.5871550E+00   -3.8876306E+00   -1.4000000E+01   -6.4889310E+00   -3.0000000E+01   -3.0563503E+00   -8.6139483E+00   -9.1267438E+00   -8.7612352E+00   -1.0499857E+01   -1.1588066E+01   -1.1700463E+01   -2.0606100E+01   -8.2166829E+00   -7.2384104E+00   -9.6874219E+00   -1.2703496E+01   -7.5848093E+00   -1.0301783E+01   -6.4907802E+00
    1.6290000E+01    6.2349168E+00   -6.2195441E+00   -3.9999999E+00   -3.6692732E+00   -3.8631234E+00   -4.6147878E+00   -9.5697127E+00   -3.5266521E+00   -2.8620847E+00   -3.8255813E+00   -6.4487174E+00   -7.1947300E+00   -1.5563599E+01   -1.4000000E+01   -6.5636192E+00   -3.8845179E+00   -1.4000000E+01   -6.4928604E+00   -3.0000000E+01   -3.0543472E+00   -8.6185517E+00   -9.1264168E+00   -8.7681854E+00   -1.0507170E+01   -1.1592845E+01   -1.1686906E+01   -2.0590086E+01   -8.2141776E+00   -7.2338238E+00   -9.6928120E+00   -1.2706430E+01   -7.5926241E+00   -1.0296651E+01   -6.4881542E+00
    1.6470000E+01    6.2373619E+00   -6.2219535E+00   -3.9999999E+00   -3.6685751E+00   -3.8604047E+00   -4.6117869E+00   -9.5788780E+00   -3.5267765E+00   -2.8625815E+00   -3.8222854E+00   -6.4487179E+00   -7.2039412E+00   -1.5570617E+01   -1.4000000E+01   -6.5411279E+00   -3.8814465E+00   -1.4000000E+01   -6.4964121E+00   -3.0000000E+01   -3.0523589E+00   -8.6231100E+00   -9.1260851E+00   -8.7750711E+00   -1.0514049E+01   -1.1597583E+01   -1.1673938E+01   -2.0575055E+01   -8.2116926E+00   -7.2292727E+00   -9.6977823E+00   -1.2709337E+01   -7.5999993E+00   -1.0291560E+01   -6.4855475E+00
    1.6650000E+01    6.2397848E+00   -6.2243410E+00   -3.9999999E+00   -3.6678819E+00   -3.8576967E+00   -4.6088260E+00   -9.5879525E+00   -3.5269060E+00   -2.8630705E+00   -3.8193543E+00   -6.4487184E+00   -7.2127092E+00   -1.5577571E+01   -1.4000000E+01   -6.5196030E+00   -3.8784167E+00   -1.4000000E+01   -6.4995905E+00   -3.0000000E+01   -3.0503850E+00   -8.6276202E+00   -9.1257494E+00   -8.7818872E+00   -1.0520506E+01   -1.1602279E+01   -1.1661491E+01   -2.0560923E+01   -8.2092298E+00   -7.2247589E+00   -9.7023449E+00   -1.2712215E+01   -7.6069450E+00   -1.0286509E+01   -6.4829597E+00
    1.6830000E+01    6.2421827E+00   -6.2267037E+00   -3.9999999E+00   -3.6671935E+00   -3.8549976E+00   -4.6059044E+00   -9.5969253E+00   -3.5270404E+00   -2.8635486E+00   -3.8167863E+00   -6.4487189E+00   -7.2210434E+00   -1.5584451E+01   -1.4000000E+01   -6.4989759E+00   -3.8754295E+00   -1.4000000E+01   -6.5023989E+00   -3.0000000E+01   -3.0484254E+00   -8.6320772E+00   -9.1254105E+00   -8.7886256E+00   -1.0526554E+01   -1.1606925E+01   -1.1649507E+01   -2.0547614E+01   -8.2067924E+00   -7.2202849E+00   -9.7065121E+00   -1.2715057E+01   -7.6134704E+00   -1.0281502E+01   -6.4803906E+00
    1.7010000E+01    6.2445510E+00   -6.2290369E+00   -3.9999999E+00   -3.6665098E+00   -3.8523050E+00   -4.6030213E+00   -9.6057794E+00   -3.5271797E+00   -2.8640109E+00   -3.8145803E+00   -6.4487195E+00   -7.2289510E+00   -1.5591244E+01   -1.4000000E+01   -6.4791862E+00   -3.8724864E+00   -1.4000000E+01   -6.5048395E+00   -3.0000000E+01   -3.0464799E+00   -8.6364731E+00   -9.1250699E+00   -8.7952740E+00   -1.0532205E+01   -1.1611512E+01   -1.1637932E+01   -2.0535052E+01   -8.2043847E+00   -7.2158553E+00   -9.7102954E+00   -1.2717854E+01   -7.6195824E+00   -1.0276543E+01   -6.4778397E+00
    1.7190000E+01    6.2468826E+00   -6.2313336E+00   -3.9999999E+00   -3.6658306E+00   -3.8496159E+00   -4.6001760E+00   -9.6144888E+00   -3.5273237E+00   -2.8644500E+00   -3.8127365E+00   -6.4487200E+00   -7.2364360E+00   -1.5597929E+01   -1.4000000E+01   -6.4601804E+00   -3.8695895E+00   -1.4000000E+01   -6.5069135E+00   -3.0000000E+01   -3.0445481E+00   -8.6407963E+00   -9.1247299E+00   -8.8018136E+00   -1.0537468E+01   -1.1616027E+01   -1.1626716E+01   -2.0523164E+01   -8.2020140E+00   -7.2114767E+00   -9.7137054E+00   -1.2720591E+01   -7.6252847E+00   -1.0271640E+01   -6.4753069E+00
    1.7370000E+01    6.2491669E+00   -6.2335833E+00   -3.9999999E+00   -3.6651560E+00   -3.8469263E+00   -4.5973680E+00   -9.6230143E+00   -3.5274723E+00   -2.8648552E+00   -3.8112558E+00   -6.4487205E+00   -7.2434971E+00   -1.5604474E+01   -1.4000000E+01   -6.4419106E+00   -3.8667417E+00   -1.4000000E+01   -6.5086212E+00   -3.0000000E+01   -3.0426299E+00   -8.6450286E+00   -9.1243936E+00   -8.8082156E+00   -1.0542355E+01   -1.1620448E+01   -1.1615811E+01   -2.0511869E+01   -8.1996907E+00   -7.2071594E+00   -9.7167515E+00   -1.2723247E+01   -7.6305760E+00   -1.0266801E+01   -6.4727917E+00
    1.7550000E+01    6.2513878E+00   -6.2357697E+00   -3.9999999E+00   -3.6644858E+00   -3.8442316E+00   -4.5945965E+00   -9.6312964E+00   -3.5276253E+00   -2.8652099E+00   -3.8101400E+00   -6.4487211E+00   -7.2501263E+00   -1.5610831E+01   -1.4000000E+01   -6.4243343E+00   -3.8639470E+00   -1.4000000E+01   -6.5099619E+00   -3.0000000E+01   -3.0407247E+00   -8.6491428E+00   -9.1240659E+00   -8.8144366E+00   -1.0546873E+01   -1.1624744E+01   -1.1605166E+01   -2.0501077E+01   -8.1974310E+00   -7.2029193E+00   -9.7194411E+00   -1.2725790E+01   -7.6354476E+00   -1.0262043E+01   -6.4702936E+00
    1.7730000E+01    6.2535211E+00   -6.2378686E+00   -3.9999999E+00   -3.6638198E+00   -3.8415260E+00   -4.5918611E+00   -9.6392454E+00   -3.5277825E+00   -2.8654896E+00   -3.8093922E+00   -6.4487217E+00   -7.2563048E+00   -1.5616926E+01   -1.4000000E+01   -6.4074131E+00   -3.8612101E+00   -1.4000000E+01   -6.5109338E+00   -3.0000000E+01   -3.0388325E+00   -8.6530979E+00   -9.1237544E+00   -8.8204115E+00   -1.0551027E+01   -1.1628866E+01   -1.1594725E+01   -2.0490678E+01   -8.1952592E+00   -7.1987803E+00   -9.7217797E+00   -1.2728171E+01   -7.6398808E+00   -1.0257390E+01   -6.4678122E+00
    1.7910000E+01    6.2555292E+00   -6.2398425E+00   -3.9999999E+00   -3.6631582E+00   -3.8388043E+00   -4.5891629E+00   -9.6467225E+00   -3.5279436E+00   -2.8656574E+00   -3.8090161E+00   -6.4487222E+00   -7.2619966E+00   -1.5622649E+01   -1.4000000E+01   -6.3911228E+00   -3.8585383E+00   -1.4000000E+01   -6.5115341E+00   -3.0000000E+01   -3.0369537E+00   -8.6568301E+00   -9.1234706E+00   -8.8260388E+00   -1.0554818E+01   -1.1632738E+01   -1.1584425E+01   -2.0480533E+01   -8.1932128E+00   -7.1947806E+00   -9.7237694E+00   -1.2730316E+01   -7.6438399E+00   -1.0252879E+01   -6.4653483E+00
