# Time          5.0000E+01
# Units: Mol/kgw
    Distance           H+               Li+              Na+              Ca++             K+               Al+++            SiO2(aq)         CO2(aq)          O2(aq)           Methane(aq)      Fe++             Fe+++            HS-              SO4--            Mg++             Cl-              CH2O             Tracer       
    9.0000000E-02   -2.6866244E-04    1.0000000E-04    1.8021610E-05    1.0692902E-05    9.0158226E-06    5.2925937E-07    2.9080054E-05    1.3364753E-03    3.3948207E-04    3.5589695E-07    9.4158580E-08    2.1286411E-11    1.0000000E-14    1.0000000E-14    7.0155711E-06    1.0000000E-14    5.7228540E-05    1.0000000E-30
    2.7000000E-01   -3.1589573E-04    1.0000000E-04    3.0603473E-05    1.9339472E-05    1.5807761E-05    2.2323594E-07    5.3484145E-05    1.4313921E-03    3.3236309E-04    3.5589253E-07    1.2686346E-07    1.2017814E-11    1.0000000E-14    1.0000000E-14    1.2725090E-05    1.0000000E-14    6.4833016E-06    1.0000000E-30
    4.5000000E-01   -3.6129654E-04    1.0000000E-04    4.2150872E-05    2.7006088E-05    2.4646822E-05    1.2912045E-07    7.5013363E-05    1.5256525E-03    3.2532726E-04    3.5588839E-07    1.4326514E-07    1.0172320E-11    1.0000000E-14    1.0000000E-14    1.7690423E-05    1.0000000E-14    9.7738387E-07    1.0000000E-30
    6.3000000E-01   -4.0501250E-04    1.0000000E-04    5.2963950E-05    3.4051848E-05    3.4545949E-05    8.7815338E-08    9.4189753E-05    1.6221451E-03    3.1828955E-04    3.5588447E-07    1.4927742E-07    8.9729256E-12    1.0000000E-14    1.0000000E-14    2.2202486E-05    1.0000000E-14    3.7350169E-07    1.0000000E-30
    8.1000000E-01   -4.4738110E-04    1.0000000E-04    6.3241708E-05    4.0776285E-05    4.4704328E-05    6.5594818E-08    1.1144783E-04    1.7216650E-03    3.1124147E-04    3.5588069E-07    1.4972712E-07    8.1650946E-12    1.0000000E-14    1.0000000E-14    2.6477167E-05    1.0000000E-14    3.1133393E-07    1.0000000E-30
    9.9000000E-01   -4.8869424E-04    1.0000000E-04    7.3124637E-05    4.7374662E-05    5.4632489E-05    5.2141177E-08    1.2711898E-04    1.8247316E-03    3.0418238E-04    3.5587701E-07    1.4789326E-07    7.6113907E-12    1.0000000E-14    1.0000000E-14    3.0651828E-05    1.0000000E-14    3.1045895E-07    1.0000000E-30
    1.1700000E+00   -5.2919921E-04    1.0000000E-04    8.2717018E-05    5.3953239E-05    6.4119072E-05    4.3363413E-08    1.4148585E-04    1.9318121E-03    2.9711247E-04    3.5587340E-07    1.4572406E-07    7.2327454E-12    1.0000000E-14    1.0000000E-14    3.4801591E-05    1.0000000E-14    3.1692385E-07    1.0000000E-30
    1.3500000E+00   -5.6910207E-04    1.0000000E-04    9.2099238E-05    6.0567215E-05    7.3103068E-05    3.7330624E-08    1.5478755E-04    2.0433510E-03    2.9003198E-04    3.5586982E-07    1.4424499E-07    6.9811026E-12    1.0000000E-14    1.0000000E-14    3.8966463E-05    1.0000000E-14    3.2456963E-07    1.0000000E-30
    1.5300000E+00   -6.0855836E-04    1.0000000E-04    1.0133532E-04    6.7242394E-05    8.1586932E-05    3.3003158E-08    1.6719148E-04    2.1597640E-03    2.8294112E-04    3.5586626E-07    1.4392717E-07    6.8262740E-12    1.0000000E-14    1.0000000E-14    4.3166271E-05    1.0000000E-14    3.3270168E-07    1.0000000E-30
    1.7100000E+00   -6.4769776E-04    1.0000000E-04    1.1047748E-04    7.3990357E-05    8.9606657E-05    2.9814102E-08    1.7883632E-04    2.2814620E-03    2.7584008E-04    3.5586271E-07    1.4494287E-07    6.7484079E-12    1.0000000E-14    1.0000000E-14    4.7410830E-05    1.0000000E-14    3.4126510E-07    1.0000000E-30
    1.8900000E+00   -6.8663073E-04    1.0000000E-04    1.1957040E-04    8.0816788E-05    9.7205414E-05    2.7419808E-08    1.8984058E-04    2.4088580E-03    2.6872903E-04    3.5585916E-07    1.4732106E-07    6.7341256E-12    1.0000000E-14    1.0000000E-14    5.1706260E-05    1.0000000E-14    3.5097477E-07    1.0000000E-30
    2.0700000E+00   -7.2835050E-04    1.0000000E-04    1.3263668E-04    8.8534035E-05    9.5999086E-05    3.1217323E-08    2.0753089E-04    2.5446368E-03    2.6165410E-04    3.5585506E-07    1.4322000E-07    6.7186274E-12    1.0000000E-14    1.0000000E-14    5.8917330E-05    1.0000000E-14    1.8642369E-05    1.0000000E-30
    2.2500000E+00   -7.6978903E-04    1.0000000E-04    1.4564054E-04    9.6238224E-05    9.4708040E-05    2.8142325E-08    2.2432499E-04    2.6795103E-03    2.5482619E-04    3.5585098E-07    1.4232389E-07    6.7127050E-12    1.0000000E-14    1.0000000E-14    6.6081502E-05    1.0000000E-14    2.1576358E-05    1.0000000E-30
    2.4300000E+00   -8.1099311E-04    1.0000000E-04    1.5858478E-04    1.0393041E-04    9.3343488E-05    2.5644419E-08    2.4028747E-04    2.8132264E-03    2.4822648E-04    3.5584691E-07    1.4343555E-07    6.7095452E-12    1.0000000E-14    1.0000000E-14    7.3204148E-05    1.0000000E-14    2.2483790E-05    1.0000000E-30
    2.6100000E+00   -8.5198011E-04    1.0000000E-04    1.7147024E-04    1.1161111E-04    9.1914624E-05    2.3580305E-08    2.5546586E-04    2.9456223E-03    2.4185929E-04    3.5584286E-07    1.4582229E-07    6.7070957E-12    1.0000000E-14    1.0000000E-14    8.0289364E-05    1.0000000E-14    2.3124405E-05    1.0000000E-30
    2.7900000E+00   -8.9276410E-04    1.0000000E-04    1.8429679E-04    1.1928052E-04    9.0429570E-05    2.1847311E-08    2.6990219E-04    3.0766217E-03    2.3572578E-04    3.5583881E-07    1.4903103E-07    6.7042971E-12    1.0000000E-14    1.0000000E-14    8.7340582E-05    1.0000000E-14    2.3735101E-05    1.0000000E-30
    2.9700000E+00   -9.3335645E-04    1.0000000E-04    1.9706362E-04    1.2693867E-04    8.8895524E-05    2.0372449E-08    2.8363398E-04    3.2061548E-03    2.2982665E-04    3.5583478E-07    1.5277600E-07    6.7003826E-12    1.0000000E-14    1.0000000E-14    9.4360684E-05    1.0000000E-14    2.4347603E-05    1.0000000E-30
    3.1500000E+00   -9.7376618E-04    1.0000000E-04    2.0976935E-04    1.3458540E-04    8.7318895E-05    1.9102322E-08    2.9669496E-04    3.3341477E-03    2.2416252E-04    3.5583076E-07    1.5687211E-07    6.6947418E-12    1.0000000E-14    1.0000000E-14    1.0135209E-04    1.0000000E-14    2.4965224E-05    1.0000000E-30
    3.3300000E+00   -1.0140003E-03    1.0000000E-04    2.2241218E-04    1.4222039E-04    8.5705419E-05    1.7996986E-08    3.0911559E-04    3.4605209E-03    2.1873396E-04    3.5582675E-07    1.6119533E-07    6.6868710E-12    1.0000000E-14    1.0000000E-14    1.0831681E-04    1.0000000E-14    2.5587111E-05    1.0000000E-30
    3.5100000E+00   -1.0540640E-03    1.0000000E-04    2.3498995E-04    1.4984324E-04    8.4060255E-05    1.7025976E-08    3.2092352E-04    3.5851885E-03    2.1354155E-04    3.5582275E-07    1.6565875E-07    6.6763438E-12    1.0000000E-14    1.0000000E-14    1.1525652E-04    1.0000000E-14    2.6211643E-05    1.0000000E-30
    3.6900000E+00   -1.0939611E-03    1.0000000E-04    2.4750020E-04    1.5745342E-04    8.2388066E-05    1.6165669E-08    3.3214393E-04    3.7080589E-03    2.0858583E-04    3.5581876E-07    1.7019813E-07    6.6627907E-12    1.0000000E-14    1.0000000E-14    1.2217260E-04    1.0000000E-14    2.6836912E-05    1.0000000E-30
    3.8700000E+00   -1.1336939E-03    1.0000000E-04    2.5994022E-04    1.6505032E-04    8.0693093E-05    1.5397466E-08    3.4279984E-04    3.8290336E-03    2.0386733E-04    3.5581477E-07    1.7476292E-07    6.6458839E-12    1.0000000E-14    1.0000000E-14    1.2906616E-04    1.0000000E-14    2.7460794E-05    1.0000000E-30
    4.0500000E+00   -1.1732636E-03    1.0000000E-04    2.7230707E-04    1.7263324E-04    7.8979205E-05    1.4706526E-08    3.5291236E-04    3.9480078E-03    1.9938658E-04    3.5581080E-07    1.7931070E-07    6.6253272E-12    1.0000000E-14    1.0000000E-14    1.3593810E-04    1.0000000E-14    2.8080954E-05    1.0000000E-30
    4.2300000E+00   -1.2126703E-03    1.0000000E-04    2.8459759E-04    1.8020141E-04    7.7249959E-05    1.4080860E-08    3.6250088E-04    4.0648698E-03    1.9514410E-04    3.5580683E-07    1.8380365E-07    6.6008469E-12    1.0000000E-14    1.0000000E-14    1.4278907E-04    1.0000000E-14    2.8694856E-05    1.0000000E-30
    4.4100000E+00   -1.2519131E-03    1.0000000E-04    2.9680848E-04    1.8775396E-04    7.5508632E-05    1.3510673E-08    3.7158326E-04    4.1795005E-03    1.9114041E-04    3.5580287E-07    1.8820633E-07    6.5721867E-12    1.0000000E-14    1.0000000E-14    1.4961958E-04    1.0000000E-14    2.9299769E-05    1.0000000E-30
    4.5900000E+00   -1.2909902E-03    1.0000000E-04    3.0893623E-04    1.9528998E-04    7.3758264E-05    1.2987882E-08    3.8017594E-04    4.2917735E-03    1.8737601E-04    3.5579892E-07    1.9248424E-07    6.5391022E-12    1.0000000E-14    1.0000000E-14    1.5642995E-04    1.0000000E-14    2.9892779E-05    1.0000000E-30
    4.7700000E+00   -1.3298991E-03    1.0000000E-04    3.2097717E-04    2.0280846E-04    7.2001686E-05    1.2505748E-08    3.8829410E-04    4.4015544E-03    1.8385140E-04    3.5579498E-07    1.9660294E-07    6.5013581E-12    1.0000000E-14    1.0000000E-14    1.6322033E-04    1.0000000E-14    3.0470806E-05    1.0000000E-30
    4.9500000E+00   -1.3686363E-03    1.0000000E-04    3.3292747E-04    2.1030832E-04    7.0241545E-05    1.2058605E-08    3.9595170E-04    4.5087005E-03    1.8056710E-04    3.5579105E-07    2.0052744E-07    6.4587253E-12    1.0000000E-14    1.0000000E-14    1.6999073E-04    1.0000000E-14    3.1030628E-05    1.0000000E-30
    5.1300000E+00   -1.4071976E-03    1.0000000E-04    3.4478314E-04    2.1778840E-04    6.8480329E-05    1.1641648E-08    4.0316164E-04    4.6130602E-03    1.7752361E-04    3.5578713E-07    2.0422192E-07    6.4109789E-12    1.0000000E-14    1.0000000E-14    1.7674103E-04    1.0000000E-14    3.1568911E-05    1.0000000E-30
    5.3100000E+00   -1.4455782E-03    1.0000000E-04    3.5654001E-04    2.2524748E-04    6.6720386E-05    1.1250768E-08    4.0993576E-04    4.7144730E-03    1.7472144E-04    3.5578322E-07    2.0764954E-07    6.3578974E-12    1.0000000E-14    1.0000000E-14    1.8347095E-04    1.0000000E-14    3.2082238E-05    1.0000000E-30
    5.4900000E+00   -1.4837724E-03    1.0000000E-04    3.6819374E-04    2.3268423E-04    6.4963941E-05    1.0882428E-08    4.1628492E-04    4.8127684E-03    1.7216108E-04    3.5577932E-07    2.1077242E-07    6.2992611E-12    1.0000000E-14    1.0000000E-14    1.9018010E-04    1.0000000E-14    3.2567157E-05    1.0000000E-30
    5.6700000E+00   -1.5217739E-03    1.0000000E-04    3.7973981E-04    2.4009724E-04    6.3213109E-05    1.0533559E-08    4.2221908E-04    4.9077657E-03    1.6984306E-04    3.5577543E-07    2.1355172E-07    6.2348522E-12    1.0000000E-14    1.0000000E-14    1.9686795E-04    1.0000000E-14    3.3020218E-05    1.0000000E-30
    5.8500000E+00   -1.5595756E-03    1.0000000E-04    3.9117353E-04    2.4748503E-04    6.1469913E-05    1.0201481E-08    4.2774730E-04    4.9992735E-03    1.6776787E-04    3.5577156E-07    2.1594782E-07    6.1644544E-12    1.0000000E-14    1.0000000E-14    2.0353382E-04    1.0000000E-14    3.3438032E-05    1.0000000E-30
    6.0300000E+00   -1.5971695E-03    1.0000000E-04    4.0248998E-04    2.5484599E-04    5.9736291E-05    9.8838369E-09    4.3287780E-04    5.0870887E-03    1.6593604E-04    3.5576770E-07    2.1792052E-07    6.0878533E-12    1.0000000E-14    1.0000000E-14    2.1017693E-04    1.0000000E-14    3.3817316E-05    1.0000000E-30
    6.2100000E+00   -1.6345472E-03    1.0000000E-04    4.1368406E-04    2.6217843E-04    5.8014109E-05    9.5785451E-09    4.3761795E-04    5.1709962E-03    1.6434809E-04    3.5576385E-07    2.1942941E-07    6.0048369E-12    1.0000000E-14    1.0000000E-14    2.1679634E-04    1.0000000E-14    3.4154957E-05    1.0000000E-30
    6.3900000E+00   -1.6716993E-03    1.0000000E-04    4.2475043E-04    2.6948052E-04    5.6305165E-05    9.2837539E-09    4.4197434E-04    5.2507684E-03    1.6300452E-04    3.5576002E-07    2.2043428E-07    5.9151962E-12    1.0000000E-14    1.0000000E-14    2.2339099E-04    1.0000000E-14    3.4448064E-05    1.0000000E-30
    6.5700000E+00   -1.7086154E-03    1.0000000E-04    4.3568353E-04    2.7675034E-04    5.4611207E-05    8.9978094E-09    4.4595277E-04    5.3261638E-03    1.6190586E-04    3.5575620E-07    2.2089553E-07    5.8187267E-12    1.0000000E-14    1.0000000E-14    2.2995966E-04    1.0000000E-14    3.4694023E-05    1.0000000E-30
    6.7500000E+00   -1.7452846E-03    1.0000000E-04    4.4647752E-04    2.8398581E-04    5.2933929E-05    8.7192279E-09    4.4955825E-04    5.3969268E-03    1.6105263E-04    3.5575241E-07    2.2077481E-07    5.7152299E-12    1.0000000E-14    1.0000000E-14    2.3650098E-04    1.0000000E-14    3.4890556E-05    1.0000000E-30
    6.9300000E+00   -1.7816949E-03    1.0000000E-04    4.5712631E-04    2.9118473E-04    5.1274987E-05    8.4466734E-09    4.5279503E-04    5.4627869E-03    1.6044537E-04    3.5574863E-07    2.2003556E-07    5.6045148E-12    1.0000000E-14    1.0000000E-14    2.4301343E-04    1.0000000E-14    3.5035766E-05    1.0000000E-30
    7.1100000E+00   -1.8178334E-03    1.0000000E-04    4.6762354E-04    2.9834473E-04    4.9635996E-05    8.1789405E-09    4.5566659E-04    5.5234573E-03    1.6008460E-04    3.5574487E-07    2.1864377E-07    5.4864006E-12    1.0000000E-14    1.0000000E-14    2.4949531E-04    1.0000000E-14    3.5128182E-05    1.0000000E-30
    7.2900000E+00   -1.8536859E-03    1.0000000E-04    4.7796251E-04    3.0546328E-04    4.8018545E-05    7.9149393E-09    4.5817563E-04    5.5786347E-03    1.5997084E-04    3.5574114E-07    2.1656871E-07    5.3607190E-12    1.0000000E-14    1.0000000E-14    2.5594476E-04    1.0000000E-14    3.5166790E-05    1.0000000E-30
    7.4700000E+00   -1.8892376E-03    1.0000000E-04    4.8813621E-04    3.1253767E-04    4.6424193E-05    7.6536856E-09    4.6032409E-04    5.6279979E-03    1.6010463E-04    3.5573742E-07    2.1378375E-07    5.2273175E-12    1.0000000E-14    1.0000000E-14    2.6235970E-04    1.0000000E-14    3.5151062E-05    1.0000000E-30
    7.6500000E+00   -1.9244721E-03    1.0000000E-04    4.9813728E-04    3.1956498E-04    4.4854480E-05    7.3942915E-09    4.6211311E-04    5.6712066E-03    1.6048649E-04    3.5573374E-07    2.1026727E-07    5.0860632E-12    1.0000000E-14    1.0000000E-14    2.6873786E-04    1.0000000E-14    3.5080969E-05    1.0000000E-30
    7.8300000E+00   -1.9593718E-03    1.0000000E-04    5.0795796E-04    3.2654208E-04    4.3310929E-05    7.1359605E-09    4.6354304E-04    5.7079008E-03    1.6111695E-04    3.5573008E-07    2.0600355E-07    4.9368466E-12    1.0000000E-14    1.0000000E-14    2.7507673E-04    1.0000000E-14    3.4956985E-05    1.0000000E-30
    8.0100000E+00   -1.9939180E-03    1.0000000E-04    5.1759028E-04    3.3346550E-04    4.1795374E-05    6.8779950E-09    4.6461239E-04    5.7376995E-03    1.6199653E-04    3.5572645E-07    2.0098470E-07    4.7795867E-12    1.0000000E-14    1.0000000E-14    2.8137343E-04    1.0000000E-14    3.4778525E-05    1.0000000E-30
    8.1900000E+00   -2.0286089E-03    1.0000000E-04    5.2759165E-04    3.4012623E-04    4.1438470E-05    6.6321542E-09    4.6165045E-04    5.7606324E-03    1.6313408E-04    3.5572286E-07    2.0006216E-07    4.6108620E-12    1.0000000E-14    1.0000000E-14    2.8723718E-04    1.0000000E-14    7.4284980E-06    1.0000000E-30
    8.3700000E+00   -2.0629152E-03    1.0000000E-04    5.3743241E-04    3.4672610E-04    4.1078990E-05    6.4290892E-09    4.5849275E-04    5.7819319E-03    1.6433556E-04    3.5571931E-07    1.9708346E-07    4.4499762E-12    1.0000000E-14    1.0000000E-14    2.9305309E-04    1.0000000E-14    1.9408003E-06    1.0000000E-30
    8.5500000E+00   -2.0968524E-03    1.0000000E-04    5.4710819E-04    3.5326283E-04    4.0728272E-05    6.2436143E-09    4.5516370E-04    5.8028563E-03    1.6555333E-04    3.5571579E-07    1.9271254E-07    4.2979909E-12    1.0000000E-14    1.0000000E-14    2.9882708E-04    1.0000000E-14    8.4343508E-07    1.0000000E-30
    8.7300000E+00   -2.1304360E-03    1.0000000E-04    5.5661917E-04    3.5974006E-04    4.0387781E-05    6.0745528E-09    4.5168649E-04    5.8236559E-03    1.6677949E-04    3.5571230E-07    1.8746099E-07    4.1547352E-12    1.0000000E-14    1.0000000E-14    3.0456192E-04    1.0000000E-14    6.2258555E-07    1.0000000E-30
    8.9100000E+00   -2.1636805E-03    1.0000000E-04    5.6596805E-04    3.6616097E-04    4.0057691E-05    5.9203167E-09    4.4808232E-04    5.8443940E-03    1.6801246E-04    3.5570884E-07    1.8170789E-07    4.0196408E-12    1.0000000E-14    1.0000000E-14    3.1025987E-04    1.0000000E-14    5.7571827E-07    1.0000000E-30
    9.0900000E+00   -2.1965995E-03    1.0000000E-04    5.7515895E-04    3.7252787E-04    3.9737959E-05    5.7794169E-09    4.4437047E-04    5.8650965E-03    1.6925194E-04    3.5570540E-07    1.7572582E-07    3.8921151E-12    1.0000000E-14    1.0000000E-14    3.1592308E-04    1.0000000E-14    5.6320548E-07    1.0000000E-30
    9.2700000E+00   -2.2292055E-03    1.0000000E-04    5.8419674E-04    3.7884205E-04    3.9428487E-05    5.6505352E-09    4.4056844E-04    5.8857816E-03    1.7049788E-04    3.5570199E-07    1.6970495E-07    3.7716077E-12    1.0000000E-14    1.0000000E-14    3.2155397E-04    1.0000000E-14    5.5746114E-07    1.0000000E-30
    9.4500000E+00   -2.2615104E-03    1.0000000E-04    5.9308671E-04    3.8510345E-04    3.9129143E-05    5.5325157E-09    4.3669212E-04    5.9064659E-03    1.7175028E-04    3.5569860E-07    1.6377316E-07    3.6576179E-12    1.0000000E-14    1.0000000E-14    3.2715580E-04    1.0000000E-14    5.5306732E-07    1.0000000E-30
    9.6300000E+00   -2.2935251E-03    1.0000000E-04    6.0183423E-04    3.9131027E-04    3.8839776E-05    5.4243427E-09    4.3275592E-04    5.9271659E-03    1.7300914E-04    3.5569524E-07    1.5801248E-07    3.5496914E-12    1.0000000E-14    1.0000000E-14    3.3273319E-04    1.0000000E-14    5.4896604E-07    1.0000000E-30
    9.8100000E+00   -2.3252602E-03    1.0000000E-04    6.1044469E-04    3.9745850E-04    3.8560226E-05    5.3251208E-09    4.2877291E-04    5.9478982E-03    1.7427447E-04    3.5569190E-07    1.5247194E-07    3.4474159E-12    1.0000000E-14    1.0000000E-14    3.3829271E-04    1.0000000E-14    5.4495172E-07    1.0000000E-30
    9.9900000E+00   -2.3567253E-03    1.0000000E-04    6.1892337E-04    4.0354157E-04    3.8290328E-05    5.2340577E-09    4.2475496E-04    5.9686794E-03    1.7554629E-04    3.5568858E-07    1.4717750E-07    3.3504167E-12    1.0000000E-14    1.0000000E-14    3.4384325E-04    1.0000000E-14    5.4098442E-07    1.0000000E-30
    1.0170000E+01   -2.3879299E-03    1.0000000E-04    6.2727538E-04    4.0955023E-04    3.8029920E-05    5.1504498E-09    4.2071281E-04    5.9895265E-03    1.7682460E-04    3.5568528E-07    1.4213942E-07    3.2583531E-12    1.0000000E-14    1.0000000E-14    3.4939624E-04    1.0000000E-14    5.3705618E-07    1.0000000E-30
    1.0350000E+01   -2.4188828E-03    1.0000000E-04    6.3550568E-04    4.1547284E-04    3.7778850E-05    5.0736703E-09    4.1665620E-04    6.0104569E-03    1.7810942E-04    3.5568200E-07    1.3735768E-07    3.1709146E-12    1.0000000E-14    1.0000000E-14    3.5496538E-04    1.0000000E-14    5.3316522E-07    1.0000000E-30
    1.0530000E+01   -2.4495925E-03    1.0000000E-04    6.4361900E-04    4.2129594E-04    3.7536990E-05    5.0031596E-09    4.1259396E-04    6.0314884E-03    1.7940075E-04    3.5567874E-07    1.3282590E-07    3.0878181E-12    1.0000000E-14    1.0000000E-14    3.6056603E-04    1.0000000E-14    5.2931089E-07    1.0000000E-30
    1.0710000E+01   -2.4800670E-03    1.0000000E-04    6.5161991E-04    4.2700536E-04    3.7304259E-05    4.9384173E-09    4.0853408E-04    6.0526393E-03    1.8069861E-04    3.5567549E-07    1.2853394E-07    3.0088055E-12    1.0000000E-14    1.0000000E-14    3.6621418E-04    1.0000000E-14    5.2549277E-07    1.0000000E-30
    1.0890000E+01   -2.5103142E-03    1.0000000E-04    6.5951279E-04    4.3258748E-04    3.7080651E-05    4.8789951E-09    4.0448380E-04    6.0739286E-03    1.8200301E-04    3.5567227E-07    1.2446978E-07    2.9336405E-12    1.0000000E-14    1.0000000E-14    3.7192515E-04    1.0000000E-14    5.2171050E-07    1.0000000E-30
    1.1070000E+01   -2.5403414E-03    1.0000000E-04    6.6730181E-04    4.3803068E-04    3.6866302E-05    4.8244905E-09    4.0044965E-04    6.0953756E-03    1.8331396E-04    3.5566906E-07    1.2062067E-07    2.8621075E-12    1.0000000E-14    1.0000000E-14    3.7771215E-04    1.0000000E-14    5.1796371E-07    1.0000000E-30
    1.1250000E+01   -2.5701558E-03    1.0000000E-04    6.7499100E-04    4.4332661E-04    3.6661568E-05    4.7745402E-09    3.9643753E-04    6.1170007E-03    1.8463146E-04    3.5566586E-07    1.1697388E-07    2.7940089E-12    1.0000000E-14    1.0000000E-14    3.8358493E-04    1.0000000E-14    5.1425204E-07    1.0000000E-30
    1.1430000E+01   -2.5997644E-03    1.0000000E-04    6.8258422E-04    4.4847131E-04    3.6467163E-05    4.7288132E-09    3.9245280E-04    6.1388249E-03    1.8595554E-04    3.5566269E-07    1.1351715E-07    2.7291640E-12    1.0000000E-14    1.0000000E-14    3.8954862E-04    1.0000000E-14    5.1057511E-07    1.0000000E-30
    1.1610000E+01   -2.6291738E-03    1.0000000E-04    6.9008515E-04    4.5346585E-04    3.6284340E-05    4.6870033E-09    3.8850025E-04    6.1608701E-03    1.8728621E-04    3.5565952E-07    1.1023890E-07    2.6674072E-12    1.0000000E-14    1.0000000E-14    3.9560306E-04    1.0000000E-14    5.0693257E-07    1.0000000E-30
    1.1790000E+01   -2.6583904E-03    1.0000000E-04    6.9749737E-04    4.5831644E-04    3.6115143E-05    4.6488201E-09    3.8458423E-04    6.1831590E-03    1.8862347E-04    3.5565637E-07    1.0712837E-07    2.6085868E-12    1.0000000E-14    1.0000001E-14    4.0174247E-04    1.0000000E-14    5.0332405E-07    1.0000000E-30
    1.1970000E+01   -2.6874207E-03    1.0000000E-04    7.0482432E-04    4.6303414E-04    3.5962743E-05    4.6139788E-09    3.8070860E-04    6.2057154E-03    1.8996733E-04    3.5565324E-07    1.0417564E-07    2.5525637E-12    1.0000000E-14    1.0001962E-14    4.0795562E-04    1.0000000E-14    4.9974921E-07    1.0000000E-30
    1.2150000E+01   -2.7162705E-03    1.0000000E-04    7.1206934E-04    4.6763400E-04    3.5831853E-05    4.5821879E-09    3.7687683E-04    6.2285641E-03    1.9131782E-04    3.5565012E-07    1.0137160E-07    2.4992106E-12    1.0000000E-14    1.6885179E-14    4.1422647E-04    1.0000000E-14    4.9620767E-07    1.0000000E-30
    1.2330000E+01   -2.7449425E-03    1.0000000E-04    7.1923402E-04    4.7213356E-04    3.5729377E-05    4.5531341E-09    3.7309250E-04    6.2517278E-03    1.9267494E-04    3.5564701E-07    9.8712460E-08    2.4484163E-12    1.0000000E-14    2.4170416E-11    4.2053454E-04    1.0000000E-14    4.9269925E-07    1.0000000E-30
    1.2510000E+01   -2.7618167E-03    1.0000000E-04    7.2051885E-04    4.7526274E-04    3.6150505E-05    2.5121345E-09    3.7121757E-04    6.2636009E-03    1.9404666E-04    3.5564509E-07    1.2565276E-07    2.4206516E-12    1.0000000E-14    8.5119234E-08    4.2505067E-04    1.0000000E-14    4.9244717E-07    1.0000000E-30
    1.2690000E+01   -2.7786104E-03    1.0000000E-04    7.2179581E-04    4.7835965E-04    3.6585920E-05    2.4904458E-09    3.6935226E-04    6.2754479E-03    1.9536348E-04    3.5564319E-07    1.3892047E-07    2.3912321E-12    1.0000000E-14    1.7079222E-07    4.2956688E-04    1.0000000E-14    4.8966205E-07    1.0000000E-30
    1.2870000E+01   -2.7953304E-03    1.0000000E-04    7.2306489E-04    4.8142906E-04    3.7038479E-05    2.4707973E-09    3.6749391E-04    6.2873059E-03    1.9661898E-04    3.5564129E-07    1.4483310E-07    2.3619273E-12    1.0000000E-14    2.5701614E-07    4.3407699E-04    1.0000000E-14    4.8659497E-07    1.0000000E-30
    1.3050000E+01   -2.8119845E-03    1.0000000E-04    7.2432614E-04    4.8447562E-04    3.7512029E-05    2.4516147E-09    3.6564269E-04    6.2991847E-03    1.9781415E-04    3.5563939E-07    1.4684590E-07    2.3330016E-12    1.0000000E-14    3.4376456E-07    4.3857484E-04    1.0000000E-14    4.8363347E-07    1.0000000E-30
    1.3230000E+01   -2.8285773E-03    1.0000000E-04    7.2557964E-04    4.8750357E-04    3.8011111E-05    2.4328292E-09    3.6379876E-04    6.3110915E-03    1.9895003E-04    3.5563750E-07    1.4682947E-07    2.3045918E-12    1.0000000E-14    4.3101149E-07    4.4305426E-04    1.0000000E-14    4.8083816E-07    1.0000000E-30
    1.3410000E+01   -2.8451115E-03    1.0000000E-04    7.2682549E-04    4.9051674E-04    3.8541042E-05    2.4143704E-09    3.6196226E-04    6.3230323E-03    2.0002775E-04    3.5563561E-07    1.4578609E-07    2.2767650E-12    1.0000000E-14    5.1873142E-07    4.4750913E-04    1.0000000E-14    4.7821278E-07    1.0000000E-30
    1.3590000E+01   -2.8615892E-03    1.0000000E-04    7.2806382E-04    4.9351832E-04    3.9108013E-05    2.3961642E-09    3.6013334E-04    6.3350122E-03    2.0104850E-04    3.5563372E-07    1.4424689E-07    2.2495502E-12    1.0000000E-14    6.0689938E-07    4.5193346E-04    1.0000000E-14    4.7575147E-07    1.0000000E-30
    1.3770000E+01   -2.8780116E-03    1.0000000E-04    7.2929474E-04    4.9651087E-04    3.9719168E-05    2.3781321E-09    3.5831211E-04    6.3470363E-03    2.0201354E-04    3.5563184E-07    1.4248997E-07    2.2229564E-12    1.0000000E-14    6.9549094E-07    4.5632147E-04    1.0000000E-14    4.7344703E-07    1.0000000E-30
    1.3950000E+01   -2.8943799E-03    1.0000000E-04    7.3051842E-04    4.9949616E-04    4.0382699E-05    2.3601908E-09    3.5649867E-04    6.3591096E-03    2.0292418E-04    3.5562997E-07    1.4065880E-07    2.1969819E-12    1.0000000E-14    7.8448227E-07    4.6066756E-04    1.0000000E-14    4.7129226E-07    1.0000000E-30
    1.4130000E+01   -2.9106949E-03    1.0000000E-04    7.3173502E-04    5.0247515E-04    4.1107924E-05    2.3422534E-09    3.5469313E-04    6.3712371E-03    2.0378177E-04    3.5562810E-07    1.3882602E-07    2.1716201E-12    1.0000000E-14    8.7385008E-07    4.6496640E-04    1.0000000E-14    4.6928025E-07    1.0000000E-30
    1.4310000E+01   -2.9269576E-03    1.0000000E-04    7.3294469E-04    5.0544798E-04    4.1905367E-05    2.3242299E-09    3.5289557E-04    6.3834242E-03    2.0458770E-04    3.5562623E-07    1.3702729E-07    2.1468619E-12    1.0000000E-14    9.6357175E-07    4.6921287E-04    1.0000000E-14    4.6740441E-07    1.0000000E-30
    1.4490000E+01   -2.9431686E-03    1.0000000E-04    7.3414764E-04    5.0841391E-04    4.2786823E-05    2.3060284E-09    3.5110605E-04    6.3956764E-03    2.0534339E-04    3.5562437E-07    1.3527928E-07    2.1226971E-12    1.0000000E-14    1.0536252E-06    4.7340207E-04    1.0000000E-14    4.6565844E-07    1.0000000E-30
    1.4670000E+01   -2.9593287E-03    1.0000000E-04    7.3534403E-04    5.1137138E-04    4.3765415E-05    2.2875575E-09    3.4932464E-04    6.4079994E-03    2.0605028E-04    3.5562252E-07    1.3358899E-07    2.0991158E-12    1.0000000E-14    1.1439892E-06    4.7752927E-04    1.0000000E-14    4.6403633E-07    1.0000000E-30
    1.4850000E+01   -2.9754387E-03    1.0000000E-04    7.3653408E-04    5.1431801E-04    4.4855631E-05    2.2687275E-09    3.4755138E-04    6.4203993E-03    2.0670980E-04    3.5562067E-07    1.3195859E-07    2.0761080E-12    1.0000000E-14    1.2346427E-06    4.8158984E-04    1.0000000E-14    4.6253240E-07    1.0000000E-30
    1.5030000E+01   -2.9914993E-03    1.0000000E-04    7.3771798E-04    5.1725066E-04    4.6073347E-05    2.2494540E-09    3.4578631E-04    6.4328826E-03    2.0732338E-04    3.5561883E-07    1.3038792E-07    2.0536643E-12    1.0000000E-14    1.3255658E-06    4.8557920E-04    1.0000000E-14    4.6114124E-07    1.0000000E-30
    1.5210000E+01   -3.0075113E-03    1.0000000E-04    7.3889595E-04    5.2016557E-04    4.7435819E-05    2.2296600E-09    3.4402946E-04    6.4454560E-03    2.0789243E-04    3.5561700E-07    1.2887574E-07    2.0317760E-12    1.0000000E-14    1.4167389E-06    4.8949275E-04    1.0000000E-14    4.5985773E-07    1.0000000E-30
    1.5390000E+01   -3.0234752E-03    1.0000000E-04    7.4006821E-04    5.2305842E-04    4.8961656E-05    2.2092790E-09    3.4228086E-04    6.4581266E-03    2.0841835E-04    3.5561518E-07    1.2742038E-07    2.0104349E-12    1.0000000E-14    1.5081431E-06    4.9332570E-04    1.0000000E-14    4.5867708E-07    1.0000000E-30
    1.5570000E+01   -3.0393918E-03    1.0000000E-04    7.4123497E-04    5.2592456E-04    5.0670756E-05    2.1882583E-09    3.4054054E-04    6.4709019E-03    2.0890247E-04    3.5561337E-07    1.2602003E-07    1.9896334E-12    1.0000000E-14    1.5997600E-06    4.9707300E-04    1.0000000E-14    4.5759476E-07    1.0000000E-30
    1.5750000E+01   -3.0552619E-03    1.0000000E-04    7.4239648E-04    5.2875916E-04    5.2584214E-05    2.1665614E-09    3.3880850E-04    6.4837898E-03    2.0934609E-04    3.5561156E-07    1.2467290E-07    1.9693647E-12    1.0000000E-14    1.6915719E-06    5.0072915E-04    1.0000000E-14    4.5660655E-07    1.0000000E-30
    1.5930000E+01   -3.0710862E-03    1.0000000E-04    7.4355295E-04    5.3155751E-04    5.4724191E-05    2.1441704E-09    3.3708479E-04    6.4967987E-03    2.0975045E-04    3.5560977E-07    1.2337729E-07    1.9496226E-12    1.0000000E-14    1.7835615E-06    5.0428802E-04    1.0000000E-14    4.5570852E-07    1.0000000E-30
    1.6110000E+01   -3.0868653E-03    1.0000000E-04    7.4470461E-04    5.3431529E-04    5.7113738E-05    2.1210881E-09    3.3536942E-04    6.5099373E-03    2.1011672E-04    3.5560799E-07    1.2213164E-07    1.9304016E-12    1.0000000E-14    1.8757123E-06    5.0774263E-04    1.0000000E-14    4.5489705E-07    1.0000000E-30
    1.6290000E+01   -3.1026000E-03    1.0000000E-04    7.4585170E-04    5.3702893E-04    5.9776588E-05    2.0973385E-09    3.3366243E-04    6.5232151E-03    2.1044600E-04    3.5560623E-07    1.2093453E-07    1.9116969E-12    1.0000000E-14    1.9680078E-06    5.1108493E-04    1.0000000E-14    4.5416881E-07    1.0000000E-30
    1.6470000E+01   -3.1182912E-03    1.0000000E-04    7.4699444E-04    5.3969597E-04    6.2736902E-05    2.0729673E-09    3.3196388E-04    6.5366418E-03    2.1073932E-04    3.5560447E-07    1.1978467E-07    1.8935043E-12    1.0000000E-14    2.0604325E-06    5.1430554E-04    1.0000000E-14    4.5352079E-07    1.0000000E-30
    1.6650000E+01   -3.1339395E-03    1.0000000E-04    7.4813305E-04    5.4231548E-04    6.6018969E-05    2.0480411E-09    3.3027382E-04    6.5502279E-03    2.1099758E-04    3.5560274E-07    1.1868093E-07    1.8758206E-12    1.0000000E-14    2.1529709E-06    5.1739353E-04    1.0000000E-14    4.5295026E-07    1.0000000E-30
    1.6830000E+01   -3.1495458E-03    1.0000000E-04    7.4926776E-04    5.4488843E-04    6.9646871E-05    2.0226455E-09    3.2859233E-04    6.5639844E-03    2.1122164E-04    3.5560101E-07    1.1762230E-07    1.8586431E-12    1.0000000E-14    2.2456079E-06    5.2033618E-04    1.0000000E-14    4.5245480E-07    1.0000000E-30
    1.7010000E+01   -3.1651110E-03    1.0000000E-04    7.5039878E-04    5.4741803E-04    7.3644109E-05    1.9968829E-09    3.2691948E-04    6.5779230E-03    2.1141222E-04    3.5559931E-07    1.1660792E-07    1.8419699E-12    1.0000000E-14    2.3383290E-06    5.2311879E-04    1.0000000E-14    4.5203232E-07    1.0000000E-30
    1.7190000E+01   -3.1806358E-03    1.0000000E-04    7.5152630E-04    5.4991008E-04    7.8033196E-05    1.9708694E-09    3.2525540E-04    6.5920560E-03    2.1156995E-04    3.5559762E-07    1.1563708E-07    1.8257998E-12    1.0000000E-14    2.4311197E-06    5.2572466E-04    1.0000000E-14    4.5168100E-07    1.0000000E-30
    1.7370000E+01   -3.1961212E-03    1.0000000E-04    7.5265051E-04    5.5237314E-04    8.2835221E-05    1.9447310E-09    3.2360019E-04    6.6063965E-03    2.1169536E-04    3.5559595E-07    1.1470920E-07    1.8101327E-12    1.0000000E-14    2.5239658E-06    5.2813500E-04    1.0000000E-14    4.5139935E-07    1.0000000E-30
    1.7550000E+01   -3.2115682E-03    1.0000000E-04    7.5377159E-04    5.5481866E-04    8.8069403E-05    1.9186004E-09    3.2195400E-04    6.6209583E-03    2.1178885E-04    3.5559431E-07    1.1382381E-07    1.7949691E-12    1.0000000E-14    2.6168533E-06    5.3032913E-04    1.0000000E-14    4.5118618E-07    1.0000000E-30
    1.7730000E+01   -3.2269776E-03    1.0000000E-04    7.5488971E-04    5.5726088E-04    9.3752625E-05    1.8926133E-09    3.2031699E-04    6.6357561E-03    2.1185072E-04    3.5559268E-07    1.1298060E-07    1.7803105E-12    1.0000000E-14    2.7097684E-06    5.3228474E-04    1.0000000E-14    4.5104061E-07    1.0000000E-30
    1.7910000E+01   -3.2423462E-03    1.0000000E-04    7.5600470E-04    5.5971598E-04    9.9896977E-05    1.8669127E-09    3.1868976E-04    6.6508010E-03    2.1188115E-04    3.5559107E-07    1.1217959E-07    1.7661630E-12    1.0000000E-14    2.8026710E-06    5.3397800E-04    1.0000000E-14    4.5096208E-07    1.0000000E-30
