# Time          5.0000E+01
# Units: Dimensionless (Log10(Q/Keq)
    Distance           Quartz           Albite           Dolomite-dis     Microcline       Pyrite           Fe(OH)3          Muscovite        Chamosite-7A     Illite           Kaolinite        Smectite-high    SiO2(am)         Calcite          POMC             O2(s)            Gibbsite     
    9.0000000E-02   -6.4090133E-01   -6.3777931E+00   -1.1184824E+01   -3.3168997E+00   -5.6433154E+01    3.7210101E-01    2.6485756E+00   -1.0676408E+01   -9.4012181E-01    3.7468169E+00   -1.2715069E+01   -5.4580982E-01   -5.2316928E+00   -3.2576603E+03    3.9093048E+00    2.2168317E+00
    2.7000000E-01   -3.9121307E-01   -5.6105511E+00   -1.0570150E+01   -2.6824100E+00   -5.6438305E+01    1.2860416E-03    2.9033891E+00   -1.0599491E+01   -3.7870130E-01    3.8665173E+00   -1.1694087E+01   -2.9612155E-01   -4.9295410E+00   -3.2570648E+03    3.9090166E+00    2.0269937E+00
    4.5000000E-01   -2.3871081E-01   -5.1827055E+00   -1.0173815E+01   -2.3045268E+00   -5.6472469E+01    1.4996578E-03    2.9284385E+00   -1.0659994E+01   -1.4218543E-01    3.8186880E+00   -1.1074752E+01   -1.4361930E-01   -4.7315283E+00   -3.2564702E+03    3.9087222E+00    1.8505767E+00
    6.3000000E-01   -1.3061276E-01   -4.8722681E+00   -9.8766971E+00   -1.9968432E+00   -5.6524463E+01    1.6648446E-03    2.9797676E+00   -1.0714631E+01    4.6177411E-02    3.7785295E+00   -1.0621355E+01   -3.5521252E-02   -4.5825322E+00   -3.2558764E+03    3.9084218E+00    1.7223994E+00
    8.1000000E-01   -4.8396343E-02   -4.6290878E+00   -9.6384178E+00   -1.7301957E+00   -5.6587548E+01    1.7809830E-03    3.0515787E+00   -1.0767287E+01    2.1082032E-01    3.7481261E+00   -1.0264114E+01    4.6695168E-02   -4.4628632E+00   -3.2552835E+03    3.9081158E+00    1.6249813E+00
    9.9000000E-01    1.7094797E-02   -4.4312166E+00   -9.4392919E+00   -1.4965750E+00   -5.6657477E+01    1.8541828E-03    3.1281826E+00   -1.0823355E+01    3.5444764E-01    3.7220915E+00   -9.9727557E+00    1.1218631E-01   -4.3627531E+00   -3.2546914E+03    3.9078044E+00    1.5464729E+00
    1.1700000E+00    7.0978514E-02   -4.2657642E+00   -9.2678022E+00   -1.2917688E+00   -5.6731269E+01    1.8931401E-03    3.2013729E+00   -1.0883145E+01    4.7917565E-01    3.6982430E+00   -9.7292058E+00    1.6607003E-01   -4.2764589E+00   -3.2541002E+03    3.9074878E+00    1.4806649E+00
    1.3500000E+00    1.1637174E-01   -4.1245349E+00   -9.1164850E+00   -1.1123957E+00   -5.6806720E+01    1.9070865E-03    3.2674064E+00   -1.0945213E+01    5.8721285E-01    3.6756899E+00   -9.5214799E+00    2.1146325E-01   -4.2002558E+00   -3.2535099E+03    3.9071660E+00    1.4239951E+00
    1.5300000E+00    1.5530281E-01   -4.0020412E+00   -8.9802432E+00   -9.5523900E-01   -5.6882208E+01    1.9044316E-03    3.3250072E+00   -1.1007775E+01    6.8076151E-01    3.6539961E+00   -9.3411623E+00    2.5039433E-01   -4.1316002E+00   -3.2529204E+03    3.9068388E+00    1.3742172E+00
    1.7100000E+00    1.8916028E-01   -3.8944389E+00   -8.8555068E+00   -8.1721852E-01   -5.6956626E+01    1.8920541E-03    3.3742219E+00   -1.1069240E+01    7.6190718E-01    3.6329052E+00   -9.1821317E+00    2.8425179E-01   -4.0687107E+00   -3.2523309E+03    3.9065062E+00    1.3298143E+00
    1.8900000E+00    2.1899599E-01   -3.7987297E+00   -8.7394999E+00   -6.9562287E-01   -5.7029448E+01    1.8748902E-03    3.4154749E+00   -1.1128567E+01    8.3249792E-01    3.6122341E+00   -9.0395595E+00    3.1408750E-01   -4.0102530E+00   -3.2515710E+03    3.9061680E+00    1.2896430E+00
    2.0700000E+00    2.5779633E-01   -3.5541813E+00   -8.5917041E+00   -4.8962859E-01   -5.7129093E+01    1.5540622E-03    3.7675365E+00   -1.1000223E+01    1.1676848E+00    3.8359021E+00   -8.7173444E+00    3.5288785E-01   -3.9449010E+00   -3.2177813E+03    3.9058262E+00    1.3626766E+00
    2.2500000E+00    2.9148120E-01   -3.4465818E+00   -8.4565542E+00   -4.1650019E-01   -5.7217124E+01    1.4861018E-03    3.7537937E+00   -1.1093847E+01    1.2144514E+00    3.8164006E+00   -8.5646219E+00    3.8657271E-01   -3.8842510E+00   -3.1864324E+03    3.9054804E+00    1.3192410E+00
    2.4300000E+00    3.2116517E-01   -3.3521071E+00   -8.3317475E+00   -3.5319463E-01   -5.7296019E+01    1.4408397E-03    3.7363790E+00   -1.1173061E+01    1.2521436E+00    3.7950483E+00   -8.4270824E+00    4.1625668E-01   -3.8275735E+00   -3.1571946E+03    3.9051278E+00    1.2788809E+00
    2.6100000E+00    3.4756863E-01   -3.2674290E+00   -8.2157038E+00   -2.9697213E-01   -5.7367866E+01    1.4105295E-03    3.7190390E+00   -1.1239772E+01    1.2847557E+00    3.7742927E+00   -8.3011503E+00    4.4266014E-01   -3.7743637E+00   -3.1298015E+03    3.9047680E+00    1.2420996E+00
    2.7900000E+00    3.7123703E-01   -3.1909501E+00   -8.1071959E+00   -2.4668513E-01   -5.7434322E+01    1.3898324E-03    3.7018106E+00   -1.1297381E+01    1.3131637E+00    3.7541141E+00   -8.1853045E+00    4.6632854E-01   -3.7242092E+00   -3.1040340E+03    3.9044006E+00    1.2083419E+00
    2.9700000E+00    3.9259353E-01   -3.1214319E+00   -8.0052480E+00   -2.0144597E-01   -5.7496600E+01    1.3752329E-03    3.6846992E+00   -1.1348355E+01    1.3380291E+00    3.7344765E+00   -8.0783242E+00    4.8768504E-01   -3.6767680E+00   -3.0797099E+03    3.9040253E+00    1.1771666E+00
    3.1500000E+00    4.1197262E-01   -3.0578889E+00   -7.9090690E+00   -1.6054731E-01   -5.7555551E+01    1.3645029E-03    3.6677133E+00   -1.1394393E+01    1.3598777E+00    3.7153502E+00   -7.9791747E+00    5.0706414E-01   -3.6317535E+00   -3.0566761E+03    3.9036418E+00    1.1482244E+00
    3.3300000E+00    4.2964313E-01   -2.9995243E+00   -7.8180071E+00   -1.2341640E-01   -5.7611761E+01    1.3562688E-03    3.6508630E+00   -1.1436632E+01    1.3791346E+00    3.6967100E+00   -7.8869627E+00    5.2473464E-01   -3.5889223E+00   -3.0348025E+03    3.9032499E+00    1.1212338E+00
    3.5100000E+00    4.4582411E-01   -2.9456852E+00   -7.7315186E+00   -8.9583059E-02   -5.7665638E+01    1.3496963E-03    3.6341584E+00   -1.1475837E+01    1.3961479E+00    3.6785340E+00   -7.8009143E+00    5.4091562E-01   -3.5480666E+00   -3.0139778E+03    3.9028492E+00    1.0959648E+00
    3.6900000E+00    4.6069631E-01   -2.8958305E+00   -7.6491442E+00   -5.8656660E-02   -5.7717474E+01    1.3442788E-03    3.6176090E+00   -1.1512529E+01    1.4112058E+00    3.6608026E+00   -7.7203596E+00    5.5578783E-01   -3.5090068E+00   -2.9941061E+03    3.9024395E+00    1.0722269E+00
    3.8700000E+00    4.7441053E-01   -2.8495065E+00   -7.5704917E+00   -3.0309230E-02   -5.7767484E+01    1.3397037E-03    3.6012236E+00   -1.1547076E+01    1.4245497E+00    3.6434982E+00   -7.6447193E+00    5.6950205E-01   -3.4715870E+00   -2.9751038E+03    3.9020204E+00    1.0498605E+00
    4.0500000E+00    4.8709381E-01   -2.8063297E+00   -7.4952240E+00   -4.2626365E-03   -5.7815839E+01    1.3357713E-03    3.5850099E+00   -1.1579749E+01    1.4363835E+00    3.6266045E+00   -7.5734927E+00    5.8218532E-01   -3.4356710E+00   -2.9568981E+03    3.9015917E+00    1.0287304E+00
    4.2300000E+00    4.9885987E-01   -2.7658819E+00   -7.4230454E+00    1.9827669E-02   -5.7862681E+01    1.3323494E-03    3.5692278E+00   -1.1610606E+01    1.4470791E+00    3.6102642E+00   -7.5061294E+00    5.9395138E-01   -3.4011370E+00   -2.9394249E+03    3.9011529E+00    1.0087942E+00
    4.4100000E+00    5.0980123E-01   -2.7279491E+00   -7.3537003E+00    4.2101178E-02   -5.7908127E+01    1.3293425E-03    3.5536834E+00   -1.1639949E+01    1.4566320E+00    3.5943290E+00   -7.4423370E+00    6.0489274E-01   -3.3678791E+00   -2.9226275E+03    3.9007039E+00    9.8988519E-01
    4.5900000E+00    5.1999658E-01   -2.6923081E+00   -7.2869646E+00    6.2714132E-02   -5.7952276E+01    1.3266801E-03    3.5383275E+00   -1.1667951E+01    1.4651280E+00    3.5787509E+00   -7.3818125E+00    6.1508810E-01   -3.3358031E+00   -2.9064556E+03    3.9002442E+00    9.7190077E-01
    4.7700000E+00    5.2951426E-01   -2.6587496E+00   -7.2226403E+00    8.1817885E-02   -5.7995218E+01    1.3243082E-03    3.5231623E+00   -1.1694727E+01    1.4726761E+00    3.5635172E+00   -7.3242718E+00    6.2460577E-01   -3.3048253E+00   -2.8908643E+03    3.8997735E+00    9.5476628E-01
    4.9500000E+00    5.3841398E-01   -2.6270902E+00   -7.1605512E+00    9.9545228E-02   -5.8037031E+01    1.3221845E-03    3.5081893E+00   -1.1720379E+01    1.4793716E+00    3.5486163E+00   -7.2694645E+00    6.3350549E-01   -3.2748702E+00   -2.8758132E+03    3.8992914E+00    9.3841611E-01
    5.1300000E+00    5.4674817E-01   -2.5971685E+00   -7.1005399E+00    1.1601319E-01   -5.8077785E+01    1.3202745E-03    3.4934096E+00   -1.1744991E+01    1.4852979E+00    3.5340370E+00   -7.2171695E+00    6.4183968E-01   -3.2458701E+00   -2.8612663E+03    3.8987976E+00    9.2279226E-01
    5.3100000E+00    5.5456315E-01   -2.5688419E+00   -7.0424654E+00    1.3132541E-01   -5.8117544E+01    1.3185500E-03    3.4788235E+00   -1.1768640E+01    1.4905285E+00    3.5197687E+00   -7.1671905E+00    6.4965466E-01   -3.2177638E+00   -2.8471908E+03    3.8982916E+00    9.0784313E-01
    5.4900000E+00    5.6189997E-01   -2.5419835E+00   -6.9862006E+00    1.4557402E-01   -5.8156366E+01    1.3169874E-03    3.4644311E+00   -1.1791393E+01    1.4951281E+00    3.5058013E+00   -7.1193523E+00    6.5699148E-01   -3.1904956E+00   -2.8335571E+03    3.8977731E+00    8.9352263E-01
    5.6700000E+00    5.6879520E-01   -2.5164806E+00   -6.9316307E+00    1.5884130E-01   -5.8194304E+01    1.3155668E-03    3.4502319E+00   -1.1813308E+01    1.4991544E+00    3.4921253E+00   -7.0734984E+00    6.6388671E-01   -3.1640151E+00   -2.8203384E+03    3.8972417E+00    8.7978936E-01
    5.8500000E+00    5.7528155E-01   -2.4922318E+00   -6.8786515E+00    1.7120094E-01   -5.8231405E+01    1.3142715E-03    3.4362248E+00   -1.1834440E+01    1.5026585E+00    3.4787313E+00   -7.0294880E+00    6.7037307E-01   -3.1382761E+00   -2.8075101E+03    3.8966970E+00    8.6660601E-01
    6.0300000E+00    5.8138838E-01   -2.4691465E+00   -6.8271682E+00    1.8271924E-01   -5.8267713E+01    1.3130870E-03    3.4224088E+00   -1.1854837E+01    1.5056860E+00    3.4656106E+00   -6.9871944E+00    6.7647989E-01   -3.1132366E+00   -2.7950498E+03    3.8961385E+00    8.5393884E-01
    6.2100000E+00    5.8714210E-01   -2.4471427E+00   -6.7770942E+00    1.9345595E-01   -5.8303270E+01    1.3120010E-03    3.4087821E+00   -1.1874541E+01    1.5082779E+00    3.4527547E+00   -6.9465030E+00    6.8223361E-01   -3.0888577E+00   -2.7829370E+03    3.8955657E+00    8.4175717E-01
    6.3900000E+00    5.9256662E-01   -2.4261465E+00   -6.7283504E+00    2.0346515E-01   -5.8338113E+01    1.3110029E-03    3.3953432E+00   -1.1893592E+01    1.5104707E+00    3.4401555E+00   -6.9073096E+00    6.8765813E-01   -3.0651040E+00   -2.7711528E+03    3.8949782E+00    8.3003308E-01
    6.5700000E+00    5.9768357E-01   -2.4060909E+00   -6.6808640E+00    2.1279591E-01   -5.8372277E+01    1.3100835E-03    3.3820898E+00   -1.1912025E+01    1.5122975E+00    3.4278053E+00   -6.8695198E+00    6.9277508E-01   -3.0419427E+00   -2.7596799E+03    3.8943755E+00    8.1874102E-01
    6.7500000E+00    6.0251264E-01   -2.3869148E+00   -6.6345683E+00    2.2149284E-01   -5.8405794E+01    1.3092348E-03    3.3690198E+00   -1.1929874E+01    1.5137880E+00    3.4156965E+00   -6.8330472E+00    6.9760415E-01   -3.0193435E+00   -2.7485022E+03    3.8937571E+00    8.0785755E-01
    6.9300000E+00    6.0707175E-01   -2.3685626E+00   -6.5894013E+00    2.2959665E-01   -5.8438694E+01    1.3084497E-03    3.3561308E+00   -1.1947168E+01    1.5149691E+00    3.4038219E+00   -6.7978129E+00    7.0216326E-01   -2.9972784E+00   -2.7376050E+03    3.8931225E+00    7.9736113E-01
    7.1100000E+00    6.1137729E-01   -2.3509837E+00   -6.5453060E+00    2.3714454E-01   -5.8471005E+01    1.3077221E-03    3.3434201E+00   -1.1963935E+01    1.5158650E+00    3.3921745E+00   -6.7637445E+00    7.0646880E-01   -2.9757212E+00   -2.7269744E+03    3.8924711E+00    7.8723187E-01
    7.2900000E+00    6.1544426E-01   -2.3341314E+00   -6.5022293E+00    2.4417064E-01   -5.8502755E+01    1.3070468E-03    3.3308851E+00   -1.1980200E+01    1.5164979E+00    3.3807473E+00   -6.7307752E+00    7.1053577E-01   -2.9546476E+00   -2.7165979E+03    3.8918025E+00    7.7745130E-01
    7.4700000E+00    6.1928642E-01   -2.3179629E+00   -6.4601214E+00    2.5070636E-01   -5.8533968E+01    1.3064193E-03    3.3185226E+00   -1.1995988E+01    1.5168876E+00    3.3695334E+00   -6.6988432E+00    7.1437793E-01   -2.9340348E+00   -2.7064634E+03    3.8911159E+00    7.6800220E-01
    7.6500000E+00    6.2291643E-01   -2.3024388E+00   -6.4189350E+00    2.5678072E-01   -5.8564671E+01    1.3058359E-03    3.3063292E+00   -1.2011321E+01    1.5170520E+00    3.3585256E+00   -6.6678903E+00    7.1800794E-01   -2.9138610E+00   -2.6965600E+03    3.8904110E+00    7.5886830E-01
    7.8300000E+00    6.2634589E-01   -2.2875225E+00   -6.3786243E+00    2.6242098E-01   -5.8594892E+01    1.3052941E-03    3.2943005E+00   -1.2026220E+01    1.5170074E+00    3.3477157E+00   -6.6378613E+00    7.2143740E-01   -2.8941049E+00   -2.6868776E+03    3.8896869E+00    7.5003386E-01
    8.0100000E+00    6.2958156E-01   -2.2731898E+00   -6.3391498E+00    2.6769297E-01   -5.8624633E+01    1.3048846E-03    3.2824691E+00   -1.2040650E+01    1.5167826E+00    3.3370836E+00   -6.6086931E+00    7.2467307E-01   -2.8747483E+00   -2.6774521E+03    3.8889432E+00    7.4148216E-01
    8.1900000E+00    6.3186001E-01   -2.2634787E+00   -6.3016646E+00    2.7866520E-01   -5.8624990E+01    1.2713426E-03    3.2723505E+00   -1.2001379E+01    1.5147195E+00    3.3205496E+00   -6.5697120E+00    7.2695152E-01   -2.8563927E+00   -2.6772948E+03    3.8881737E+00    7.3093672E-01
    8.3700000E+00    6.3396191E-01   -2.2522817E+00   -6.2648956E+00    2.9106899E-01   -5.8648057E+01    1.2886246E-03    3.2682651E+00   -1.2003946E+01    1.5170357E+00    3.3082643E+00   -6.5405524E+00    7.2905342E-01   -2.8383946E+00   -2.6771376E+03    3.8873776E+00    7.2269215E-01
    8.5500000E+00    6.3589645E-01   -2.2416082E+00   -6.2288302E+00    3.0290231E-01   -5.8675554E+01    1.2919933E-03    3.2641266E+00   -1.2015893E+01    1.5190728E+00    3.2961615E+00   -6.5146162E+00    7.3098796E-01   -2.8207451E+00   -2.6769804E+03    3.8865595E+00    7.1470622E-01
    8.7300000E+00    6.3767233E-01   -2.2314335E+00   -6.1934398E+00    3.1419322E-01   -5.8703662E+01    1.2923789E-03    3.2599348E+00   -1.2029571E+01    1.5208418E+00    3.2842305E+00   -6.4899510E+00    7.3276384E-01   -2.8034281E+00   -2.6768233E+03    3.8857187E+00    7.0696487E-01
    8.9100000E+00    6.3929762E-01   -2.2217311E+00   -6.1586975E+00    3.2496983E-01   -5.8731575E+01    1.2921551E-03    3.2556987E+00   -1.2043345E+01    1.5223604E+00    3.2724684E+00   -6.4661089E+00    7.3438914E-01   -2.7864298E+00   -2.6766663E+03    3.8848544E+00    6.9945852E-01
    9.0900000E+00    6.4077988E-01   -2.2124763E+00   -6.1245777E+00    3.3525785E-01   -5.8759133E+01    1.2918237E-03    3.2514260E+00   -1.2056878E+01    1.5236450E+00    3.2608723E+00   -6.4429682E+00    7.3587139E-01   -2.7697380E+00   -2.6765093E+03    3.8839659E+00    6.9217818E-01
    9.2700000E+00    6.4212612E-01   -2.2036460E+00   -6.0910560E+00    3.4508104E-01   -5.8786315E+01    1.2914874E-03    3.2471235E+00   -1.2070110E+01    1.5247111E+00    3.2494390E+00   -6.4204765E+00    7.3721763E-01   -2.7533429E+00   -2.6763524E+03    3.8830522E+00    6.8511529E-01
    9.4500000E+00    6.4334293E-01   -2.1952192E+00   -6.0581093E+00    3.5446162E-01   -5.8813127E+01    1.2911656E-03    3.2427967E+00   -1.2083037E+01    1.5255731E+00    3.2381653E+00   -6.3985957E+00    7.3843444E-01   -2.7372371E+00   -2.6761956E+03    3.8821127E+00    6.7826162E-01
    9.6300000E+00    6.4443645E-01   -2.1871760E+00   -6.0257155E+00    3.6342033E-01   -5.8839580E+01    1.2908611E-03    3.2384507E+00   -1.2095666E+01    1.5262451E+00    3.2270475E+00   -6.3772896E+00    7.3952796E-01   -2.7214164E+00   -2.6760388E+03    3.8811463E+00    6.7160924E-01
    9.8100000E+00    6.4541245E-01   -2.1794984E+00   -5.9938533E+00    3.7197661E-01   -5.8865687E+01    1.2905734E-03    3.2340893E+00   -1.2108009E+01    1.5267404E+00    3.2160819E+00   -6.3565220E+00    7.4050396E-01   -2.7058791E+00   -2.6758821E+03    3.8801523E+00    6.6515040E-01
    9.9900000E+00    6.4627634E-01   -2.1721694E+00   -5.9625026E+00    3.8014868E-01   -5.8891458E+01    1.2903013E-03    3.2297157E+00   -1.2120075E+01    1.5270716E+00    3.2052640E+00   -6.3362560E+00    7.4136785E-01   -2.6906263E+00   -2.6757255E+03    3.8791296E+00    6.5887761E-01
    1.0170000E+01    6.4703318E-01   -2.1651734E+00   -5.9316443E+00    3.8795364E-01   -5.8916905E+01    1.2900437E-03    3.2253327E+00   -1.2131874E+01    1.5272509E+00    3.1945897E+00   -6.3164555E+00    7.4212469E-01   -2.6756603E+00   -2.6755689E+03    3.8780774E+00    6.5278360E-01
    1.0350000E+01    6.4768774E-01   -2.1584959E+00   -5.9012602E+00    3.9540763E-01   -5.8942038E+01    1.2897998E-03    3.2209424E+00   -1.2143416E+01    1.5272895E+00    3.1840545E+00   -6.2970860E+00    7.4277925E-01   -2.6609838E+00   -2.6754124E+03    3.8769945E+00    6.4686144E-01
    1.0530000E+01    6.4824453E-01   -2.1521232E+00   -5.8713337E+00    4.0252594E-01   -5.8966867E+01    1.2895683E-03    3.2165470E+00   -1.2154710E+01    1.5271976E+00    3.1736544E+00   -6.2781168E+00    7.4333604E-01   -2.6465982E+00   -2.6752559E+03    3.8758801E+00    6.4110459E-01
    1.0710000E+01    6.4870776E-01   -2.1460423E+00   -5.8418497E+00    4.0932312E-01   -5.8991399E+01    1.2893485E-03    3.2121491E+00   -1.2165765E+01    1.5269844E+00    3.1633858E+00   -6.2595226E+00    7.4379927E-01   -2.6325022E+00   -2.6750995E+03    3.8747329E+00    6.3550705E-01
    1.0890000E+01    6.4908145E-01   -2.1402407E+00   -5.8127948E+00    4.1581310E-01   -5.9015643E+01    1.2891394E-03    3.2077519E+00   -1.2176588E+01    1.5266581E+00    3.1532460E+00   -6.2412846E+00    7.4417296E-01   -2.6186907E+00   -2.6749432E+03    3.8735520E+00    6.3006347E-01
    1.1070000E+01    6.4936938E-01   -2.1347068E+00   -5.7841579E+00    4.2200917E-01   -5.9039603E+01    1.2889398E-03    3.2033597E+00   -1.2187185E+01    1.5262257E+00    3.1432336E+00   -6.2233917E+00    7.4446089E-01   -2.6051547E+00   -2.6747869E+03    3.8723362E+00    6.2476936E-01
    1.1250000E+01    6.4957515E-01   -2.1294291E+00   -5.7559309E+00    4.2792394E-01   -5.9063280E+01    1.2887483E-03    3.1989786E+00   -1.2197560E+01    1.5256938E+00    3.1333492E+00   -6.2058410E+00    7.4466666E-01   -2.5918812E+00   -2.6746307E+03    3.8710843E+00    6.1962139E-01
    1.1430000E+01    6.4970224E-01   -2.1243974E+00   -5.7281102E+00    4.3356904E-01   -5.9086669E+01    1.2885628E-03    3.1946168E+00   -1.2207714E+01    1.5250689E+00    3.1235966E+00   -6.1886391E+00    7.4479375E-01   -2.5788554E+00   -2.6744746E+03    3.8697950E+00    6.1461798E-01
    1.1610000E+01    6.4975402E-01   -2.1196027E+00   -5.7007010E+00    4.3895455E-01   -5.9109734E+01    1.2883795E-03    3.1902876E+00   -1.2217643E+01    1.5243585E+00    3.1139854E+00   -6.1718040E+00    7.4484553E-01   -2.5660633E+00   -2.6743185E+03    3.8684672E+00    6.0976062E-01
    1.1790000E+01    6.4973388E-01   -2.1150385E+00   -5.6737251E+00    4.4408772E-01   -5.9130028E+01    1.2881914E-03    3.1860127E+00   -1.2227335E+01    1.5235738E+00    3.1045370E+00   -6.1553713E+00    7.4482539E-01   -2.5534973E+00   -2.6741625E+03    3.8670995E+00    6.0505657E-01
    1.1970000E+01    6.4964545E-01   -2.1107034E+00   -5.6472384E+00    4.4897042E-01   -5.8764671E+01    1.2879850E-03    3.1818314E+00   -1.2236756E+01    1.5227340E+00    3.0952962E+00   -6.1394087E+00    7.4473697E-01   -2.5411665E+00   -2.6740065E+03    3.8656906E+00    6.0052456E-01
    1.2150000E+01    6.4949298E-01   -2.1066059E+00   -5.6213667E+00    4.5359391E-01   -5.5049071E+01    1.2877336E-03    3.1778195E+00   -1.2245838E+01    1.5218754E+00    3.0863559E+00   -6.1240471E+00    7.4458450E-01   -2.5291162E+00   -2.6738507E+03    3.8642390E+00    5.9620687E-01
    1.2330000E+01    6.4928117E-01   -2.1027926E+00   -5.5964181E+00    4.5792185E-01   -5.0463731E+01    1.2881052E-03    3.1741322E+00   -1.2253919E+01    1.5210688E+00    3.0779170E+00   -6.1094467E+00    7.4437269E-01   -2.5174837E+00   -2.6736948E+03    3.8627434E+00    5.9219927E-01
    1.2510000E+01    6.4879287E-01   -2.3413875E+00   -5.5805441E+00    2.2224929E-01   -4.5577684E+01    2.8235727E-03    2.4569489E+00   -1.2172835E+01    9.7197846E-01    2.5954296E+00   -6.2579697E+00    7.4388438E-01   -2.5101285E+00   -2.6735394E+03    3.8611927E+00    3.5144386E-01
    1.2690000E+01    6.4830505E-01   -2.3428120E+00   -5.5647971E+00    2.2370803E-01   -4.4963525E+01    2.9975062E-03    2.4512741E+00   -1.2127561E+01    9.6836673E-01    2.5873205E+00   -6.2379392E+00    7.4339656E-01   -2.5028123E+00   -2.6733841E+03    3.8596610E+00    3.4787713E-01
    1.2870000E+01    6.4781222E-01   -2.3429778E+00   -5.5491744E+00    2.2638266E-01   -4.4620926E+01    3.0199138E-03    2.4494030E+00   -1.2126026E+01    9.6765298E-01    2.5817891E+00   -6.2280393E+00    7.4290373E-01   -2.4955312E+00   -2.6732288E+03    3.8581593E+00    3.4560426E-01
    1.3050000E+01    6.4731445E-01   -2.3431463E+00   -5.5336727E+00    2.2901275E-01   -4.4383133E+01    3.0225351E-03    2.4475503E+00   -1.2130257E+01    9.6693505E-01    2.5763108E+00   -6.2196960E+00    7.4240596E-01   -2.4882819E+00   -2.6730735E+03    3.8566885E+00    3.4336286E-01
    1.3230000E+01    6.4681182E-01   -2.3433224E+00   -5.5182895E+00    2.3159460E-01   -4.4201574E+01    3.0226051E-03    2.4457016E+00   -1.2135190E+01    9.6620182E-01    2.5708750E+00   -6.2116433E+00    7.4190333E-01   -2.4810620E+00   -2.6729183E+03    3.8552499E+00    3.4114760E-01
    1.3410000E+01    6.4630441E-01   -2.3435057E+00   -5.5030228E+00    2.3412944E-01   -4.4055395E+01    3.0223550E-03    2.4438577E+00   -1.2140173E+01    9.6545377E-01    2.5654813E+00   -6.2037165E+00    7.4139592E-01   -2.4738699E+00   -2.6727632E+03    3.8538445E+00    3.3895818E-01
    1.3590000E+01    6.4579231E-01   -2.3436961E+00   -5.4878707E+00    2.3661844E-01   -4.3933597E+01    3.0220707E-03    2.4420189E+00   -1.2145121E+01    9.6469148E-01    2.5601294E+00   -6.1958934E+00    7.4088382E-01   -2.4667044E+00   -2.6726081E+03    3.8524735E+00    3.3679432E-01
    1.3770000E+01    6.4527559E-01   -2.3438935E+00   -5.4728310E+00    2.3906273E-01   -4.3829632E+01    3.0217886E-03    2.4401859E+00   -1.2150026E+01    9.6391553E-01    2.5548186E+00   -6.1881696E+00    7.4036710E-01   -2.4595650E+00   -2.6724531E+03    3.8511380E+00    3.3465566E-01
    1.3950000E+01    6.4475433E-01   -2.3440976E+00   -5.4579018E+00    2.4146336E-01   -4.3739277E+01    3.0215133E-03    2.4383589E+00   -1.2154887E+01    9.6312649E-01    2.5495485E+00   -6.1805428E+00    7.3984584E-01   -2.4524513E+00   -2.6722982E+03    3.8498392E+00    3.3254185E-01
    1.4130000E+01    6.4422861E-01   -2.3443084E+00   -5.4430813E+00    2.4382135E-01   -4.3659651E+01    3.0212455E-03    2.4365382E+00   -1.2159703E+01    9.6232495E-01    2.5443184E+00   -6.1730107E+00    7.3932012E-01   -2.4453635E+00   -2.6721433E+03    3.8485785E+00    3.3045251E-01
    1.4310000E+01    6.4369849E-01   -2.3445259E+00   -5.4283676E+00    2.4613766E-01   -4.3588697E+01    3.0209854E-03    2.4347240E+00   -1.2164477E+01    9.6151148E-01    2.5391276E+00   -6.1655708E+00    7.3879000E-01   -2.4383017E+00   -2.6719884E+03    3.8473571E+00    3.2838725E-01
    1.4490000E+01    6.4316406E-01   -2.3447499E+00   -5.4137588E+00    2.4841325E-01   -4.3524897E+01    3.0207331E-03    2.4329165E+00   -1.2169208E+01    9.6068665E-01    2.5339756E+00   -6.1582207E+00    7.3825557E-01   -2.4312662E+00   -2.6718336E+03    3.8461764E+00    3.2634568E-01
    1.4670000E+01    6.4262537E-01   -2.3449804E+00   -5.3992532E+00    2.5064904E-01   -4.3467097E+01    3.0204889E-03    2.4311158E+00   -1.2173898E+01    9.5985097E-01    2.5288618E+00   -6.1509582E+00    7.3771689E-01   -2.4242573E+00   -2.6716789E+03    3.8450378E+00    3.2432744E-01
    1.4850000E+01    6.4208251E-01   -2.3452173E+00   -5.3848493E+00    2.5284597E-01   -4.3414402E+01    3.0202529E-03    2.4293222E+00   -1.2178548E+01    9.5900493E-01    2.5237855E+00   -6.1437816E+00    7.3717402E-01   -2.4172746E+00   -2.6715242E+03    3.8439427E+00    3.2233217E-01
    1.5030000E+01    6.4153553E-01   -2.3454604E+00   -5.3705453E+00    2.5500504E-01   -4.3366102E+01    3.0200252E-03    2.4275362E+00   -1.2183157E+01    9.5814892E-01    2.5187465E+00   -6.1366901E+00    7.3662705E-01   -2.4103171E+00   -2.6713696E+03    3.8428926E+00    3.2035964E-01
    1.5210000E+01    6.4098451E-01   -2.3457094E+00   -5.3563398E+00    2.5712729E-01   -4.3321625E+01    3.0198061E-03    2.4257585E+00   -1.2187726E+01    9.5728323E-01    2.5137445E+00   -6.1296843E+00    7.3607602E-01   -2.4033826E+00   -2.6712150E+03    3.8418890E+00    3.1840967E-01
    1.5390000E+01    6.4042951E-01   -2.3459640E+00   -5.3422314E+00    2.5921389E-01   -4.3280502E+01    3.0195957E-03    2.4239903E+00   -1.2192256E+01    9.5640804E-01    2.5087797E+00   -6.1227666E+00    7.3552102E-01   -2.3964672E+00   -2.6710605E+03    3.8409337E+00    3.1648226E-01
    1.5570000E+01    6.3987059E-01   -2.3462236E+00   -5.3282190E+00    2.6126616E-01   -4.3242345E+01    3.0193943E-03    2.4222332E+00   -1.2196746E+01    9.5552335E-01    2.5038526E+00   -6.1159419E+00    7.3496210E-01   -2.3895646E+00   -2.6709061E+03    3.8400281E+00    3.1457762E-01
    1.5750000E+01    6.3930781E-01   -2.3464873E+00   -5.3143014E+00    2.6328564E-01   -4.3206831E+01    3.0192019E-03    2.4204899E+00   -1.2201195E+01    9.5462894E-01    2.4989641E+00   -6.1092182E+00    7.3439932E-01   -2.3826660E+00   -2.6707517E+03    3.8391741E+00    3.1269619E-01
    1.5930000E+01    6.3874124E-01   -2.3467540E+00   -5.3004780E+00    2.6527408E-01   -4.3173685E+01    3.0190189E-03    2.4187634E+00   -1.2205601E+01    9.5372441E-01    2.4941161E+00   -6.1026071E+00    7.3383275E-01   -2.3757589E+00   -2.6705973E+03    3.8383733E+00    3.1083873E-01
    1.6110000E+01    6.3817094E-01   -2.3470224E+00   -5.2867481E+00    2.6723351E-01   -4.3142672E+01    3.0188454E-03    2.4170581E+00   -1.2209963E+01    9.5280909E-01    2.4893108E+00   -6.0961244E+00    7.3326245E-01   -2.3688275E+00   -2.6704431E+03    3.8376277E+00    3.0900639E-01
    1.6290000E+01    6.3759697E-01   -2.3472907E+00   -5.2731119E+00    2.6916625E-01   -4.3113591E+01    3.0186814E-03    2.4153795E+00   -1.2214277E+01    9.5188215E-01    2.4845515E+00   -6.0897903E+00    7.3268848E-01   -2.3618519E+00   -2.6702888E+03    3.8369390E+00    3.0720069E-01
    1.6470000E+01    6.3701939E-01   -2.3475569E+00   -5.2595701E+00    2.7107484E-01   -4.3086264E+01    3.0185268E-03    2.4137341E+00   -1.2218540E+01    9.5094259E-01    2.4798423E+00   -6.0836295E+00    7.3211090E-01   -2.3548091E+00   -2.6701347E+03    3.8363092E+00    3.0542371E-01
    1.6650000E+01    6.3643826E-01   -2.3478190E+00   -5.2461250E+00    2.7296198E-01   -4.3060538E+01    3.0183814E-03    2.4121301E+00   -1.2222747E+01    9.4998943E-01    2.4751889E+00   -6.0776715E+00    7.3152977E-01   -2.3476731E+00   -2.6699806E+03    3.8357405E+00    3.0367812E-01
    1.6830000E+01    6.3585365E-01   -2.3480747E+00   -5.2327814E+00    2.7483034E-01   -4.3036270E+01    3.0182440E-03    2.4105773E+00   -1.2226890E+01    9.4902203E-01    2.4705985E+00   -6.0719506E+00    7.3094517E-01   -2.3404166E+00   -2.6698265E+03    3.8352347E+00    3.0196754E-01
    1.7010000E+01    6.3526564E-01   -2.3483225E+00   -5.2195489E+00    2.7668215E-01   -4.3013330E+01    3.0181120E-03    2.4090883E+00   -1.2230960E+01    9.4804062E-01    2.4660817E+00   -6.0665068E+00    7.3035715E-01   -2.3330129E+00   -2.6696725E+03    3.8347942E+00    3.0029715E-01
    1.7190000E+01    6.3467431E-01   -2.3485620E+00   -5.2064465E+00    2.7851846E-01   -4.2991580E+01    3.0179802E-03    2.4076805E+00   -1.2234943E+01    9.4704748E-01    2.4616549E+00   -6.0613887E+00    7.2976582E-01   -2.3254400E+00   -2.6695186E+03    3.8344210E+00    2.9867507E-01
    1.7370000E+01    6.3407977E-01   -2.3487955E+00   -5.1935119E+00    2.8033769E-01   -4.2970863E+01    3.0178370E-03    2.4063802E+00   -1.2238813E+01    9.4604920E-01    2.4573464E+00   -6.0566602E+00    7.2917128E-01   -2.3176865E+00   -2.6693647E+03    3.8341176E+00    2.9711535E-01
    1.7550000E+01    6.3348219E-01   -2.3490310E+00   -5.1808203E+00    2.8213256E-01   -4.2950959E+01    3.0176587E-03    2.4052329E+00   -1.2242527E+01    9.4506133E-01    2.4532090E+00   -6.0524164E+00    7.2857371E-01   -2.3097626E+00   -2.6692108E+03    3.8338863E+00    2.9564425E-01
    1.7730000E+01    6.3288190E-01   -2.3492885E+00   -5.1685233E+00    2.8388399E-01   -4.2931511E+01    3.0173957E-03    2.4043227E+00   -1.2245994E+01    9.4411788E-01    2.4493468E+00   -6.0488173E+00    7.2797341E-01   -2.3017214E+00   -2.6690570E+03    3.8337295E+00    2.9431343E-01
    1.7910000E+01    6.3228234E-01   -2.3496102E+00   -5.1569784E+00    2.8554126E-01   -4.2911969E+01    3.0169465E-03    2.4038135E+00   -1.2249027E+01    9.4329357E-01    2.4459813E+00   -6.0461646E+00    7.2737385E-01   -2.2937391E+00   -2.6689041E+03    3.8336498E+00    2.9323021E-01
