# Time          5.0000E+01
# Units: Log10 mol/kgw
    Distance      pH               H+               Li+              Na+              Ca++             K+               Al+++            SiO2(aq)         CO2(aq)          O2(aq)           Methane(aq)      Fe++             Fe+++            HS-              SO4--            Mg++             Cl-              CH2O             Tracer           HCO3-            Al(OH)2+         AlO2-            AlOH++           FeOH+            FeOH++           FeSO4(aq)        FeSO4+           OH-              CO3--            FeCO3(aq)        FeCO3+           FeHCO3+          NaCO3-           NaHCO3(aq)   
    9.0000000E-02    5.8344371E+00   -5.8273629E+00   -3.9999999E+00   -4.8470361E+00   -5.0884555E+00   -5.1370488E+00   -6.8839000E+00   -4.6631840E+00   -2.9902706E+00   -3.4641392E+00   -6.4486734E+00   -7.3088315E+00   -1.4237528E+01   -1.4000000E+01   -1.4000003E+01   -5.2728500E+00   -1.4000000E+01   -3.2719031E+00   -3.0000000E+01   -3.5920538E+00   -6.6676675E+00   -7.9764920E+00   -6.4435015E+00   -1.0995874E+01   -1.0627903E+01   -1.9166570E+01   -2.6598466E+01   -8.6236746E+00   -8.1986901E+00   -1.0701233E+01   -1.2243566E+01   -8.2096065E+00   -1.2403653E+01   -8.1856347E+00
    2.7000000E-01    5.8959378E+00   -5.8882091E+00   -3.9999999E+00   -4.6329250E+00   -4.8331159E+00   -4.9400674E+00   -7.3412706E+00   -4.4030274E+00   -2.9983483E+00   -3.4641919E+00   -6.4486761E+00   -7.3129548E+00   -1.4616496E+01   -1.4000000E+01   -1.4000003E+01   -5.0151742E+00   -1.4000000E+01   -3.2705222E+00   -3.0000000E+01   -3.5379390E+00   -7.0072535E+00   -8.1930766E+00   -6.8425343E+00   -1.0940510E+01   -1.0948533E+01   -1.9176154E+01   -2.6985405E+01   -8.5614831E+00   -8.0810207E+00   -1.0593134E+01   -1.2512823E+01   -8.1623159E+00   -1.2074613E+01   -7.9187880E+00
    4.5000000E-01    5.9489014E+00   -5.9406148E+00   -3.9999999E+00   -4.5038164E+00   -4.6915401E+00   -4.7592589E+00   -7.6732040E+00   -4.2589064E+00   -3.0061367E+00   -3.4642448E+00   -6.4486785E+00   -7.3734122E+00   -1.4770181E+01   -1.4000000E+01   -1.4000002E+01   -4.8757694E+00   -1.4000000E+01   -3.2691456E+00   -3.0000000E+01   -3.4921712E+00   -7.2377057E+00   -8.3176016E+00   -7.1241926E+00   -1.0949724E+01   -1.1051942E+01   -1.9241282E+01   -2.7145894E+01   -8.5079279E+00   -7.9805318E+00   -1.0557761E+01   -1.2572811E+01   -8.1793143E+00   -1.1847362E+01   -7.7450927E+00
    6.3000000E-01    5.9951588E+00   -5.9863892E+00   -3.9999999E+00   -4.4131387E+00   -4.5966041E+00   -4.6094689E+00   -7.9308373E+00   -4.1631828E+00   -3.0136450E+00   -3.4642979E+00   -6.4486807E+00   -7.4560886E+00   -1.4904557E+01   -1.4000000E+01   -1.4000002E+01   -4.7833078E+00   -1.4000000E+01   -3.2677734E+00   -3.0000000E+01   -3.4529069E+00   -7.4066726E+00   -8.3940537E+00   -7.3378903E+00   -1.0987635E+01   -1.1142383E+01   -1.9328015E+01   -2.7286168E+01   -8.4611563E+00   -7.8934835E+00   -1.0557434E+01   -1.2626025E+01   -8.2247296E+00   -1.1671674E+01   -7.6161770E+00
    8.1000000E-01    6.0362278E+00   -6.0270309E+00   -3.9999999E+00   -4.3441945E+00   -4.5256517E+00   -4.4893757E+00   -8.1446100E+00   -4.0937020E+00   -3.0209096E+00   -3.4643512E+00   -6.4486827E+00   -7.5428716E+00   -1.5023932E+01   -1.4000000E+01   -1.4000001E+01   -4.7147178E+00   -1.4000000E+01   -3.2664055E+00   -3.0000000E+01   -3.4186455E+00   -7.5417100E+00   -8.4469531E+00   -7.5126428E+00   -1.1034671E+01   -1.1222738E+01   -1.9418395E+01   -2.7410763E+01   -8.4196310E+00   -7.8167992E+00   -1.0571119E+01   -1.2673925E+01   -8.2790264E+00   -1.1527853E+01   -7.5138820E+00
    9.9000000E-01    6.0732064E+00   -6.0636247E+00   -3.9999999E+00   -4.2891291E+00   -4.4685138E+00   -4.3934825E+00   -8.3287721E+00   -4.0405470E+00   -3.0279693E+00   -3.4644048E+00   -6.4486846E+00   -7.6250026E+00   -1.5131430E+01   -1.4000000E+01   -1.4000001E+01   -4.6597716E+00   -1.4000000E+01   -3.2650419E+00   -3.0000000E+01   -3.3883133E+00   -7.6549801E+00   -8.4862660E+00   -7.6616685E+00   -1.1081015E+01   -1.1295099E+01   -1.9503774E+01   -2.7522969E+01   -8.3822400E+00   -7.7482653E+00   -1.0587955E+01   -1.2717588E+01   -8.3324274E+00   -1.1405886E+01   -7.4293074E+00
    1.1700000E+00    6.1068949E+00   -6.0969613E+00   -3.9999999E+00   -4.2436370E+00   -4.4200881E+00   -4.3161948E+00   -8.4913185E+00   -3.9984592E+00   -3.0348614E+00   -3.4644588E+00   -6.4486863E+00   -7.6996576E+00   -1.5229351E+01   -1.4000000E+01   -1.4000001E+01   -4.6133599E+00   -1.4000000E+01   -3.2636825E+00   -3.0000000E+01   -3.3611381E+00   -7.7529512E+00   -8.5168602E+00   -7.7922075E+00   -1.1123073E+01   -1.1361013E+01   -1.9581406E+01   -2.7625198E+01   -8.3481734E+00   -7.6862810E+00   -1.0603592E+01   -1.2757822E+01   -8.3813743E+00   -1.1299906E+01   -7.3573946E+00
    1.3500000E+00    6.1378950E+00   -6.1276362E+00   -3.9999999E+00   -4.2051124E+00   -4.3776594E+00   -4.2529198E+00   -8.6372973E+00   -3.9643282E+00   -3.0416246E+00   -3.4645130E+00   -6.4486880E+00   -7.7670204E+00   -1.5319439E+01   -1.4000000E+01   -1.4000001E+01   -4.5727758E+00   -1.4000000E+01   -3.2623274E+00   -3.0000000E+01   -3.3365502E+00   -7.8395185E+00   -8.5414273E+00   -7.9087371E+00   -1.1160446E+01   -1.1421652E+01   -1.9651524E+01   -2.7719270E+01   -8.3168231E+00   -7.6296552E+00   -1.0617075E+01   -1.2795259E+01   -8.4255070E+00   -1.1206141E+01   -7.2949809E+00
    1.5300000E+00    6.1666755E+00   -6.1561138E+00   -3.9999999E+00   -4.1718644E+00   -4.3397008E+00   -4.2001688E+00   -8.7701634E+00   -3.9361677E+00   -3.0483015E+00   -3.4645677E+00   -6.4486895E+00   -7.8282730E+00   -1.5403062E+01   -1.4000000E+01   -1.4000001E+01   -4.5365073E+00   -1.4000000E+01   -3.2609764E+00   -3.0000000E+01   -3.3141188E+00   -7.9172346E+00   -8.5615823E+00   -8.0142651E+00   -1.1193860E+01   -1.1477937E+01   -1.9715349E+01   -2.7806606E+01   -8.2877156E+00   -7.5774747E+00   -1.0628710E+01   -1.2830406E+01   -8.4655946E+00   -1.1122006E+01   -7.2399540E+00
    1.7100000E+00    6.1936217E+00   -6.1827761E+00   -3.9999999E+00   -4.1427380E+00   -4.3052850E+00   -4.1553561E+00   -8.8922129E+00   -3.9125936E+00   -3.0549432E+00   -3.4646228E+00   -6.4486910E+00   -7.8846624E+00   -1.5481348E+01   -1.4000000E+01   -1.4000001E+01   -4.5036430E+00   -1.4000000E+01   -3.2596192E+00   -3.0000000E+01   -3.2935063E+00   -7.9876514E+00   -8.5781068E+00   -8.1107184E+00   -1.1224187E+01   -1.1530627E+01   -1.9774153E+01   -2.7888375E+01   -8.2604621E+00   -7.5290064E+00   -1.0639038E+01   -1.2863698E+01   -8.5025603E+00   -1.1045626E+01   -7.1908281E+00
    1.8900000E+00    6.2190703E+00   -6.2079567E+00   -3.9999999E+00   -4.1167983E+00   -4.2736929E+00   -4.1170887E+00   -9.0057128E+00   -3.8925277E+00   -3.0616136E+00   -3.4646783E+00   -6.4486925E+00   -7.9373347E+00   -1.5555283E+01   -1.4000000E+01   -1.4000000E+01   -4.4732645E+00   -1.4000000E+01   -3.2573660E+00   -3.0000000E+01   -3.2744370E+00   -8.0523862E+00   -8.5919444E+00   -8.2000419E+00   -1.1252245E+01   -1.1580385E+01   -1.9829108E+01   -2.7965599E+01   -8.2347231E+00   -7.4836286E+00   -1.0648606E+01   -1.2895535E+01   -8.5372862E+00   -1.0975457E+01   -7.1463986E+00
    2.0700000E+00    6.2443005E+00   -6.2328938E+00   -3.9999999E+00   -4.0840121E+00   -4.2376921E+00   -4.1196258E+00   -9.0174413E+00   -3.8645438E+00   -3.0683533E+00   -3.4647343E+00   -6.4486943E+00   -8.0378094E+00   -1.5628694E+01   -1.4000000E+01   -1.4000000E+01   -4.4197288E+00   -1.4000000E+01   -3.1837174E+00   -3.0000000E+01   -3.2556271E+00   -8.0159863E+00   -8.5050841E+00   -8.1879299E+00   -1.1328404E+01   -1.1629956E+01   -1.9932084E+01   -2.8042610E+01   -8.2091744E+00   -7.4386461E+00   -1.0706590E+01   -1.2927555E+01   -8.6201811E+00   -1.0898946E+01   -7.0954378E+00
    2.2500000E+00    6.2680287E+00   -6.2563465E+00   -3.9999999E+00   -4.0550417E+00   -4.2051906E+00   -4.1222974E+00   -9.1300804E+00   -3.8408321E+00   -3.0749309E+00   -3.4647904E+00   -6.4486961E+00   -8.0958988E+00   -1.5697423E+01   -1.4000000E+01   -1.4000000E+01   -4.3732453E+00   -1.4000000E+01   -3.1207696E+00   -3.0000000E+01   -3.2381755E+00   -8.0833617E+00   -8.5250030E+00   -8.2781458E+00   -1.1363625E+01   -1.1676261E+01   -1.9992530E+01   -2.8114726E+01   -8.1851460E+00   -7.3965785E+00   -1.0724959E+01   -1.2957594E+01   -8.6619771E+00   -1.0829094E+01   -7.0496146E+00
    2.4300000E+00    6.2904826E+00   -6.2785400E+00   -3.9999999E+00   -4.0291624E+00   -4.1755930E+00   -4.1250746E+00   -9.2348457E+00   -3.8205259E+00   -3.0813927E+00   -3.4648470E+00   -6.4486978E+00   -8.1430860E+00   -1.5762440E+01   -1.4000000E+01   -1.4000000E+01   -4.3322303E+00   -1.4000000E+01   -3.0658011E+00   -3.0000000E+01   -3.2218985E+00   -8.1452904E+00   -8.5420239E+00   -8.3616884E+00   -1.1389172E+01   -1.1720056E+01   -2.0041946E+01   -2.8182945E+01   -8.1624080E+00   -7.3570077E+00   -1.0734796E+01   -1.2986233E+01   -8.6939826E+00   -1.0764766E+01   -7.0080250E+00
    2.6100000E+00    6.3118178E+00   -6.2996283E+00   -3.9999999E+00   -4.0058343E+00   -4.1484439E+00   -4.1279356E+00   -9.3326919E+00   -3.8030027E+00   -3.0877509E+00   -3.4649040E+00   -6.4486994E+00   -8.1864073E+00   -1.5824218E+01   -1.4000000E+01   -1.4000000E+01   -4.2955770E+00   -1.4000000E+01   -3.0170149E+00   -3.0000000E+01   -3.2066509E+00   -8.2024296E+00   -8.5564928E+00   -8.4393650E+00   -1.1411930E+01   -1.1761664E+01   -2.0087384E+01   -2.8247761E+01   -8.1408029E+00   -7.3196272E+00   -1.0742844E+01   -1.3013659E+01   -8.7230960E+00   -1.0705122E+01   -6.9699876E+00
    2.7900000E+00    6.3321635E+00   -6.3197392E+00   -3.9999999E+00   -3.9846442E+00   -4.1233864E+00   -4.1308621E+00   -9.4245271E+00   -3.7877907E+00   -3.0940160E+00   -3.4649615E+00   -6.4487011E+00   -8.2273690E+00   -1.5883136E+01   -1.4000000E+01   -1.4000000E+01   -4.2624803E+00   -1.4000000E+01   -2.9731597E+00   -3.0000000E+01   -3.1923124E+00   -8.2554405E+00   -8.5688123E+00   -8.5119618E+00   -1.1433281E+01   -1.1801343E+01   -2.0130362E+01   -2.8309569E+01   -8.1202001E+00   -7.2841832E+00   -1.0750370E+01   -1.3040015E+01   -8.7507090E+00   -1.0649503E+01   -6.9349719E+00
    2.9700000E+00    6.3516281E+00   -6.3389799E+00   -3.9999999E+00   -3.9652694E+00   -4.1001353E+00   -4.1338388E+00   -9.5110884E+00   -3.7745249E+00   -3.1001974E+00   -3.4650196E+00   -6.4487026E+00   -8.2664197E+00   -1.5939507E+01   -1.4000000E+01   -1.4000000E+01   -4.2323366E+00   -1.4000000E+01   -2.9333296E+00   -3.0000000E+01   -3.1787827E+00   -8.3048533E+00   -8.5792958E+00   -8.5801133E+00   -1.1453569E+01   -1.1839305E+01   -2.0171338E+01   -2.8368699E+01   -8.1004897E+00   -7.2504630E+00   -1.0757618E+01   -1.3065416E+01   -8.7771751E+00   -1.0597377E+01   -6.9025574E+00
    3.1500000E+00    6.3703034E+00   -6.3574411E+00   -3.9999999E+00   -3.9474531E+00   -4.0784597E+00   -4.1368531E+00   -9.5929833E+00   -3.7629171E+00   -3.1063031E+00   -3.4650781E+00   -6.4487042E+00   -8.3038002E+00   -1.5993599E+01   -1.4000000E+01   -1.4000000E+01   -4.2046824E+00   -1.4000000E+01   -2.8968476E+00   -3.0000000E+01   -3.1659771E+00   -8.3511004E+00   -8.5881924E+00   -8.6443407E+00   -1.1472945E+01   -1.1875729E+01   -2.0210563E+01   -2.8425429E+01   -8.0815791E+00   -7.2182871E+00   -1.0764658E+01   -1.3089963E+01   -8.8026546E+00   -1.0548314E+01   -6.8724049E+00
    3.3300000E+00    6.3882676E+00   -6.3752000E+00   -3.9999999E+00   -3.9309881E+00   -4.0581697E+00   -4.1398943E+00   -9.6707194E+00   -3.7527365E+00   -3.1123403E+00   -3.4651372E+00   -6.4487057E+00   -8.3396917E+00   -1.6045637E+01   -1.4000000E+01   -1.4000000E+01   -4.1791541E+00   -1.4000000E+01   -2.8631940E+00   -3.0000000E+01   -3.1538236E+00   -8.3945397E+00   -8.5957034E+00   -8.7050772E+00   -1.1491516E+01   -1.1910768E+01   -2.0248223E+01   -2.8479998E+01   -8.0633891E+00   -7.1875024E+00   -1.0771526E+01   -1.3113739E+01   -8.8272604E+00   -1.0501955E+01   -6.8442370E+00
    3.5100000E+00    6.4055880E+00   -6.3923233E+00   -3.9999999E+00   -3.9157049E+00   -4.0391075E+00   -4.1429538E+00   -9.7447251E+00   -3.7437954E+00   -3.1183156E+00   -3.4651968E+00   -6.4487071E+00   -8.3742451E+00   -1.6095817E+01   -1.4000000E+01   -1.4000000E+01   -4.1554614E+00   -1.4000000E+01   -2.8319618E+00   -3.0000000E+01   -3.1422604E+00   -8.4354714E+00   -8.6019942E+00   -8.7626879E+00   -1.1509368E+01   -1.1944553E+01   -2.0284478E+01   -2.8532610E+01   -8.0458514E+00   -7.1579774E+00   -1.0778248E+01   -1.3136818E+01   -8.8510846E+00   -1.0458003E+01   -6.8178238E+00
    3.6900000E+00    6.4223230E+00   -6.4088687E+00   -3.9999999E+00   -3.9014628E+00   -4.0211406E+00   -4.1460239E+00   -9.8153662E+00   -3.7359393E+00   -3.1242344E+00   -3.4652569E+00   -6.4487086E+00   -8.4075885E+00   -1.6144308E+01   -1.4000000E+01   -1.4000000E+01   -4.1333692E+00   -1.4000000E+01   -2.8028257E+00   -3.0000000E+01   -3.1312342E+00   -8.4741498E+00   -8.6072026E+00   -8.8174834E+00   -1.1526572E+01   -1.1977199E+01   -2.0319460E+01   -2.8583441E+01   -8.0289070E+00   -7.1295984E+00   -1.0784843E+01   -1.3159263E+01   -8.8742050E+00   -1.0416208E+01   -6.7929730E+00
    3.8700000E+00    6.4385235E+00   -6.4248865E+00   -3.9999999E+00   -3.8881445E+00   -4.0041565E+00   -4.1490987E+00   -9.8829575E+00   -3.7290396E+00   -3.1301020E+00   -3.4653177E+00   -6.4487100E+00   -8.4398325E+00   -1.6191258E+01   -1.4000000E+01   -1.4000000E+01   -4.1126843E+00   -1.4000000E+01   -2.7755220E+00   -3.0000000E+01   -3.1206986E+00   -8.5107924E+00   -8.6114443E+00   -8.8697305E+00   -1.1543190E+01   -1.2008804E+01   -2.0353285E+01   -2.8632647E+01   -8.0125045E+00   -7.1022662E+00   -1.0791329E+01   -1.3181129E+01   -8.8966880E+00   -1.0376353E+01   -6.7695220E+00
    4.0500000E+00    6.4542341E+00   -6.4404208E+00   -3.9999999E+00   -3.8756507E+00   -3.9880592E+00   -4.1521728E+00   -9.9477718E+00   -3.7229885E+00   -3.1359230E+00   -3.4653789E+00   -6.4487113E+00   -8.4710731E+00   -1.6236796E+01   -1.4000000E+01   -1.4000000E+01   -4.0932462E+00   -1.4000000E+01   -2.7498338E+00   -3.0000000E+01   -3.1106130E+00   -8.5455872E+00   -8.6148178E+00   -8.9196599E+00   -1.1559275E+01   -1.2039457E+01   -2.0386053E+01   -2.8680363E+01   -7.9965985E+00   -7.0758940E+00   -1.0797717E+01   -1.3202465E+01   -8.9185913E+00   -1.0338257E+01   -6.7473320E+00
    4.2300000E+00    6.4694943E+00   -6.4555105E+00   -3.9999999E+00   -3.8638969E+00   -3.9727659E+00   -4.1552420E+00   -1.0010048E+01   -3.7176943E+00   -3.1417015E+00   -3.4654408E+00   -6.4487127E+00   -8.5013942E+00   -1.6281035E+01   -1.4000000E+01   -1.4000000E+01   -4.0749200E+00   -1.4000000E+01   -2.7255806E+00   -3.0000000E+01   -3.1009417E+00   -8.5786975E+00   -8.6174077E+00   -8.9674730E+00   -1.1574873E+01   -1.2069233E+01   -2.0417852E+01   -2.8726708E+01   -7.9811494E+00   -7.0504051E+00   -1.0804020E+01   -1.3223315E+01   -8.9399649E+00   -1.0301759E+01   -6.7262837E+00
    4.4100000E+00    6.4843390E+00   -6.4701902E+00   -3.9999999E+00   -3.8528105E+00   -3.9582047E+00   -4.1583026E+00   -1.0069995E+01   -3.7130788E+00   -3.1474413E+00   -3.4655032E+00   -6.4487140E+00   -8.5308699E+00   -1.6324077E+01   -1.4000000E+01   -1.4000000E+01   -4.0575916E+00   -1.4000000E+01   -2.7026104E+00   -3.0000000E+01   -3.0916530E+00   -8.6102661E+00   -8.6192870E+00   -9.0133464E+00   -1.1590023E+01   -1.2098202E+01   -2.0448759E+01   -2.8771790E+01   -7.9661216E+00   -7.0257319E+00   -1.0810247E+01   -1.3243716E+01   -8.9608528E+00   -1.0266720E+01   -6.7062738E+00
    4.5900000E+00    6.4987993E+00   -6.4844908E+00   -3.9999999E+00   -3.8423290E+00   -3.9443129E+00   -4.1613515E+00   -1.0127799E+01   -3.7090747E+00   -3.1531459E+00   -3.4655663E+00   -6.4487154E+00   -8.5595656E+00   -1.6366013E+01   -1.4000000E+01   -1.4000000E+01   -4.0411631E+00   -1.4000000E+01   -2.6807944E+00   -3.0000000E+01   -3.0827190E+00   -8.6404192E+00   -8.6205194E+00   -9.0574362E+00   -1.1604762E+01   -1.2126424E+01   -2.0478843E+01   -2.8815702E+01   -7.9514836E+00   -7.0018138E+00   -1.0816406E+01   -1.3263703E+01   -8.9812940E+00   -1.0233020E+01   -6.6872124E+00
    4.7700000E+00    6.5129032E+00   -6.4984397E+00   -3.9999999E+00   -3.8323976E+00   -3.9310355E+00   -4.1643863E+00   -1.0183624E+01   -3.7056237E+00   -3.1588184E+00   -3.4656299E+00   -6.4487167E+00   -8.5875396E+00   -1.6406923E+01   -1.4000000E+01   -1.4000000E+01   -4.0255506E+00   -1.4000000E+01   -2.6600220E+00   -3.0000000E+01   -3.0741145E+00   -8.6692683E+00   -8.6211606E+00   -9.0998807E+00   -1.1619121E+01   -1.2153953E+01   -2.0508165E+01   -2.8858529E+01   -7.9372072E+00   -6.9785970E+00   -1.0822505E+01   -1.3283307E+01   -9.0013230E+00   -1.0200551E+01   -6.6690204E+00
    4.9500000E+00    6.5266757E+00   -6.5120617E+00   -3.9999999E+00   -3.8229688E+00   -3.9183238E+00   -4.1674048E+00   -1.0237618E+01   -3.7026750E+00   -3.1644617E+00   -3.4656942E+00   -6.4487180E+00   -8.6148440E+00   -1.6446879E+01   -1.4000000E+01   -1.4000000E+01   -4.0106812E+00   -1.4000000E+01   -2.6401980E+00   -3.0000000E+01   -3.0658170E+00   -8.6969126E+00   -8.6212599E+00   -9.1408034E+00   -1.1633128E+01   -1.2180838E+01   -2.0536779E+01   -2.8900348E+01   -7.9232670E+00   -6.9560329E+00   -1.0828548E+01   -1.3302555E+01   -9.0209707E+00   -1.0169218E+01   -6.6516285E+00
    5.1300000E+00    6.5401394E+00   -6.5253792E+00   -3.9999999E+00   -3.8140007E+00   -3.9061347E+00   -4.1704053E+00   -1.0289912E+01   -3.7001838E+00   -3.1700785E+00   -3.4657591E+00   -6.4487192E+00   -8.6415257E+00   -1.6485947E+01   -1.4000000E+01   -1.4000000E+01   -3.9964910E+00   -1.4000000E+01   -2.6212395E+00   -3.0000000E+01   -3.0578063E+00   -8.7234409E+00   -8.6208608E+00   -9.1803149E+00   -1.1646807E+01   -1.2207124E+01   -2.0564735E+01   -2.8941226E+01   -7.9096401E+00   -6.9340779E+00   -1.0834542E+01   -1.3321472E+01   -9.0402649E+00   -1.0138937E+01   -6.6349749E+00
    5.3100000E+00    6.5533149E+00   -6.5384124E+00   -3.9999999E+00   -3.8054562E+00   -3.8944299E+00   -4.1733861E+00   -1.0340625E+01   -3.6981110E+00   -3.1756713E+00   -3.4658246E+00   -6.4487205E+00   -8.6676269E+00   -1.6524187E+01   -1.4000000E+01   -1.4000000E+01   -3.9829244E+00   -1.4000000E+01   -2.6030741E+00   -3.0000000E+01   -3.0500642E+00   -8.7489331E+00   -8.6200021E+00   -9.2185147E+00   -1.1660182E+01   -1.2232850E+01   -2.0592076E+01   -2.8981227E+01   -7.8963058E+00   -6.9126924E+00   -1.0840492E+01   -1.3340081E+01   -9.0592304E+00   -1.0109632E+01   -6.6190049E+00
    5.4900000E+00    6.5662207E+00   -6.5511798E+00   -3.9999999E+00   -3.7973023E+00   -3.8831751E+00   -4.1763462E+00   -1.0389865E+01   -3.6964218E+00   -3.1812424E+00   -3.4658908E+00   -6.4487217E+00   -8.6931859E+00   -1.6561652E+01   -1.4000000E+01   -1.4000000E+01   -3.9699319E+00   -1.4000000E+01   -2.5856381E+00   -3.0000000E+01   -3.0425740E+00   -8.7734611E+00   -8.6187184E+00   -9.2554927E+00   -1.1673273E+01   -1.2258053E+01   -2.0618843E+01   -2.9020407E+01   -7.8832452E+00   -6.8918406E+00   -1.0846401E+01   -1.3358403E+01   -9.0778899E+00   -1.0081236E+01   -6.6036695E+00
    5.6700000E+00    6.5788739E+00   -6.5636981E+00   -3.9999999E+00   -3.7895098E+00   -3.8723392E+00   -4.1792845E+00   -1.0437729E+01   -3.6950852E+00   -3.1867939E+00   -3.4659577E+00   -6.4487230E+00   -8.7182375E+00   -1.6598391E+01   -1.4000000E+01   -1.4000000E+01   -3.9574699E+00   -1.4000000E+01   -2.5688752E+00   -3.0000000E+01   -3.0353208E+00   -8.7970900E+00   -8.6170410E+00   -9.2913303E+00   -1.1686098E+01   -1.2282765E+01   -2.0645073E+01   -2.9058818E+01   -7.8704411E+00   -6.8714898E+00   -1.0852273E+01   -1.3376456E+01   -9.0962640E+00   -1.0053686E+01   -6.5889246E+00
    5.8500000E+00    6.5912899E+00   -6.5759826E+00   -3.9999999E+00   -3.7820524E+00   -3.8618946E+00   -4.1822002E+00   -1.0484306E+01   -3.6940736E+00   -3.1923277E+00   -3.4660252E+00   -6.4487242E+00   -8.7428134E+00   -1.6634449E+01   -1.4000000E+01   -1.4000000E+01   -3.9454995E+00   -1.4000000E+01   -2.5527353E+00   -3.0000000E+01   -3.0282908E+00   -8.8198790E+00   -8.6149979E+00   -9.3261016E+00   -1.1698673E+01   -1.2307018E+01   -2.0670798E+01   -2.9096506E+01   -7.8578778E+00   -6.8516101E+00   -1.0858113E+01   -1.3394258E+01   -9.1143716E+00   -1.0026929E+01   -6.5747309E+00
    6.0300000E+00    6.6034830E+00   -6.5880475E+00   -3.9999999E+00   -3.7749066E+00   -3.8518161E+00   -4.1850926E+00   -1.0529676E+01   -3.6933623E+00   -3.1978459E+00   -3.4660934E+00   -6.4487254E+00   -8.7669427E+00   -1.6669868E+01   -1.4000000E+01   -1.4000000E+01   -3.9339859E+00   -1.4000000E+01   -2.5371738E+00   -3.0000000E+01   -3.0214714E+00   -8.8418818E+00   -8.6126146E+00   -9.3598742E+00   -1.1711016E+01   -1.2330839E+01   -2.0696049E+01   -2.9133515E+01   -7.8455409E+00   -6.8321742E+00   -1.0863922E+01   -1.3411826E+01   -9.1322297E+00   -1.0000913E+01   -6.5610523E+00
    6.2100000E+00    6.6154664E+00   -6.5999056E+00   -3.9999999E+00   -3.7680511E+00   -3.8420808E+00   -4.1879612E+00   -1.0573915E+01   -3.6929288E+00   -3.2033500E+00   -3.4661623E+00   -6.4487266E+00   -8.7906521E+00   -1.6704685E+01   -1.4000000E+01   -1.4000000E+01   -3.9228977E+00   -1.4000000E+01   -2.5221507E+00   -3.0000000E+01   -3.0148511E+00   -8.8631479E+00   -8.6099139E+00   -9.3927100E+00   -1.1723138E+01   -1.2354253E+01   -2.0720855E+01   -2.9169884E+01   -7.8334170E+00   -6.8131571E+00   -1.0869704E+01   -1.3429172E+01   -9.1498541E+00   -9.9755924E+00   -6.5478566E+00
    6.3900000E+00    6.6272520E+00   -6.6115690E+00   -3.9999999E+00   -3.7614666E+00   -3.8326680E+00   -4.1908056E+00   -1.0617089E+01   -3.6927532E+00   -3.2088419E+00   -3.4662319E+00   -6.4487278E+00   -8.8139661E+00   -1.6738935E+01   -1.4000000E+01   -1.4000000E+01   -3.9122068E+00   -1.4000000E+01   -2.5076299E+00   -3.0000000E+01   -3.0084194E+00   -8.8837222E+00   -8.6069170E+00   -9.4246658E+00   -1.1735054E+01   -1.2377285E+01   -2.0745240E+01   -2.9205652E+01   -7.8214940E+00   -6.7945355E+00   -1.0875462E+01   -1.3446312E+01   -9.1672595E+00   -9.9509265E+00   -6.5351143E+00
    6.5700000E+00    6.6388511E+00   -6.6230487E+00   -3.9999999E+00   -3.7551357E+00   -3.8235588E+00   -4.1936255E+00   -1.0659263E+01   -3.6928172E+00   -3.2143231E+00   -3.4663022E+00   -6.4487290E+00   -8.8369073E+00   -1.6772651E+01   -1.4000000E+01   -1.4000000E+01   -3.9018877E+00   -1.4000000E+01   -2.4935790E+00   -3.0000000E+01   -3.0021665E+00   -8.9036465E+00   -8.6036430E+00   -9.4557938E+00   -1.1746774E+01   -1.2399955E+01   -2.0769229E+01   -2.9240850E+01   -7.8097605E+00   -6.7762881E+00   -1.0881198E+01   -1.3463257E+01   -9.1844594E+00   -9.9268765E+00   -6.5227984E+00
    6.7500000E+00    6.6502742E+00   -6.6343549E+00   -3.9999999E+00   -3.7490426E+00   -3.8147357E+00   -4.1964206E+00   -1.0700494E+01   -3.6931042E+00   -3.2197951E+00   -3.4663733E+00   -6.4487302E+00   -8.8594968E+00   -1.6805862E+01   -1.4000000E+01   -1.4000000E+01   -3.8919174E+00   -1.4000000E+01   -2.4799684E+00   -3.0000000E+01   -2.9960834E+00   -8.9229588E+00   -8.6001092E+00   -9.4861423E+00   -1.1758311E+01   -1.2422284E+01   -2.0792843E+01   -2.9275512E+01   -7.7982060E+00   -6.7583951E+00   -1.0886913E+01   -1.3480021E+01   -9.2014662E+00   -9.9034073E+00   -6.5108843E+00
    6.9300000E+00    6.6615308E+00   -6.6454972E+00   -3.9999999E+00   -3.7431728E+00   -3.8061829E+00   -4.1991908E+00   -1.0740836E+01   -3.6935991E+00   -3.2252594E+00   -3.4664451E+00   -6.4487314E+00   -8.8817541E+00   -1.6838598E+01   -1.4000000E+01   -1.4000000E+01   -3.8822747E+00   -1.4000000E+01   -2.4667715E+00   -3.0000000E+01   -2.9901618E+00   -8.9416946E+00   -8.5963319E+00   -9.5157561E+00   -1.1769674E+01   -1.2444291E+01   -2.0816104E+01   -2.9309666E+01   -7.7868206E+00   -6.7408383E+00   -1.0892612E+01   -1.3496612E+01   -9.2182916E+00   -9.8804866E+00   -6.4993495E+00
    7.1100000E+00    6.6726300E+00   -6.6564846E+00   -3.9999999E+00   -3.7375131E+00   -3.7978858E+00   -4.2019360E+00   -1.0780338E+01   -3.6942882E+00   -3.2307174E+00   -3.4665176E+00   -6.4487325E+00   -8.9036975E+00   -1.6870883E+01   -1.4000000E+01   -1.4000000E+01   -3.8729405E+00   -1.4000000E+01   -2.4539637E+00   -3.0000000E+01   -2.9843940E+00   -8.9598868E+00   -8.5923256E+00   -9.5446766E+00   -1.1780873E+01   -1.2465994E+01   -2.0839030E+01   -2.9343340E+01   -7.7755953E+00   -6.7236003E+00   -1.0898294E+01   -1.3513043E+01   -9.2349467E+00   -9.8580846E+00   -6.4881733E+00
    7.2900000E+00    6.6835803E+00   -6.6673255E+00   -3.9999999E+00   -3.7320513E+00   -3.7898309E+00   -4.2046561E+00   -1.0819049E+01   -3.6951588E+00   -3.2361707E+00   -3.4665909E+00   -6.4487337E+00   -8.9253441E+00   -1.6902743E+01   -1.4000000E+01   -1.4000000E+01   -3.8638973E+00   -1.4000000E+01   -2.4415229E+00   -3.0000000E+01   -2.9787728E+00   -8.9775659E+00   -8.5881040E+00   -9.5729426E+00   -1.1791917E+01   -1.2487410E+01   -2.0861639E+01   -2.9376560E+01   -7.7645214E+00   -6.7066654E+00   -1.0903963E+01   -1.3529323E+01   -9.2514417E+00   -9.8361734E+00   -6.4773366E+00
    7.4700000E+00    6.6943899E+00   -6.6780278E+00   -3.9999999E+00   -3.7267764E+00   -3.7820057E+00   -4.2073511E+00   -1.0857011E+01   -3.6961994E+00   -3.2416206E+00   -3.4666650E+00   -6.4487349E+00   -8.9467101E+00   -1.6934200E+01   -1.4000000E+01   -1.4000000E+01   -3.8551288E+00   -1.4000000E+01   -2.4294286E+00   -3.0000000E+01   -2.9732915E+00   -8.9947604E+00   -8.5836795E+00   -9.6005905E+00   -1.1802814E+01   -1.2508553E+01   -2.0883948E+01   -2.9409351E+01   -7.7535907E+00   -6.6900184E+00   -1.0909620E+01   -1.3545460E+01   -9.2677868E+00   -9.8147275E+00   -6.4668219E+00
    7.6500000E+00    6.7050663E+00   -6.6885991E+00   -3.9999999E+00   -3.7216781E+00   -3.7743988E+00   -4.2100211E+00   -1.0894266E+01   -3.6973992E+00   -3.2470688E+00   -3.4667398E+00   -6.4487360E+00   -8.9678110E+00   -1.6965278E+01   -1.4000000E+01   -1.4000000E+01   -3.8466204E+00   -1.4000000E+01   -2.4176620E+00   -3.0000000E+01   -2.9679439E+00   -9.0114974E+00   -8.5790636E+00   -9.6276546E+00   -1.1813572E+01   -1.2529439E+01   -2.0905975E+01   -2.9441735E+01   -7.7427955E+00   -6.6736451E+00   -1.0915268E+01   -1.3561466E+01   -9.2839914E+00   -9.7937226E+00   -6.4566128E+00
    7.8300000E+00    6.7156170E+00   -6.6990468E+00   -3.9999999E+00   -3.7167468E+00   -3.7669996E+00   -4.2126650E+00   -1.0930855E+01   -3.6987489E+00   -3.2525170E+00   -3.4668155E+00   -6.4487372E+00   -8.9886617E+00   -1.6995997E+01   -1.4000000E+01   -1.4000000E+01   -3.8383585E+00   -1.4000000E+01   -2.4062072E+00   -3.0000000E+01   -2.9627243E+00   -9.0278019E+00   -8.5742666E+00   -9.6541673E+00   -1.1824199E+01   -1.2550083E+01   -2.0927733E+01   -2.9473735E+01   -7.7321281E+00   -6.6575321E+00   -1.0920908E+01   -1.3577348E+01   -9.3000650E+00   -9.7731362E+00   -6.4466942E+00
    8.0100000E+00    6.7260497E+00   -6.7093785E+00   -3.9999999E+00   -3.7119707E+00   -3.7598073E+00   -4.2151863E+00   -1.0966797E+01   -3.7002651E+00   -3.2579673E+00   -3.4668919E+00   -6.4487383E+00   -9.0092667E+00   -1.7026380E+01   -1.4000000E+01   -1.4000000E+01   -3.8303412E+00   -1.4000000E+01   -2.3951708E+00   -3.0000000E+01   -2.9576271E+00   -9.0436804E+00   -8.5692797E+00   -9.6801424E+00   -1.1834693E+01   -1.2570499E+01   -2.0949228E+01   -2.9505374E+01   -7.7215811E+00   -6.6416661E+00   -1.0926532E+01   -1.3593116E+01   -9.3160068E+00   -9.7529432E+00   -6.4370488E+00
    8.1900000E+00    6.7364540E+00   -6.7196866E+00   -3.9999999E+00   -3.7070429E+00   -3.7535591E+00   -4.2092344E+00   -1.1002401E+01   -3.7042679E+00   -3.2634609E+00   -3.4669697E+00   -6.4487394E+00   -8.9936157E+00   -1.7056735E+01   -1.4000000E+01   -1.4000000E+01   -3.8234236E+00   -1.4000000E+01   -2.3949871E+00   -3.0000000E+01   -2.9526067E+00   -9.0592406E+00   -8.5640313E+00   -9.7057862E+00   -1.1808944E+01   -1.2590893E+01   -2.0934426E+01   -2.9536926E+01   -7.7110676E+00   -6.6259207E+00   -1.0895980E+01   -1.3608918E+01   -9.2957495E+00   -9.7326985E+00   -6.4273180E+00
    8.3700000E+00    6.7467711E+00   -6.7299091E+00   -3.9999999E+00   -3.7022669E+00   -3.7474640E+00   -4.2034451E+00   -1.1035889E+01   -3.7083472E+00   -3.2689805E+00   -3.4670488E+00   -6.4487405E+00   -9.0131102E+00   -1.7086827E+01   -1.4000000E+01   -1.4000000E+01   -3.8166724E+00   -1.4000000E+01   -2.3948034E+00   -3.0000000E+01   -2.9477015E+00   -9.0728446E+00   -8.5570011E+00   -9.7293924E+00   -1.1818422E+01   -1.2611103E+01   -2.0954755E+01   -2.9568195E+01   -7.7006434E+00   -6.6103835E+00   -1.0900766E+01   -1.3624644E+01   -9.3107454E+00   -9.7128062E+00   -6.4178505E+00
    8.5500000E+00    6.7569800E+00   -6.7400252E+00   -3.9999999E+00   -3.6976364E+00   -3.7415202E+00   -4.1977935E+00   -1.1068857E+01   -3.7124969E+00   -3.2745008E+00   -3.4671288E+00   -6.4487416E+00   -9.0332654E+00   -1.7116613E+01   -1.4000000E+01   -1.4000000E+01   -3.8100790E+00   -1.4000000E+01   -2.3946199E+00   -3.0000000E+01   -2.9429072E+00   -9.0861313E+00   -8.5498702E+00   -9.7525786E+00   -1.1828663E+01   -1.2631108E+01   -2.0975729E+01   -2.9599135E+01   -7.6903293E+00   -6.5950710E+00   -1.0906423E+01   -1.3640267E+01   -9.3265055E+00   -9.6932765E+00   -6.4086355E+00
    8.7300000E+00    6.7670857E+00   -6.7500399E+00   -3.9999999E+00   -3.6931448E+00   -3.7357264E+00   -4.1922689E+00   -1.1101335E+01   -3.7167113E+00   -3.2800225E+00   -3.4672096E+00   -6.4487427E+00   -9.0532374E+00   -1.7146106E+01   -1.4000000E+01   -1.4000000E+01   -3.8036312E+00   -1.4000000E+01   -2.3944364E+00   -3.0000000E+01   -2.9382192E+00   -9.0991200E+00   -8.5426474E+00   -9.7753692E+00   -1.1838820E+01   -1.2650913E+01   -2.0996506E+01   -2.9629762E+01   -7.6801200E+00   -6.5799734E+00   -1.0912098E+01   -1.3655791E+01   -9.3421817E+00   -9.6740934E+00   -6.3996621E+00
    8.9100000E+00    6.7770934E+00   -6.7599580E+00   -3.9999999E+00   -3.6887861E+00   -3.7300875E+00   -4.1868638E+00   -1.1133348E+01   -3.7209852E+00   -3.2855466E+00   -3.4672914E+00   -6.4487438E+00   -9.0730147E+00   -1.7175318E+01   -1.4000000E+01   -1.4000000E+01   -3.7973101E+00   -1.4000000E+01   -2.3942529E+00   -3.0000000E+01   -2.9336334E+00   -9.1118279E+00   -8.5353400E+00   -9.7977861E+00   -1.1848874E+01   -1.2670529E+01   -2.1017075E+01   -2.9660088E+01   -7.6700107E+00   -6.5650814E+00   -1.0917769E+01   -1.3671221E+01   -9.3577587E+00   -9.6552418E+00   -6.3909203E+00
    9.0900000E+00    6.7870074E+00   -6.7697842E+00   -3.9999999E+00   -3.6845543E+00   -3.7246175E+00   -4.1815718E+00   -1.1164922E+01   -3.7253137E+00   -3.2910737E+00   -3.4673740E+00   -6.4487449E+00   -9.0926059E+00   -1.7204264E+01   -1.4000000E+01   -1.4000000E+01   -3.7910875E+00   -1.4000000E+01   -2.3940696E+00   -3.0000000E+01   -2.9291461E+00   -9.1242719E+00   -8.5279558E+00   -9.8198505E+00   -1.1858831E+01   -1.2689965E+01   -2.1037443E+01   -2.9690128E+01   -7.6599967E+00   -6.5503863E+00   -1.0923438E+01   -1.3686561E+01   -9.3732413E+00   -9.6367074E+00   -6.3824004E+00
    9.2700000E+00    6.7968322E+00   -6.7795226E+00   -3.9999999E+00   -3.6804440E+00   -3.7193400E+00   -4.1763868E+00   -1.1196083E+01   -3.7296922E+00   -3.2966045E+00   -3.4674575E+00   -6.4487460E+00   -9.1120196E+00   -1.7232956E+01   -1.4000000E+01   -1.4000000E+01   -3.7849244E+00   -1.4000000E+01   -2.3938863E+00   -3.0000000E+01   -2.9247534E+00   -9.1364687E+00   -8.5205032E+00   -9.8415833E+00   -1.1868695E+01   -1.2709229E+01   -2.1057621E+01   -2.9719896E+01   -7.6500736E+00   -6.5358802E+00   -1.0929105E+01   -1.3701818E+01   -9.3886346E+00   -9.6184767E+00   -6.3740932E+00
    9.4500000E+00    6.8065715E+00   -6.7891770E+00   -3.9999999E+00   -3.6764497E+00   -3.7142871E+00   -4.1713029E+00   -1.1226854E+01   -3.7341166E+00   -3.3021395E+00   -3.4675419E+00   -6.4487470E+00   -9.1312634E+00   -1.7261404E+01   -1.4000000E+01   -1.4000000E+01   -3.7787732E+00   -1.4000000E+01   -2.3937032E+00   -3.0000000E+01   -2.9204519E+00   -9.1484350E+00   -8.5129908E+00   -9.8630050E+00   -1.1878471E+01   -1.2728328E+01   -2.1077617E+01   -2.9749403E+01   -7.6402376E+00   -6.5215554E+00   -1.0934772E+01   -1.3716995E+01   -9.4039431E+00   -9.6005372E+00   -6.3659902E+00
    9.6300000E+00    6.8162289E+00   -6.7987510E+00   -3.9999999E+00   -3.6725666E+00   -3.7094943E+00   -4.1663145E+00   -1.1257258E+01   -3.7385827E+00   -3.3076790E+00   -3.4676273E+00   -6.4487481E+00   -9.1503445E+00   -1.7289620E+01   -1.4000000E+01   -1.4000000E+01   -3.7725838E+00   -1.4000000E+01   -2.3935200E+00   -3.0000000E+01   -2.9162383E+00   -9.1601867E+00   -8.5054276E+00   -9.8841349E+00   -1.1888160E+01   -1.2747270E+01   -2.1097438E+01   -2.9778659E+01   -7.6304851E+00   -6.5074051E+00   -1.0940438E+01   -1.3732097E+01   -9.4191707E+00   -9.5828771E+00   -6.3580831E+00
    9.8100000E+00    6.8258075E+00   -6.8082475E+00   -3.9999999E+00   -3.6687900E+00   -3.7049932E+00   -4.1614162E+00   -1.1287316E+01   -3.7430868E+00   -3.3132230E+00   -3.4677136E+00   -6.4487492E+00   -9.1692688E+00   -1.7317612E+01   -1.4000000E+01   -1.4000000E+01   -3.7663120E+00   -1.4000000E+01   -2.3933370E+00   -3.0000000E+01   -2.9121096E+00   -9.1717383E+00   -8.4978220E+00   -9.9049903E+00   -1.1897768E+01   -1.2766060E+01   -2.1117090E+01   -2.9807674E+01   -7.6208128E+00   -6.4934230E+00   -1.0946103E+01   -1.3747125E+01   -9.4343206E+00   -9.5654856E+00   -6.3503643E+00
    9.9900000E+00    6.8353099E+00   -6.8176691E+00   -3.9999999E+00   -3.6651152E+00   -3.7008037E+00   -4.1566032E+00   -1.1317043E+01   -3.7476253E+00   -3.3187711E+00   -3.4678009E+00   -6.4487503E+00   -9.1880415E+00   -1.7345387E+01   -1.4000000E+01   -1.4000000E+01   -3.7599282E+00   -1.4000000E+01   -2.3931541E+00   -3.0000000E+01   -2.9080628E+00   -9.1831018E+00   -8.4901808E+00   -9.9255856E+00   -1.1907296E+01   -1.2784703E+01   -2.1136579E+01   -2.9836456E+01   -7.6112183E+00   -6.4796033E+00   -1.0951768E+01   -1.3762083E+01   -9.4493952E+00   -9.5483526E+00   -6.3428263E+00
    1.0170000E+01    6.8447377E+00   -6.8270175E+00   -3.9999999E+00   -3.6615381E+00   -3.6969284E+00   -4.1518712E+00   -1.1346453E+01   -3.7521949E+00   -3.3243224E+00   -3.4678891E+00   -6.4487514E+00   -9.2066663E+00   -1.7372951E+01   -1.4000000E+01   -1.4000000E+01   -3.7534249E+00   -1.4000000E+01   -2.3929712E+00   -3.0000000E+01   -2.9040951E+00   -9.1942861E+00   -8.4825094E+00   -9.9459315E+00   -1.1916746E+01   -1.2803203E+01   -2.1155908E+01   -2.9865010E+01   -7.6016998E+00   -6.4659415E+00   -1.0957431E+01   -1.3776971E+01   -9.4643953E+00   -9.5314696E+00   -6.3354623E+00
    1.0350000E+01    6.8540920E+00   -6.8362936E+00   -3.9999999E+00   -3.6580547E+00   -3.6933487E+00   -4.1472161E+00   -1.1375551E+01   -3.7567923E+00   -3.3298752E+00   -3.4679784E+00   -6.4487525E+00   -9.2251447E+00   -1.7400305E+01   -1.4000000E+01   -1.4000000E+01   -3.7468190E+00   -1.4000000E+01   -2.3927884E+00   -3.0000000E+01   -2.9002038E+00   -9.2052960E+00   -8.4748108E+00   -9.9660336E+00   -1.1926120E+01   -1.2821561E+01   -2.1175081E+01   -2.9893340E+01   -7.5922562E+00   -6.4524338E+00   -1.0963092E+01   -1.3791789E+01   -9.4793202E+00   -9.5148289E+00   -6.3282656E+00
    1.0530000E+01    6.8633722E+00   -6.8454968E+00   -3.9999999E+00   -3.6546612E+00   -3.6900262E+00   -4.1426343E+00   -1.1404337E+01   -3.7614145E+00   -3.3354265E+00   -3.4680686E+00   -6.4487536E+00   -9.2434758E+00   -1.7427449E+01   -1.4000000E+01   -1.4000000E+01   -3.7401505E+00   -1.4000000E+01   -2.3926057E+00   -3.0000000E+01   -2.8963864E+00   -9.2161322E+00   -8.4670866E+00   -9.9858919E+00   -1.1935417E+01   -1.2839777E+01   -2.1194095E+01   -2.9921443E+01   -7.5828880E+00   -6.4390781E+00   -1.0968746E+01   -1.3806532E+01   -9.4941666E+00   -9.4984247E+00   -6.3212301E+00
    1.0710000E+01    6.8725760E+00   -6.8546249E+00   -3.9999999E+00   -3.6513540E+00   -3.6869068E+00   -4.1381217E+00   -1.1432802E+01   -3.7660583E+00   -3.3409715E+00   -3.4681599E+00   -6.4487547E+00   -9.2616551E+00   -1.7454374E+01   -1.4000000E+01   -1.4000000E+01   -3.7334764E+00   -1.4000000E+01   -2.3924230E+00   -3.0000000E+01   -2.8926405E+00   -9.2267905E+00   -8.4593372E+00   -1.0005500E+01   -1.1944634E+01   -1.2857844E+01   -2.1212948E+01   -2.9949313E+01   -7.5735975E+00   -6.4258741E+00   -1.0974390E+01   -1.3821193E+01   -9.5089274E+00   -9.4822533E+00   -6.3143496E+00
    1.0890000E+01    6.8816984E+00   -6.8636726E+00   -3.9999999E+00   -3.6481296E+00   -3.6839274E+00   -4.1336738E+00   -1.1460926E+01   -3.7707208E+00   -3.3465029E+00   -3.4682522E+00   -6.4487558E+00   -9.2796722E+00   -1.7481064E+01   -1.4000000E+01   -1.4000000E+01   -3.7268621E+00   -1.4000000E+01   -2.3922405E+00   -3.0000000E+01   -2.8889637E+00   -9.2372613E+00   -8.4515634E+00   -1.0024842E+01   -1.1953767E+01   -1.2875754E+01   -2.1231628E+01   -2.9976934E+01   -7.5643898E+00   -6.4128245E+00   -1.0980017E+01   -1.3835761E+01   -9.5235904E+00   -9.4663141E+00   -6.3076186E+00
    1.1070000E+01    6.8907302E+00   -6.8726310E+00   -3.9999999E+00   -3.6449847E+00   -3.6810235E+00   -4.1292839E+00   -1.1488674E+01   -3.7753991E+00   -3.3520092E+00   -3.4683455E+00   -6.4487569E+00   -9.2975092E+00   -1.7507494E+01   -1.4000000E+01   -1.4000000E+01   -3.7203734E+00   -1.4000000E+01   -2.3920580E+00   -3.0000000E+01   -2.8853537E+00   -9.2475287E+00   -8.4437672E+00   -1.0043895E+01   -1.1962807E+01   -1.2893488E+01   -2.1250118E+01   -3.0004281E+01   -7.5552739E+00   -6.3999359E+00   -1.0985614E+01   -1.3850215E+01   -9.5381352E+00   -9.4506105E+00   -6.3010313E+00
    1.1250000E+01    6.8996566E+00   -6.8814851E+00   -3.9999999E+00   -3.6419161E+00   -3.6781365E+00   -4.1249427E+00   -1.1515992E+01   -3.7800900E+00   -3.3574736E+00   -3.4684400E+00   -6.4487580E+00   -9.3151364E+00   -1.7533618E+01   -1.4000000E+01   -1.4000000E+01   -3.7140683E+00   -1.4000000E+01   -2.3918756E+00   -3.0000000E+01   -2.8818083E+00   -9.2575682E+00   -8.4359538E+00   -1.0062617E+01   -1.1971739E+01   -1.2911016E+01   -2.1268389E+01   -3.0031307E+01   -7.5462645E+00   -6.3872208E+00   -1.0991166E+01   -1.3864522E+01   -9.5525301E+00   -9.4351518E+00   -6.2945825E+00
    1.1430000E+01    6.9084543E+00   -6.8902115E+00   -3.9999999E+00   -3.6389204E+00   -3.6752184E+00   -4.1206359E+00   -1.1542797E+01   -3.7847902E+00   -3.3628703E+00   -3.4685355E+00   -6.4487591E+00   -9.3325072E+00   -1.7559364E+01   -1.4000000E+01   -1.3999989E+01   -3.7079922E+00   -1.4000000E+01   -2.3916932E+00   -3.0000000E+01   -2.8783251E+00   -9.2673429E+00   -8.4281330E+00   -1.0080950E+01   -1.1980540E+01   -1.2928291E+01   -2.1286384E+01   -3.0057934E+01   -7.5373851E+00   -6.3747002E+00   -1.0996647E+01   -1.3878635E+01   -9.5667264E+00   -9.4199560E+00   -6.2882665E+00
    1.1610000E+01    6.9170874E+00   -6.8987743E+00   -3.9999999E+00   -3.6359944E+00   -3.6722353E+00   -4.1163423E+00   -1.1568960E+01   -3.7894962E+00   -3.3681612E+00   -3.4686320E+00   -6.4487602E+00   -9.3495499E+00   -1.7584627E+01   -1.4000000E+01   -1.3999062E+01   -3.7021755E+00   -1.4000000E+01   -2.3915110E+00   -3.0000000E+01   -2.8749019E+00   -9.2767974E+00   -8.4203214E+00   -1.0098801E+01   -1.1989174E+01   -1.2945241E+01   -2.1303125E+01   -3.0083146E+01   -7.5286714E+00   -6.3624076E+00   -1.1002019E+01   -1.3892478E+01   -9.5806502E+00   -9.4050533E+00   -6.2820779E+00
    1.1790000E+01    6.9255015E+00   -6.9071192E+00   -3.9999999E+00   -3.6331346E+00   -3.6691683E+00   -4.1120311E+00   -1.1594291E+01   -3.7942037E+00   -3.3732896E+00   -3.4687298E+00   -6.4487613E+00   -9.3661562E+00   -1.7609242E+01   -1.4000000E+01   -1.3924872E+01   -3.6966342E+00   -1.4000000E+01   -2.3913288E+00   -3.0000000E+01   -2.8715363E+00   -9.2858491E+00   -8.4125449E+00   -1.0116034E+01   -1.1997588E+01   -1.2961758E+01   -2.1246158E+01   -3.0034435E+01   -7.5201779E+00   -6.3503949E+00   -1.1007225E+01   -1.3905940E+01   -9.5941907E+00   -9.3904922E+00   -6.2760108E+00
    1.1970000E+01    6.9336152E+00   -6.9151647E+00   -3.9999999E+00   -3.6303373E+00   -3.6660124E+00   -4.1076585E+00   -1.1618502E+01   -3.7989077E+00   -3.3781715E+00   -3.4688286E+00   -6.4487624E+00   -9.3821637E+00   -1.7632964E+01   -1.4000000E+01   -1.2757131E+01   -3.6913712E+00   -1.4000000E+01   -2.3911467E+00   -3.0000000E+01   -2.8682257E+00   -9.2943738E+00   -8.4048421E+00   -1.0132443E+01   -1.2005700E+01   -1.2977678E+01   -2.0095033E+01   -2.8891270E+01   -7.5119858E+00   -6.3387407E+00   -1.1012182E+01   -1.3918857E+01   -9.6071832E+00   -9.3763479E+00   -6.2700590E+00
    1.2150000E+01    6.9413075E+00   -6.9227897E+00   -3.9999999E+00   -3.6275985E+00   -3.6627748E+00   -4.1031640E+00   -1.1641166E+01   -3.8036015E+00   -3.3826829E+00   -3.4689286E+00   -6.4487636E+00   -9.3973306E+00   -1.7655432E+01   -1.4000000E+01   -1.0841217E+01   -3.6863805E+00   -1.4000000E+01   -2.3909647E+00   -3.0000000E+01   -2.8649672E+00   -9.3021863E+00   -8.3972701E+00   -1.0147721E+01   -1.2013390E+01   -1.2992760E+01   -1.8194886E+01   -2.6998663E+01   -7.5042163E+00   -6.3275635E+00   -1.1016768E+01   -1.3930983E+01   -9.6193831E+00   -9.3627346E+00   -6.2642156E+00
    1.2330000E+01    6.9483858E+00   -6.9298020E+00   -3.9999999E+00   -3.6249378E+00   -3.6594834E+00   -4.0984831E+00   -1.1661641E+01   -3.8082457E+00   -3.3866417E+00   -3.4690297E+00   -6.4487647E+00   -9.4112216E+00   -1.7676068E+01   -1.4000000E+01   -8.9003408E+00   -3.6816634E+00   -1.4000000E+01   -2.3907828E+00   -3.0000000E+01   -2.8617714E+00   -9.3090285E+00   -8.3899556E+00   -1.0161419E+01   -1.2020414E+01   -1.3006619E+01   -1.6268489E+01   -2.5079248E+01   -7.4970620E+00   -6.3170668E+00   -1.1020747E+01   -1.3941944E+01   -9.6303645E+00   -9.3498746E+00   -6.2585103E+00
    1.2510000E+01    6.9534239E+00   -6.9347972E+00   -3.9999999E+00   -3.6244746E+00   -3.6571781E+00   -4.0947754E+00   -1.1908426E+01   -3.8100358E+00   -3.3898011E+00   -3.4691322E+00   -6.4487653E+00   -9.1118208E+00   -1.7689080E+01   -1.4000000E+01   -6.9571298E+00   -3.6784580E+00   -1.4000000E+01   -2.3906009E+00   -3.0000000E+01   -2.8598429E+00   -9.5460783E+00   -8.6169292E+00   -1.0403362E+01   -1.1716113E+01   -1.3014790E+01   -1.4026261E+01   -2.3149587E+01   -7.4919744E+00   -6.3099551E+00   -1.0714616E+01   -1.3948380E+01   -9.3292217E+00   -9.3424936E+00   -6.2562172E+00
    1.2690000E+01    6.9584616E+00   -6.9397923E+00   -3.9999999E+00   -3.6240161E+00   -3.6548643E+00   -4.0909470E+00   -1.1925941E+01   -3.8118217E+00   -3.3929787E+00   -3.4692328E+00   -6.4487660E+00   -9.1194564E+00   -1.7703792E+01   -1.4000000E+01   -6.6586195E+00   -3.6753566E+00   -1.4000000E+01   -2.3904191E+00   -3.0000000E+01   -2.8579335E+00   -9.5538557E+00   -8.6146312E+00   -1.0416033E+01   -1.1718847E+01   -1.3024658E+01   -1.3735767E+01   -2.2866321E+01   -7.4868877E+00   -6.3028644E+00   -1.0715539E+01   -1.3956531E+01   -9.3351326E+00   -9.3351364E+00   -6.2539469E+00
    1.2870000E+01    6.9634867E+00   -6.9447752E+00   -3.9999999E+00   -3.6235622E+00   -3.6525502E+00   -4.0869677E+00   -1.1942495E+01   -3.8136109E+00   -3.3961616E+00   -3.4693306E+00   -6.4487666E+00   -9.1293453E+00   -1.7718485E+01   -1.4000000E+01   -6.4834036E+00   -3.6723565E+00   -1.4000000E+01   -2.3902374E+00   -3.0000000E+01   -2.8560426E+00   -9.5606943E+00   -8.6114196E+00   -1.0427755E+01   -1.1723846E+01   -1.3034518E+01   -1.3570816E+01   -2.2706325E+01   -7.4818141E+00   -6.2958062E+00   -1.0718743E+01   -1.3964690E+01   -9.3433135E+00   -9.3278143E+00   -6.2516987E+00
    1.3050000E+01    6.9684996E+00   -6.9497464E+00   -3.9999999E+00   -3.6231126E+00   -3.6502443E+00   -4.0827998E+00   -1.1959033E+01   -3.8154034E+00   -3.3993499E+00   -3.4694258E+00   -6.4487673E+00   -9.1392354E+00   -1.7733146E+01   -1.4000000E+01   -6.3589266E+00   -3.6694548E+00   -1.4000000E+01   -2.3900557E+00   -3.0000000E+01   -2.8541698E+00   -9.5675366E+00   -8.6082361E+00   -1.0439469E+01   -1.1728857E+01   -1.3044356E+01   -1.3456602E+01   -2.2597030E+01   -7.4767533E+00   -6.2887799E+00   -1.0721977E+01   -1.3972843E+01   -9.3515117E+00   -9.3205264E+00   -6.2494719E+00
    1.3230000E+01    6.9735006E+00   -6.9547062E+00   -3.9999999E+00   -3.6226673E+00   -3.6479554E+00   -4.0784006E+00   -1.1975568E+01   -3.8171991E+00   -3.4025437E+00   -3.4695182E+00   -6.4487680E+00   -9.1491045E+00   -1.7747776E+01   -1.4000000E+01   -6.2623121E+00   -3.6666496E+00   -1.4000000E+01   -2.3898742E+00   -3.0000000E+01   -2.8523148E+00   -9.5743963E+00   -8.6050938E+00   -1.0451191E+01   -1.1733857E+01   -1.3054173E+01   -1.3370224E+01   -2.2515560E+01   -7.4717048E+00   -6.2817849E+00   -1.0725216E+01   -1.3980991E+01   -9.3597047E+00   -9.3132720E+00   -6.2472662E+00
    1.3410000E+01    6.9784902E+00   -6.9596551E+00   -3.9999999E+00   -3.6222261E+00   -3.6456928E+00   -4.0737220E+00   -1.1992113E+01   -3.8189977E+00   -3.4057431E+00   -3.4696078E+00   -6.4487686E+00   -9.1589531E+00   -1.7762376E+01   -1.4000000E+01   -6.1833428E+00   -3.6639399E+00   -1.4000000E+01   -2.3896927E+00   -3.0000000E+01   -2.8504775E+00   -9.5812856E+00   -8.6020040E+00   -1.0462932E+01   -1.1738846E+01   -1.3063968E+01   -1.3301467E+01   -2.2451700E+01   -7.4666683E+00   -6.2748205E+00   -1.0728462E+01   -1.3989133E+01   -9.3678927E+00   -9.3060502E+00   -6.2450811E+00
    1.3590000E+01    6.9834686E+00   -6.9645933E+00   -3.9999999E+00   -3.6217888E+00   -3.6434652E+00   -4.0687104E+00   -1.2008683E+01   -3.8207993E+00   -3.4089482E+00   -3.4696946E+00   -6.4487693E+00   -9.1687820E+00   -1.7776947E+01   -1.4000000E+01   -6.1165596E+00   -3.6613267E+00   -1.4000000E+01   -2.3895113E+00   -3.0000000E+01   -2.8486575E+00   -9.5882175E+00   -8.5989791E+00   -1.0474707E+01   -1.1743826E+01   -1.3073744E+01   -1.3244872E+01   -2.2399990E+01   -7.4616436E+00   -6.2678863E+00   -1.0731714E+01   -1.3997270E+01   -9.3760762E+00   -9.2988602E+00   -6.2429161E+00
    1.3770000E+01    6.9884363E+00   -6.9695213E+00   -3.9999999E+00   -3.6213552E+00   -3.6412807E+00   -4.0633071E+00   -1.2025293E+01   -3.8226038E+00   -3.4121589E+00   -3.4697785E+00   -6.4487700E+00   -9.1785921E+00   -1.7791491E+01   -1.4000000E+01   -6.0587008E+00   -3.6588134E+00   -1.4000000E+01   -2.3893299E+00   -3.0000000E+01   -2.8468546E+00   -9.5952063E+00   -8.5960326E+00   -1.0486530E+01   -1.1748795E+01   -1.3083500E+01   -1.3197178E+01   -2.2357171E+01   -7.4566302E+00   -6.2609819E+00   -1.0734971E+01   -1.4005402E+01   -9.3842556E+00   -9.2917012E+00   -6.2407707E+00
    1.3950000E+01    6.9933934E+00   -6.9744394E+00   -3.9999999E+00   -3.6209252E+00   -3.6391451E+00   -4.0574486E+00   -1.2041958E+01   -3.8244111E+00   -3.4153753E+00   -3.4698596E+00   -6.4487707E+00   -9.1883840E+00   -1.7806008E+01   -1.4000000E+01   -6.0076607E+00   -3.6564070E+00   -1.4000000E+01   -2.3891487E+00   -3.0000000E+01   -2.8450686E+00   -9.6022669E+00   -8.5931788E+00   -1.0498415E+01   -1.1753755E+01   -1.3093239E+01   -1.3156279E+01   -2.2321137E+01   -7.4516280E+00   -6.2541066E+00   -1.0738235E+01   -1.4013531E+01   -9.3924311E+00   -9.2845724E+00   -6.2386444E+00
    1.4130000E+01    6.9983405E+00   -6.9793480E+00   -3.9999999E+00   -3.6204986E+00   -3.6370605E+00   -4.0510670E+00   -1.2058695E+01   -3.8262211E+00   -3.4185974E+00   -3.4699376E+00   -6.4487713E+00   -9.1981585E+00   -1.7820501E+01   -1.4000000E+01   -5.9620009E+00   -3.6541203E+00   -1.4000000E+01   -2.3889675E+00   -3.0000000E+01   -2.8432991E+00   -9.6094147E+00   -8.5904326E+00   -1.0510380E+01   -1.1758706E+01   -1.3102959E+01   -1.3120738E+01   -2.2290451E+01   -7.4466366E+00   -6.2472601E+00   -1.0741504E+01   -1.4021656E+01   -9.4006031E+00   -9.2774730E+00   -6.2365367E+00
    1.4310000E+01    7.0032776E+00   -6.9842474E+00   -3.9999999E+00   -3.6200751E+00   -3.6350229E+00   -4.0440917E+00   -1.2075520E+01   -3.8280337E+00   -3.4218253E+00   -3.4700127E+00   -6.4487720E+00   -9.2079161E+00   -1.7834970E+01   -1.4000000E+01   -5.9206948E+00   -3.6519741E+00   -1.4000000E+01   -2.3887864E+00   -3.0000000E+01   -2.8415459E+00   -9.6166653E+00   -8.5878089E+00   -1.0522440E+01   -1.1763647E+01   -1.3112663E+01   -1.3089527E+01   -2.2264087E+01   -7.4416559E+00   -6.2404421E+00   -1.0744780E+01   -1.4029777E+01   -9.4087718E+00   -9.2704022E+00   -6.2344469E+00
    1.4490000E+01    7.0082051E+00   -6.9891378E+00   -3.9999999E+00   -3.6196545E+00   -3.6330193E+00   -4.0364499E+00   -1.2092449E+01   -3.8298489E+00   -3.4250588E+00   -3.4700847E+00   -6.4487727E+00   -9.2176574E+00   -1.7849416E+01   -1.4000000E+01   -5.8829844E+00   -3.6500000E+00   -1.4000000E+01   -2.3886053E+00   -3.0000000E+01   -2.8398089E+00   -9.6240335E+00   -8.5853221E+00   -1.0534610E+01   -1.1768580E+01   -1.3122350E+01   -1.3061890E+01   -2.2241286E+01   -7.4366856E+00   -6.2336522E+00   -1.0748061E+01   -1.4037895E+01   -9.4169372E+00   -9.2633594E+00   -6.2323746E+00
    1.4670000E+01    7.0131230E+00   -6.9940193E+00   -3.9999999E+00   -3.6192367E+00   -3.6310254E+00   -4.0280693E+00   -1.2109496E+01   -3.8316666E+00   -3.4282977E+00   -3.4701536E+00   -6.4487733E+00   -9.2273829E+00   -1.7863841E+01   -1.4000000E+01   -5.8482937E+00   -3.6482434E+00   -1.4000000E+01   -2.3884244E+00   -3.0000000E+01   -2.8380878E+00   -9.6315327E+00   -8.5829855E+00   -1.0546905E+01   -1.1773504E+01   -1.3132022E+01   -1.3037250E+01   -2.2221475E+01   -7.4317258E+00   -6.2268903E+00   -1.0751348E+01   -1.4046010E+01   -9.4250995E+00   -9.2563439E+00   -6.2303192E+00
    1.4850000E+01    7.0180314E+00   -6.9988922E+00   -3.9999999E+00   -3.6188213E+00   -3.6290030E+00   -4.0188797E+00   -1.2126673E+01   -3.8334867E+00   -3.4315419E+00   -3.4702194E+00   -6.4487740E+00   -9.2370927E+00   -1.7878244E+01   -1.4000000E+01   -5.8161748E+00   -3.6467655E+00   -1.4000000E+01   -2.3882435E+00   -3.0000000E+01   -2.8363823E+00   -9.6391743E+00   -8.5808103E+00   -1.0559334E+01   -1.1778420E+01   -1.3141678E+01   -1.3015159E+01   -2.2204204E+01   -7.4267763E+00   -6.2201562E+00   -1.0754639E+01   -1.4054122E+01   -9.4332583E+00   -9.2493551E+00   -6.2282800E+00
    1.5030000E+01    7.0229302E+00   -7.0037563E+00   -3.9999999E+00   -3.6184082E+00   -3.6268994E+00   -4.0088159E+00   -1.2143988E+01   -3.8353093E+00   -3.4347910E+00   -3.4702819E+00   -6.4487746E+00   -9.2467868E+00   -1.7892626E+01   -1.4000000E+01   -5.7862727E+00   -3.6456446E+00   -1.4000000E+01   -2.3880627E+00   -3.0000000E+01   -2.8346923E+00   -9.6469668E+00   -8.5788052E+00   -1.0571908E+01   -1.1783326E+01   -1.3151319E+01   -1.2995261E+01   -2.2189117E+01   -7.4218375E+00   -6.2134501E+00   -1.0757935E+01   -1.4062230E+01   -9.4414131E+00   -9.2423927E+00   -6.2262567E+00
    1.5210000E+01    7.0278190E+00   -7.0086114E+00   -3.9999999E+00   -3.6179971E+00   -3.6246492E+00   -3.9978204E+00   -1.2161446E+01   -3.8371342E+00   -3.4380442E+00   -3.4703413E+00   -6.4487752E+00   -9.2564645E+00   -1.7906986E+01   -1.4000000E+01   -5.7583011E+00   -3.6449747E+00   -1.4000000E+01   -2.3878820E+00   -3.0000000E+01   -2.8330175E+00   -9.6549149E+00   -8.5769758E+00   -1.0584631E+01   -1.1788223E+01   -1.3160944E+01   -1.2977270E+01   -2.2175929E+01   -7.4169097E+00   -6.2067722E+00   -1.0761236E+01   -1.4070333E+01   -9.4495628E+00   -9.2354565E+00   -6.2242485E+00
    1.5390000E+01    7.0326971E+00   -7.0134568E+00   -3.9999999E+00   -3.6175878E+00   -3.6221774E+00   -3.9858464E+00   -1.2179047E+01   -3.8389614E+00   -3.4413006E+00   -3.4703973E+00   -6.4487759E+00   -9.2661247E+00   -1.7921324E+01   -1.4000000E+01   -5.7320258E+00   -3.6448627E+00   -1.4000000E+01   -2.3877013E+00   -3.0000000E+01   -2.8313577E+00   -9.6630194E+00   -8.5753239E+00   -1.0597503E+01   -1.1793111E+01   -1.3170553E+01   -1.2960949E+01   -2.2164401E+01   -7.4119937E+00   -6.2001233E+00   -1.0764539E+01   -1.4078429E+01   -9.4577058E+00   -9.2285466E+00   -6.2222549E+00
    1.5570000E+01    7.0375634E+00   -7.0182913E+00   -3.9999999E+00   -3.6171801E+00   -3.6194064E+00   -3.9728606E+00   -1.2196785E+01   -3.8407909E+00   -3.4445589E+00   -3.4704500E+00   -6.4487765E+00   -9.2757652E+00   -1.7935635E+01   -1.4000000E+01   -5.7072528E+00   -3.6454227E+00   -1.4000000E+01   -2.3875207E+00   -3.0000000E+01   -2.8297127E+00   -9.6712761E+00   -8.5738480E+00   -1.0610518E+01   -1.1797987E+01   -1.3180142E+01   -1.2946100E+01   -2.2154337E+01   -7.4070907E+00   -6.1935046E+00   -1.0767843E+01   -1.4086517E+01   -9.4658393E+00   -9.2216639E+00   -6.2202754E+00
    1.5750000E+01    7.0424159E+00   -7.0231132E+00   -3.9999999E+00   -3.6167739E+00   -3.6162639E+00   -3.9588459E+00   -1.2214646E+01   -3.8426225E+00   -3.4478167E+00   -3.4704994E+00   -6.4487771E+00   -9.2853822E+00   -1.7949915E+01   -1.4000000E+01   -5.6838195E+00   -3.6467688E+00   -1.4000000E+01   -2.3873402E+00   -3.0000000E+01   -2.8280823E+00   -9.6796759E+00   -8.5725428E+00   -1.0623667E+01   -1.1802850E+01   -1.3189708E+01   -1.2932559E+01   -2.2145567E+01   -7.4022027E+00   -6.1869178E+00   -1.0771146E+01   -1.4094592E+01   -9.4739593E+00   -9.2148097E+00   -6.2183093E+00
    1.5930000E+01    7.0472517E+00   -7.0279194E+00   -3.9999999E+00   -3.6163687E+00   -3.6126926E+00   -3.9438036E+00   -1.2232612E+01   -3.8444561E+00   -3.4510707E+00   -3.4705452E+00   -6.4487777E+00   -9.2949699E+00   -1.7964154E+01   -1.4000000E+01   -5.6615884E+00   -3.6490068E+00   -1.4000000E+01   -2.3871598E+00   -3.0000000E+01   -2.8264663E+00   -9.6882045E+00   -8.5713999E+00   -1.0636931E+01   -1.1807696E+01   -1.3199246E+01   -1.2920180E+01   -2.2137945E+01   -7.3973328E+00   -6.1803661E+00   -1.0774444E+01   -1.4102647E+01   -9.4820594E+00   -9.2079865E+00   -6.2163562E+00
    1.6110000E+01    7.0520661E+00   -7.0327055E+00   -3.9999999E+00   -3.6159646E+00   -3.6086583E+00   -3.9277547E+00   -1.2250654E+01   -3.8462917E+00   -3.4543162E+00   -3.4705876E+00   -6.4487782E+00   -9.3045192E+00   -1.7978341E+01   -1.4000000E+01   -5.6404421E+00   -3.6522257E+00   -1.4000000E+01   -2.3869795E+00   -3.0000000E+01   -2.8248644E+00   -9.6968417E+00   -8.5704084E+00   -1.0650287E+01   -1.1812522E+01   -1.3208747E+01   -1.2908837E+01   -2.2131340E+01   -7.3924857E+00   -6.1738538E+00   -1.0777734E+01   -1.4110674E+01   -9.4901301E+00   -9.2011983E+00   -6.2144154E+00
    1.6290000E+01    7.0568521E+00   -7.0374645E+00   -3.9999999E+00   -3.6155611E+00   -3.6041569E+00   -3.9107408E+00   -1.2268731E+01   -3.8481292E+00   -3.4575459E+00   -3.4706264E+00   -6.4487788E+00   -9.3140164E+00   -1.7992453E+01   -1.4000000E+01   -5.6202795E+00   -3.6564901E+00   -1.4000000E+01   -2.3867992E+00   -3.0000000E+01   -2.8232765E+00   -9.7055611E+00   -8.5695556E+00   -1.0663700E+01   -1.1817320E+01   -1.3218196E+01   -1.2898415E+01   -2.2125629E+01   -7.3876683E+00   -6.1673880E+00   -1.0781006E+01   -1.4118659E+01   -9.4981573E+00   -9.1944518E+00   -6.2124865E+00
    1.6470000E+01    7.0615995E+00   -7.0421860E+00   -3.9999999E+00   -3.6151581E+00   -3.5992179E+00   -3.8928243E+00   -1.2286788E+01   -3.8499684E+00   -3.4607490E+00   -3.4706617E+00   -6.4487793E+00   -9.3234409E+00   -1.8006461E+01   -1.4000000E+01   -5.6010131E+00   -3.6618341E+00   -1.4000000E+01   -2.3866190E+00   -3.0000000E+01   -2.8217022E+00   -9.7143283E+00   -8.5688281E+00   -1.0677127E+01   -1.1822080E+01   -1.3227574E+01   -1.2888804E+01   -2.2120694E+01   -7.3828910E+00   -6.1609788E+00   -1.0784252E+01   -1.4126579E+01   -9.5061199E+00   -9.1877567E+00   -6.2105688E+00
    1.6650000E+01    7.0662926E+00   -7.0468546E+00   -3.9999999E+00   -3.6147554E+00   -3.5939039E+00   -3.8740867E+00   -1.2304750E+01   -3.8518092E+00   -3.4639098E+00   -3.4706932E+00   -6.4487798E+00   -9.3327617E+00   -1.8020318E+01   -1.4000000E+01   -5.5825665E+00   -3.6682571E+00   -1.4000000E+01   -2.3864388E+00   -3.0000000E+01   -2.8201413E+00   -9.7230994E+00   -8.5682130E+00   -1.0690508E+01   -1.1826787E+01   -1.3236849E+01   -1.2879899E+01   -2.2116411E+01   -7.3781694E+00   -6.1546415E+00   -1.0787454E+01   -1.4134405E+01   -9.5139867E+00   -9.1811279E+00   -6.2086618E+00
    1.6830000E+01    7.0709085E+00   -7.0514472E+00   -3.9999999E+00   -3.6143526E+00   -3.5883067E+00   -3.8546272E+00   -1.2322516E+01   -3.8536513E+00   -3.4670051E+00   -3.4707211E+00   -6.4487803E+00   -9.3419329E+00   -1.8033955E+01   -1.4000000E+01   -5.5648727E+00   -3.6757223E+00   -1.4000000E+01   -2.3862588E+00   -3.0000000E+01   -2.8185935E+00   -9.7318174E+00   -8.5676991E+00   -1.0703763E+01   -1.1831417E+01   -1.3245976E+01   -1.2871585E+01   -2.2112646E+01   -7.3735266E+00   -6.1483989E+00   -1.0790590E+01   -1.4142089E+01   -9.5217115E+00   -9.1745880E+00   -6.2067649E+00
    1.7010000E+01    7.0754132E+00   -7.0559299E+00   -3.9999999E+00   -3.6139497E+00   -3.5825404E+00   -3.8345604E+00   -1.2339940E+01   -3.8554944E+00   -3.4700003E+00   -3.4707452E+00   -6.4487808E+00   -9.3508868E+00   -1.8047269E+01   -1.4000000E+01   -5.5478725E+00   -3.6841570E+00   -1.4000000E+01   -2.3860788E+00   -3.0000000E+01   -2.8170584E+00   -9.7404070E+00   -8.5672793E+00   -1.0716783E+01   -1.1835937E+01   -1.3254885E+01   -1.2863736E+01   -2.2109236E+01   -7.3689964E+00   -6.1422845E+00   -1.0793625E+01   -1.4149563E+01   -9.5292260E+00   -9.1681704E+00   -6.2048776E+00
    1.7190000E+01    7.0797566E+00   -7.0602525E+00   -3.9999999E+00   -3.6135463E+00   -3.5767325E+00   -3.8140128E+00   -1.2356822E+01   -3.8573382E+00   -3.4728449E+00   -3.4707655E+00   -6.4487812E+00   -9.3595230E+00   -1.8060111E+01   -1.4000000E+01   -5.5315135E+00   -3.6934554E+00   -1.4000000E+01   -2.3858989E+00   -3.0000000E+01   -2.8155356E+00   -9.7487666E+00   -8.5669523E+00   -1.0729416E+01   -1.1840296E+01   -1.3263478E+01   -1.2856199E+01   -2.2105978E+01   -7.3646291E+00   -6.1363480E+00   -1.0796510E+01   -1.4156727E+01   -9.5364297E+00   -9.1619245E+00   -6.2029992E+00
    1.7370000E+01    7.0838646E+00   -7.0643410E+00   -3.9999999E+00   -3.6131422E+00   -3.5710141E+00   -3.7931195E+00   -1.2372873E+01   -3.8591822E+00   -3.4754645E+00   -3.4707819E+00   -6.4487817E+00   -9.3676941E+00   -1.8072258E+01   -1.4000000E+01   -5.5157490E+00   -3.7034827E+00   -1.4000000E+01   -2.3857191E+00   -3.0000000E+01   -2.8140244E+00   -9.7567564E+00   -8.5667260E+00   -1.0741447E+01   -1.1844422E+01   -1.3271606E+01   -1.2848781E+01   -2.2102605E+01   -7.3604984E+00   -6.1306625E+00   -1.0799170E+01   -1.4163432E+01   -9.5431746E+00   -9.1559235E+00   -6.2011290E+00
    1.7550000E+01    7.0876288E+00   -7.0680868E+00   -3.9999999E+00   -3.6127373E+00   -3.5655111E+00   -3.7720210E+00   -1.2387680E+01   -3.8610257E+00   -3.4777498E+00   -3.4707944E+00   -6.4487821E+00   -9.3751832E+00   -1.8083384E+01   -1.4000000E+01   -5.5005372E+00   -3.7140815E+00   -1.4000000E+01   -2.3855393E+00   -3.0000000E+01   -2.8125240E+00   -9.7641807E+00   -8.5666218E+00   -1.0752573E+01   -1.1848206E+01   -1.3279051E+01   -1.2841224E+01   -2.2098750E+01   -7.3567129E+00   -6.1253355E+00   -1.0801496E+01   -1.4169460E+01   -9.5492435E+00   -9.1502750E+00   -6.1992662E+00
    1.7730000E+01    7.0908903E+00   -7.0713310E+00   -3.9999999E+00   -3.6123313E+00   -3.5603364E+00   -3.7508625E+00   -1.2400647E+01   -3.8628674E+00   -3.4795411E+00   -3.4708028E+00   -6.4487824E+00   -9.3816728E+00   -1.8093011E+01   -1.4000000E+01   -5.4858423E+00   -3.7250771E+00   -1.4000000E+01   -2.3853597E+00   -3.0000000E+01   -2.8110336E+00   -9.7707620E+00   -8.5666802E+00   -1.0762357E+01   -1.1851490E+01   -1.3285495E+01   -1.2833174E+01   -2.2093900E+01   -7.3534313E+00   -6.1205247E+00   -1.0803329E+01   -1.4174493E+01   -9.5543183E+00   -9.1451369E+00   -6.1974098E+00
    1.7910000E+01    7.0934014E+00   -7.0738258E+00   -3.9999999E+00   -3.6119285E+00   -3.5556254E+00   -3.7300283E+00   -1.2410840E+01   -3.8646858E+00   -3.4806056E+00   -3.4708073E+00   -6.4487828E+00   -9.3866684E+00   -1.8100397E+01   -1.4000000E+01   -5.4717854E+00   -3.7361690E+00   -1.4000000E+01   -2.3851821E+00   -3.0000000E+01   -2.8095680E+00   -9.7760623E+00   -8.5669582E+00   -1.0770113E+01   -1.1854027E+01   -1.3290443E+01   -1.2824259E+01   -2.2087432E+01   -7.3509013E+00   -6.1164928E+00   -1.0804438E+01   -1.4178050E+01   -9.5579192E+00   -9.1407761E+00   -6.1955790E+00
