# Time          5.0000E+01
# Units: Dimensionless (Log10(Q/Keq)
    Distance           Quartz           Albite           Dolomite-dis     Microcline       Pyrite           Fe(OH)3          Muscovite        Chamosite-7A     Illite           Kaolinite        Smectite-high    SiO2(am)         Calcite          POMC             O2(s)            Gibbsite     
    9.0000000E-02   -3.9357924E-01   -5.6474114E+00   -1.0581588E+01   -2.6670072E+00   -5.6301287E+01    2.1859047E-01    2.8581088E+00   -1.0391627E+01   -4.2738514E-01    3.8011018E+00   -1.1629270E+01   -2.9848773E-01   -4.9327561E+00   -3.2570272E+03    3.9092541E+00    1.9966521E+00
    2.7000000E-01   -1.3149710E-01   -4.8707643E+00   -9.8862750E+00   -1.9314606E+00   -5.6281024E+01    8.9608064E-04    3.0529632E+00   -1.0230520E+01    8.8558015E-02    3.7845739E+00   -1.0496890E+01   -3.6405590E-02   -4.5868831E+00   -3.2558041E+03    3.9088651E+00    1.7263060E+00
    4.5000000E-01    1.6795892E-02   -4.4300213E+00   -9.4412237E+00   -1.4526962E+00   -5.6316789E+01    1.2177202E-03    3.1763209E+00   -1.0155513E+01    3.8253669E-01    3.7257532E+00   -9.8031133E+00    1.1188740E-01   -4.3635940E+00   -3.2545845E+03    3.9084754E+00    1.5486026E+00
    6.3000000E-01    1.1672183E-01   -4.1224134E+00   -9.1085848E+00   -1.0914316E+00   -5.6381355E+01    1.4957817E-03    3.2910538E+00   -1.0116149E+01    6.0220098E-01    3.6790734E+00   -9.3106551E+00    2.1181335E-01   -4.1962792E+00   -3.2533686E+03    3.9080849E+00    1.4253368E+00
    8.1000000E-01    1.9013854E-01   -3.8909792E+00   -8.8398737E+00   -8.1000614E-01   -5.6463289E+01    1.7105360E-03    3.3835706E+00   -1.0111599E+01    7.6986495E-01    3.6369982E+00   -8.9374806E+00    2.8523005E-01   -4.0609358E+00   -3.2521562E+03    3.9076939E+00    1.3308825E+00
    9.9000000E-01    2.4694407E-01   -3.7086956E+00   -8.6118307E+00   -5.8618348E-01   -5.6556174E+01    1.8569558E-03    3.4539646E+00   -1.0135446E+01    8.9979605E-01    3.5971806E+00   -8.6428339E+00    3.4203558E-01   -3.9459737E+00   -3.2509474E+03    3.9073025E+00    1.2541681E+00
    1.1700000E+00    2.9242469E-01   -3.5605893E+00   -8.4117803E+00   -4.0494811E-01   -5.6655596E+01    1.9413087E-03    3.5058804E+00   -1.0180496E+01    1.0019150E+00    3.5588222E+00   -8.4030781E+00    3.8751620E-01   -3.8450657E+00   -3.2497420E+03    3.9069108E+00    1.1895083E+00
    1.3500000E+00    3.2972423E-01   -3.4375231E+00   -8.2323287E+00   -2.5575013E-01   -5.6758148E+01    1.9764981E-03    3.5432454E+00   -1.0239988E+01    1.0831949E+00    3.5215883E+00   -8.2032388E+00    4.2481575E-01   -3.7545175E+00   -3.2485400E+03    3.9065188E+00    1.1335918E+00
    1.5300000E+00    3.6085928E-01   -3.3335157E+00   -8.0689107E+00   -1.3104644E-01   -5.6861109E+01    1.9775192E-03    3.5694131E+00   -1.0307970E+01    1.1486013E+00    3.4853224E+00   -8.0332295E+00    4.5595079E-01   -3.6720448E+00   -3.2473414E+03    3.9061266E+00    1.0843238E+00
    1.7100000E+00    3.8719787E-01   -3.2444410E+00   -7.9185346E+00   -2.5370806E-02   -5.6962371E+01    1.9581177E-03    3.5870344E+00   -1.0379539E+01    1.2017221E+00    3.4499452E+00   -7.8859702E+00    4.8228939E-01   -3.5961476E+00   -3.2461462E+03    3.9057342E+00    1.0402967E+00
    1.8900000E+00    4.0975222E-01   -3.1669546E+00   -7.7790753E+00    6.5684449E-02   -5.7060458E+01    1.9290151E-03    3.5990259E+00   -1.0450458E+01    1.2459223E+00    3.4159901E+00   -7.7558841E+00    5.0484373E-01   -3.5257604E+00   -3.2449413E+03    3.9053417E+00    1.0007648E+00
    2.0700000E+00    4.4080816E-01   -2.9530067E+00   -7.6120994E+00    2.4219772E-01   -5.7183967E+01    1.5835982E-03    3.9036788E+00   -1.0356598E+01    1.5377545E+00    3.6062417E+00   -7.4606263E+00    5.3589967E-01   -3.4510265E+00   -3.1789666E+03    3.9049516E+00    1.0648346E+00
    2.2500000E+00    4.6734826E-01   -2.8661345E+00   -7.4603637E+00    2.9547843E-01   -5.7293204E+01    1.5033081E-03    3.8685986E+00   -1.0465698E+01    1.5615745E+00    3.5709610E+00   -7.3237866E+00    5.6243977E-01   -3.3821456E+00   -3.1217044E+03    3.9045639E+00    1.0206542E+00
    2.4300000E+00    4.9028992E-01   -2.7902743E+00   -7.3210718E+00    3.4085940E-01   -5.7390809E+01    1.4502172E-03    3.8338499E+00   -1.0555853E+01    1.5796437E+00    3.5367147E+00   -7.2003104E+00    5.8538144E-01   -3.3182070E+00   -3.0711198E+03    3.9041758E+00    9.8058933E-01
    2.6100000E+00    5.1028842E-01   -2.7232169E+00   -7.1922102E+00    3.8000437E-01   -5.7479319E+01    1.4151678E-03    3.8002016E+00   -1.0631361E+01    1.5936473E+00    3.5039184E+00   -7.0878300E+00    6.0537993E-01   -3.2585268E+00   -3.0258166E+03    3.9037874E+00    9.4419270E-01
    2.7900000E+00    5.2784031E-01   -2.6634714E+00   -7.0722320E+00    4.1398895E-01   -5.7560849E+01    1.3916396E-03    3.7676559E+00   -1.0696164E+01    1.6044125E+00    3.4724919E+00   -6.9848785E+00    6.2293183E-01   -3.2025542E+00   -2.9847956E+03    3.9033986E+00    9.1092756E-01
    2.9700000E+00    5.4333029E-01   -2.6098802E+00   -6.9599197E+00    4.4364755E-01   -5.7636979E+01    1.3753160E-03    3.7361997E+00   -1.0753159E+01    1.6125664E+00    3.4423570E+00   -6.8902862E+00    6.3842180E-01   -3.1498395E+00   -2.9473165E+03    3.9030095E+00    8.8037013E-01
    3.1500000E+00    5.5706197E-01   -2.5615285E+00   -6.8542956E+00    4.6963914E-01   -5.7708823E+01    1.3634904E-03    3.7058099E+00   -1.0804331E+01    1.6185930E+00    3.4134391E+00   -6.8030575E+00    6.5215348E-01   -3.1000100E+00   -2.9128161E+03    3.9026201E+00    8.5217948E-01
    3.3300000E+00    5.6927886E-01   -2.5176821E+00   -6.7545619E+00    4.9249197E-01   -5.7777152E+01    1.3545263E-03    3.6764573E+00   -1.0850997E+01    1.6228714E+00    3.3856674E+00   -6.7223261E+00    6.6437038E-01   -3.0527540E+00   -2.8808555E+03    3.9022302E+00    8.2607674E-01
    3.5100000E+00    5.8017903E-01   -2.4777438E+00   -6.6600582E+00    5.1263507E-01   -5.7842501E+01    1.3474511E-03    3.6481080E+00   -1.0894031E+01    1.6257024E+00    3.3589753E+00   -6.6473374E+00    6.7527054E-01   -3.0078076E+00   -2.8510863E+03    3.9018400E+00    8.0183055E-01
    3.6900000E+00    5.8992554E-01   -2.4412222E+00   -6.5702311E+00    5.3042092E-01   -5.7905256E+01    1.3416840E-03    3.6207258E+00   -1.0934025E+01    1.6273268E+00    3.3333003E+00   -6.5774387E+00    6.8501706E-01   -2.9649457E+00   -2.8232272E+03    3.9014494E+00    7.7924653E-01
    3.8700000E+00    5.9865418E-01   -2.4077088E+00   -6.4846122E+00    5.4614212E-01   -5.7965707E+01    1.3368695E-03    3.5942733E+00   -1.0971403E+01    1.6279398E+00    3.3085839E+00   -6.5120675E+00    6.9374569E-01   -2.9239748E+00   -2.7970476E+03    3.9010585E+00    7.5815968E-01
    4.0500000E+00    6.0647906E-01   -2.3768605E+00   -6.4028010E+00    5.6004379E-01   -5.8024085E+01    1.3327798E-03    3.5687127E+00   -1.1006478E+01    1.6277007E+00    3.2847714E+00   -6.4507411E+00    7.0157057E-01   -2.8847272E+00   -2.7723566E+03    3.9006672E+00    7.3842855E-01
    4.2300000E+00    6.1349698E-01   -2.3483869E+00   -6.3244526E+00    5.7233299E-01   -5.8080577E+01    1.3292609E-03    3.5440066E+00   -1.1039500E+01    1.6267406E+00    3.2618119E+00   -6.3930441E+00    7.0858849E-01   -2.8470564E+00   -2.7489940E+03    3.9002756E+00    7.1993087E-01
    4.4100000E+00    6.1979067E-01   -2.3220402E+00   -6.2492676E+00    5.8318598E-01   -5.8135342E+01    1.3262032E-03    3.5201182E+00   -1.1070670E+01    1.6251680E+00    3.2396579E+00   -6.3386185E+00    7.1488218E-01   -2.8108342E+00   -2.7268241E+03    3.8998836E+00    7.0256021E-01
    4.5900000E+00    6.2543137E-01   -2.2976075E+00   -6.1769842E+00    5.9275382E-01   -5.8188516E+01    1.3235254E-03    3.4970122E+00   -1.1100156E+01    1.6230736E+00    3.2182654E+00   -6.2871546E+00    7.2052288E-01   -2.7759474E+00   -2.7057309E+03    3.8994913E+00    6.8622324E-01
    4.7700000E+00    6.3048083E-01   -2.2749048E+00   -6.1073724E+00    6.0116682E-01   -5.8240218E+01    1.3211645E-03    3.4746540E+00   -1.1128104E+01    1.6205333E+00    3.1975932E+00   -6.2383826E+00    7.2557234E-01   -2.7422955E+00   -2.6856147E+03    3.8990986E+00    6.7083769E-01
    4.9500000E+00    6.3499289E-01   -2.2537718E+00   -6.0402288E+00    6.0853801E-01   -5.8290554E+01    1.3190711E-03    3.4530110E+00   -1.1154639E+01    1.6176114E+00    3.1776031E+00   -6.1920669E+00    7.3008440E-01   -2.7097893E+00   -2.6663891E+03    3.8987056E+00    6.5633059E-01
    5.1300000E+00    6.3901477E-01   -2.2340684E+00   -5.9753729E+00    6.1496601E-01   -5.8339616E+01    1.3172053E-03    3.4320518E+00   -1.1179870E+01    1.6143621E+00    3.1582596E+00   -6.1480005E+00    7.3410628E-01   -2.6783486E+00   -2.6479784E+03    3.8983122E+00    6.4263697E-01
    5.3100000E+00    6.4258809E-01   -2.2156715E+00   -5.9126433E+00    6.2053727E-01   -5.8387489E+01    1.3155348E-03    3.4117464E+00   -1.1203895E+01    1.6108318E+00    3.1395296E+00   -6.1060006E+00    7.3767960E-01   -2.6479018E+00   -2.6303164E+03    3.8979185E+00    6.2969864E-01
    5.4900000E+00    6.4574972E-01   -2.1984723E+00   -5.8518958E+00    6.2532793E-01   -5.8434245E+01    1.3140329E-03    3.3920664E+00   -1.1226798E+01    1.6070602E+00    3.1213822E+00   -6.0659053E+00    7.4084123E-01   -2.6183841E+00   -2.6133445E+03    3.8975244E+00    6.1746333E-01
    5.6700000E+00    6.4853245E-01   -2.1823741E+00   -5.7930003E+00    6.2940535E-01   -5.8479954E+01    1.3126772E-03    3.3729850E+00   -1.1248657E+01    1.6030812E+00    3.1037889E+00   -6.0275703E+00    7.4362396E-01   -2.5897371E+00   -2.5970109E+03    3.8971300E+00    6.0588391E-01
    5.8500000E+00    6.5096557E-01   -2.1672911E+00   -5.7358396E+00    6.3282934E-01   -5.8524674E+01    1.3114494E-03    3.3544766E+00   -1.1269541E+01    1.5989243E+00    3.0867227E+00   -5.9908668E+00    7.4605709E-01   -2.5619076E+00   -2.5812693E+03    3.8967353E+00    5.9491770E-01
    6.0300000E+00    6.5307538E-01   -2.1531462E+00   -5.6803076E+00    6.3565324E-01   -5.8568462E+01    1.3103335E-03    3.3365170E+00   -1.1289512E+01    1.5946148E+00    3.0701588E+00   -5.9556792E+00    7.4816689E-01   -2.5348475E+00   -2.5660782E+03    3.8963402E+00    5.8452596E-01
    6.2100000E+00    6.5488552E-01   -2.1398704E+00   -5.6263076E+00    6.3792478E-01   -5.8611367E+01    1.3093164E-03    3.3190835E+00   -1.1308626E+01    1.5901750E+00    3.0540741E+00   -5.9219035E+00    7.4997703E-01   -2.5085128E+00   -2.5514005E+03    3.8959448E+00    5.7467343E-01
    6.3900000E+00    6.5641737E-01   -2.1274016E+00   -5.5737519E+00    6.3968679E-01   -5.8653435E+01    1.3083865E-03    3.3021545E+00   -1.1326935E+01    1.5856240E+00    3.0384467E+00   -5.8894459E+00    7.5150888E-01   -2.4828632E+00   -2.5372025E+03    3.8955490E+00    5.6532791E-01
    6.5700000E+00    6.5769029E-01   -2.1156834E+00   -5.5225604E+00    6.4097784E-01   -5.8694707E+01    1.3075342E-03    3.2857095E+00   -1.1344484E+01    1.5809787E+00    3.0232566E+00   -5.8582214E+00    7.5278180E-01   -2.4578620E+00   -2.5234539E+03    3.8951529E+00    5.5645992E-01
    6.7500000E+00    6.5872188E-01   -2.1046651E+00   -5.4726595E+00    6.4183278E-01   -5.8735221E+01    1.3067508E-03    3.2697295E+00   -1.1361317E+01    1.5762539E+00    3.0084848E+00   -5.8281529E+00    7.5381339E-01   -2.4334754E+00   -2.5101272E+03    3.8947564E+00    5.4804246E-01
    6.9300000E+00    6.5952820E-01   -2.0943002E+00   -5.4239822E+00    6.4228316E-01   -5.8775010E+01    1.3060292E-03    3.2541964E+00   -1.1377472E+01    1.5714627E+00    2.9941139E+00   -5.7991704E+00    7.5461971E-01   -2.4096723E+00   -2.4971971E+03    3.8943596E+00    5.4005068E-01
    7.1100000E+00    6.6012393E-01   -2.0845467E+00   -5.3764666E+00    6.4235763E-01   -5.8814107E+01    1.3053629E-03    3.2390929E+00   -1.1392985E+01    1.5666166E+00    2.9801275E+00   -5.7712100E+00    7.5521545E-01   -2.3864241E+00   -2.4846408E+03    3.8939625E+00    5.3246173E-01
    7.2900000E+00    6.6052253E-01   -2.0753660E+00   -5.3300558E+00    6.4208226E-01   -5.8852541E+01    1.3047464E-03    3.2244032E+00   -1.1407889E+01    1.5617259E+00    2.9665103E+00   -5.7442132E+00    7.5561404E-01   -2.3637044E+00   -2.4724373E+03    3.8935651E+00    5.2525455E-01
    7.4700000E+00    6.6073637E-01   -2.0667229E+00   -5.2846977E+00    6.4148085E-01   -5.8890336E+01    1.3041746E-03    3.2101120E+00   -1.1422213E+01    1.5567996E+00    2.9532482E+00   -5.7181267E+00    7.5582788E-01   -2.3414889E+00   -2.4605672E+03    3.8931672E+00    5.1840966E-01
    7.6500000E+00    6.6077684E-01   -2.0585849E+00   -5.2403440E+00    6.4057513E-01   -5.8927517E+01    1.3036433E-03    3.1962052E+00   -1.1435987E+01    1.5518460E+00    2.9403281E+00   -5.6929017E+00    7.5586836E-01   -2.3197552E+00   -2.4490129E+03    3.8927691E+00    5.1190911E-01
    7.8300000E+00    6.6065449E-01   -2.0509224E+00   -5.1969501E+00    6.3938503E-01   -5.8964105E+01    1.3031487E-03    3.1826694E+00   -1.1449235E+01    1.5468724E+00    2.9277376E+00   -5.6684932E+00    7.5574600E-01   -2.2984824E+00   -2.4377580E+03    3.8923706E+00    5.0573625E-01
    8.0100000E+00    6.6037868E-01   -2.0437086E+00   -5.1544754E+00    6.3792961E-01   -5.9000118E+01    1.3026899E-03    3.1694933E+00   -1.1461979E+01    1.5418856E+00    2.9154654E+00   -5.6448605E+00    7.5547019E-01   -2.2776516E+00   -2.4267893E+03    3.8919718E+00    4.9987593E-01
    8.1900000E+00    6.5786038E-01   -2.0432095E+00   -5.1141699E+00    6.3858548E-01   -5.9004318E+01    1.2754843E-03    3.1581340E+00   -1.1414140E+01    1.5338103E+00    2.8984135E+00   -5.6130438E+00    7.5295189E-01   -2.2578151E+00   -2.4266069E+03    3.8915698E+00    4.9386832E-01
    8.3700000E+00    6.5524284E-01   -2.0413114E+00   -5.0746123E+00    6.4065149E-01   -5.9034782E+01    1.2888713E-03    3.1521291E+00   -1.1415901E+01    1.5296706E+00    2.8851076E+00   -5.5929866E+00    7.5033435E-01   -2.2383498E+00   -2.4264247E+03    3.8911647E+00    4.8983287E-01
    8.5500000E+00    6.5253296E-01   -2.0397327E+00   -5.0358209E+00    6.4241687E-01   -5.9068772E+01    1.2906055E-03    3.1463130E+00   -1.1425389E+01    1.5255065E+00    2.8721063E+00   -5.5755463E+00    7.4762447E-01   -2.2192651E+00   -2.4262426E+03    3.8907593E+00    4.8604212E-01
    8.7300000E+00    6.4973723E-01   -2.0384557E+00   -4.9977697E+00    6.4390200E-01   -5.9102851E+01    1.2905564E-03    3.1406811E+00   -1.1435728E+01    1.5213235E+00    2.8593979E+00   -5.5589712E+00    7.4482874E-01   -2.2005491E+00   -2.4260605E+03    3.8903535E+00    4.8248364E-01
    8.9100000E+00    6.4686173E-01   -2.0374630E+00   -4.9604338E+00    6.4512502E-01   -5.9136497E+01    1.2902579E-03    3.1352310E+00   -1.1445870E+01    1.5171288E+00    2.8469738E+00   -5.5429670E+00    7.4195324E-01   -2.1821937E+00   -2.4258785E+03    3.8899476E+00    4.7914708E-01
    9.0900000E+00    6.4391221E-01   -2.0367385E+00   -4.9237902E+00    6.4610174E-01   -5.9169637E+01    1.2899399E-03    3.1299588E+00   -1.1455669E+01    1.5129296E+00    2.8348258E+00   -5.5274623E+00    7.3900372E-01   -2.1641961E+00   -2.4256967E+03    3.8895413E+00    4.7602261E-01
    9.2700000E+00    6.4089406E-01   -2.0362681E+00   -4.8878164E+00    6.4684605E-01   -5.9202265E+01    1.2896346E-03    3.1248592E+00   -1.1465117E+01    1.5087329E+00    2.8229456E+00   -5.5124153E+00    7.3598558E-01   -2.1465603E+00   -2.4255149E+03    3.8891347E+00    4.7310066E-01
    9.4500000E+00    6.3781242E-01   -2.0360389E+00   -4.8524913E+00    6.4737016E-01   -5.9234384E+01    1.2893452E-03    3.1199255E+00   -1.1474225E+01    1.5045464E+00    2.8113245E+00   -5.4977830E+00    7.3290393E-01   -2.1292979E+00   -2.4253332E+03    3.8887279E+00    4.7037177E-01
    9.6300000E+00    6.3467211E-01   -2.0360399E+00   -4.8177948E+00    6.4768480E-01   -5.9265996E+01    1.2890710E-03    3.1151499E+00   -1.1483009E+01    1.5003777E+00    2.7999536E+00   -5.4835187E+00    7.2976362E-01   -2.1124268E+00   -2.4251516E+03    3.8883207E+00    4.6782663E-01
    9.8100000E+00    6.3147776E-01   -2.0362610E+00   -4.7837086E+00    6.4779959E-01   -5.9297099E+01    1.2888107E-03    3.1105241E+00   -1.1491482E+01    1.4962343E+00    2.7888243E+00   -5.4695745E+00    7.2656927E-01   -2.0959690E+00   -2.4249701E+03    3.8879133E+00    4.6545631E-01
    9.9900000E+00    6.2823374E-01   -2.0366930E+00   -4.7502169E+00    6.4772342E-01   -5.9327692E+01    1.2885632E-03    3.1060405E+00   -1.1499657E+01    1.4921237E+00    2.7779289E+00   -5.4559063E+00    7.2332526E-01   -2.0799461E+00   -2.4247887E+03    3.8875056E+00    4.6325264E-01
    1.0170000E+01    6.2494427E-01   -2.0373269E+00   -4.7173073E+00    6.4746487E-01   -5.9357771E+01    1.2883273E-03    3.1016941E+00   -1.1507545E+01    1.4880523E+00    2.7672620E+00   -5.4424800E+00    7.2003578E-01   -2.0643739E+00   -2.4246073E+03    3.8870976E+00    4.6120867E-01
    1.0350000E+01    6.2161338E-01   -2.0381531E+00   -4.6849713E+00    6.4703268E-01   -5.9387327E+01    1.2881020E-03    3.0974826E+00   -1.1515154E+01    1.4840256E+00    2.7568210E+00   -5.4292762E+00    7.1670489E-01   -2.0492587E+00   -2.4244261E+03    3.8866893E+00    4.5931904E-01
    1.0530000E+01    6.1824496E-01   -2.0391619E+00   -4.6532043E+00    6.4643596E-01   -5.9416352E+01    1.2878864E-03    3.0934084E+00   -1.1522487E+01    1.4800482E+00    2.7466066E+00   -5.4162936E+00    7.1333647E-01   -2.0345941E+00   -2.4242449E+03    3.8862808E+00    4.5758028E-01
    1.0710000E+01    6.1484279E-01   -2.0403424E+00   -4.6220059E+00    6.4568437E-01   -5.9444834E+01    1.2876795E-03    3.0894779E+00   -1.1529544E+01    1.4761233E+00    2.7366234E+00   -5.4035494E+00    7.0993430E-01   -2.0203603E+00   -2.4240638E+03    3.8858719E+00    4.5599083E-01
    1.0890000E+01    6.1141056E-01   -2.0416835E+00   -4.5913787E+00    6.4478804E-01   -5.9472758E+01    1.2874806E-03    3.0857016E+00   -1.1536322E+01    1.4722535E+00    2.7268790E+00   -5.3910767E+00    7.0650207E-01   -2.0065254E+00   -2.4238829E+03    3.8854628E+00    4.5455087E-01
    1.1070000E+01    6.0795187E-01   -2.0431735E+00   -4.5613275E+00    6.4375746E-01   -5.9500107E+01    1.2872888E-03    3.0820933E+00   -1.1542815E+01    1.4684409E+00    2.7173839E+00   -5.3789205E+00    7.0304338E-01   -1.9930492E+00   -2.4237020E+03    3.8850534E+00    4.5326201E-01
    1.1250000E+01    6.0447028E-01   -2.0448011E+00   -4.5318583E+00    6.4260331E-01   -5.9526859E+01    1.2871034E-03    3.0786687E+00   -1.1549015E+01    1.4646879E+00    2.7081503E+00   -5.3671315E+00    6.9956179E-01   -1.9798875E+00   -2.4235211E+03    3.8846436E+00    4.5212679E-01
    1.1430000E+01    6.0096930E-01   -2.0465554E+00   -4.5029780E+00    6.4133639E-01   -5.9552992E+01    1.2869237E-03    3.0754447E+00   -1.1554913E+01    1.4609973E+00    2.6991912E+00   -5.3557612E+00    6.9606081E-01   -1.9669965E+00   -2.4233404E+03    3.8842337E+00    4.5114821E-01
    1.1610000E+01    5.9745239E-01   -2.0484266E+00   -4.4746939E+00    6.3996766E-01   -5.9578478E+01    1.2867489E-03    3.0724381E+00   -1.1560500E+01    1.4573731E+00    2.6905195E+00   -5.3448572E+00    6.9254391E-01   -1.9543379E+00   -2.4231598E+03    3.8838234E+00    4.5032930E-01
    1.1790000E+01    5.9392305E-01   -2.0504064E+00   -4.4470140E+00    6.3850862E-01   -5.9603286E+01    1.2865784E-03    3.0696659E+00   -1.1565767E+01    1.4538205E+00    2.6821477E+00   -5.3344599E+00    6.8901456E-01   -1.9418811E+00   -2.4229792E+03    3.8834128E+00    4.4967274E-01
    1.1970000E+01    5.9038471E-01   -2.0524881E+00   -4.4199477E+00    6.3697186E-01   -5.9627329E+01    1.2864114E-03    3.0671448E+00   -1.1570709E+01    1.4503463E+00    2.6740866E+00   -5.3246011E+00    6.8547622E-01   -1.9296063E+00   -2.4227987E+03    3.8830020E+00    4.4918054E-01
    1.2150000E+01    5.8684087E-01   -2.0546672E+00   -4.3935060E+00    6.3537206E-01   -5.9403348E+01    1.2862474E-03    3.0648916E+00   -1.1575319E+01    1.4469594E+00    2.6663456E+00   -5.3153046E+00    6.8193238E-01   -1.9175042E+00   -2.4226183E+03    3.8825908E+00    4.4885387E-01
    1.2330000E+01    5.8329538E-01   -2.0569408E+00   -4.3677044E+00    6.3372764E-01   -5.3169825E+01    1.2861041E-03    3.0629245E+00   -1.1579583E+01    1.4436703E+00    2.6589319E+00   -5.3065835E+00    6.7838689E-01   -1.9055771E+00   -2.4224380E+03    3.8821794E+00    4.4869250E-01
    1.2510000E+01    5.8179067E-01   -2.3000173E+00   -4.3501092E+00    3.9339845E-01   -4.5421811E+01    2.8957668E-03    2.3365814E+00   -1.1480377E+01    8.8665204E-01    2.1699086E+00   -5.4533636E+00    6.7688218E-01   -1.8974067E+00   -2.4222583E+03    3.8817651E+00    2.0568556E-01
    1.2690000E+01    5.8028729E-01   -2.3023647E+00   -4.3326670E+00    3.9379821E-01   -4.4818165E+01    3.0148253E-03    2.3324682E+00   -1.1450908E+01    8.8331535E-01    2.1623889E+00   -5.4374725E+00    6.7537881E-01   -1.8892549E+00   -2.4220787E+03    3.8813610E+00    2.0342906E-01
    1.2870000E+01    5.7878007E-01   -2.3040273E+00   -4.3153922E+00    3.9488847E-01   -4.4480604E+01    3.0246949E-03    2.3305075E+00   -1.1452746E+01    8.8159110E-01    2.1563235E+00   -5.4290797E+00    6.7387158E-01   -1.8811311E+00   -2.4218991E+03    3.8809699E+00    2.0190360E-01
    1.3050000E+01    5.7726912E-01   -2.3057021E+00   -4.2982852E+00    3.9598232E-01   -4.4246557E+01    3.0253682E-03    2.3286194E+00   -1.1457213E+01    8.7988365E-01    2.1503196E+00   -5.4215140E+00    6.7236063E-01   -1.8730386E+00   -2.4217197E+03    3.8805917E+00    2.0041261E-01
    1.3230000E+01    5.7575460E-01   -2.3073934E+00   -4.2813473E+00    3.9708701E-01   -4.4068543E+01    3.0252811E-03    2.3268033E+00   -1.1461845E+01    8.7819142E-01    2.1443698E+00   -5.4141562E+00    6.7084611E-01   -1.8649818E+00   -2.4215403E+03    3.8802265E+00    1.9895223E-01
    1.3410000E+01    5.7423666E-01   -2.3091047E+00   -4.2645810E+00    3.9821284E-01   -4.3925858E+01    3.0251346E-03    2.3250642E+00   -1.1466441E+01    8.7651655E-01    2.1384690E+00   -5.4069542E+00    6.6932817E-01   -1.8569658E+00   -2.4213610E+03    3.8798743E+00    1.9751975E-01
    1.3590000E+01    5.7271543E-01   -2.3108399E+00   -4.2479892E+00    3.9937180E-01   -4.3807500E+01    3.0249861E-03    2.3234077E+00   -1.1470992E+01    8.7486142E-01    2.1326111E+00   -5.3999033E+00    6.6780694E-01   -1.8489964E+00   -2.4211817E+03    3.8795351E+00    1.9611202E-01
    1.3770000E+01    5.7119106E-01   -2.3126036E+00   -4.2315758E+00    4.0057787E-01   -4.3706904E+01    3.0248401E-03    2.3218407E+00   -1.1475502E+01    8.7322863E-01    2.1267892E+00   -5.3930038E+00    6.6628257E-01   -1.8410796E+00   -2.4210026E+03    3.8792091E+00    1.9472548E-01
    1.3950000E+01    5.6966370E-01   -2.3144009E+00   -4.2153455E+00    4.0184719E-01   -4.3619833E+01    3.0246967E-03    2.3203712E+00   -1.1479980E+01    8.7162107E-01    2.1209957E+00   -5.3862574E+00    6.6475521E-01   -1.8332213E+00   -2.4208235E+03    3.8788962E+00    1.9335608E-01
    1.4130000E+01    5.6813349E-01   -2.3162379E+00   -4.1993042E+00    4.0319834E-01   -4.3543390E+01    3.0245558E-03    2.3190088E+00   -1.1484434E+01    8.7004187E-01    2.1152218E+00   -5.3796680E+00    6.6322500E-01   -1.8254273E+00   -2.4206445E+03    3.8785965E+00    1.9199933E-01
    1.4310000E+01    5.6660057E-01   -2.3181209E+00   -4.1834588E+00    4.0465255E-01   -4.3475505E+01    3.0244172E-03    2.3177649E+00   -1.1488874E+01    8.6849441E-01    2.1094578E+00   -5.3732419E+00    6.6169209E-01   -1.8177020E+00   -2.4204656E+03    3.8783099E+00    1.9065027E-01
    1.4490000E+01    5.6506510E-01   -2.3200571E+00   -4.1678175E+00    4.0623395E-01   -4.3414649E+01    3.0242808E-03    2.3166530E+00   -1.1493312E+01    8.6698230E-01    2.1036935E+00   -5.3669894E+00    6.6015661E-01   -1.8100480E+00   -2.4202867E+03    3.8780367E+00    1.8930359E-01
    1.4670000E+01    5.6352721E-01   -2.3220542E+00   -4.1523897E+00    4.0796979E-01   -4.3359655E+01    3.0241464E-03    2.3156890E+00   -1.1497757E+01    8.6550934E-01    2.0979179E+00   -5.3609257E+00    6.5861872E-01   -1.8024648E+00   -2.4201080E+03    3.8777767E+00    1.8795368E-01
    1.4850000E+01    5.6198706E-01   -2.3241201E+00   -4.1371866E+00    4.0989056E-01   -4.3309614E+01    3.0240136E-03    2.3148920E+00   -1.1502221E+01    8.6407948E-01    2.0921199E+00   -5.3550729E+00    6.5707857E-01   -1.7949471E+00   -2.4199293E+03    3.8775301E+00    1.8659480E-01
    1.5030000E+01    5.6044480E-01   -2.3262631E+00   -4.1222208E+00    4.1203013E-01   -4.3263800E+01    3.0238824E-03    2.3142844E+00   -1.1506716E+01    8.6269674E-01    2.0862882E+00   -5.3494615E+00    6.5553631E-01   -1.7874838E+00   -2.4197507E+03    3.8772968E+00    1.8522124E-01
    1.5210000E+01    5.5890057E-01   -2.3284916E+00   -4.1075068E+00    4.1442570E-01   -4.3221625E+01    3.0237525E-03    2.3138926E+00   -1.1511252E+01    8.6136515E-01    2.0804123E+00   -5.3441316E+00    6.5399209E-01   -1.7800562E+00   -2.4195722E+03    3.8770769E+00    1.8382752E-01
    1.5390000E+01    5.5735455E-01   -2.3308138E+00   -4.0930613E+00    4.1711767E-01   -4.3182605E+01    3.0236235E-03    2.3137467E+00   -1.1515839E+01    8.6008874E-01    2.0744824E+00   -5.3391346E+00    6.5244606E-01   -1.7726376E+00   -2.4193937E+03    3.8768705E+00    1.8240860E-01
    1.5570000E+01    5.5580690E-01   -2.3332379E+00   -4.0789032E+00    4.2014921E-01   -4.3146334E+01    3.0234953E-03    2.3138810E+00   -1.1520486E+01    8.5887142E-01    2.0684899E+00   -5.3345331E+00    6.5089841E-01   -1.7651928E+00   -2.4192154E+03    3.8766776E+00    1.8095997E-01
    1.5750000E+01    5.5425778E-01   -2.3357715E+00   -4.0650541E+00    4.2356570E-01   -4.3112465E+01    3.0233676E-03    2.3143332E+00   -1.1525200E+01    8.5771705E-01    2.0624274E+00   -5.3304001E+00    6.4934929E-01   -1.7576798E+00   -2.4190371E+03    3.8764982E+00    1.7947784E-01
    1.5930000E+01    5.5270737E-01   -2.3384222E+00   -4.0515389E+00    4.2741388E-01   -4.3080704E+01    3.0232400E-03    2.3151440E+00   -1.1529987E+01    8.5662938E-01    2.0562892E+00   -5.3268175E+00    6.4779888E-01   -1.7500514E+00   -2.4188589E+03    3.8763323E+00    1.7795914E-01
    1.6110000E+01    5.5115586E-01   -2.3411970E+00   -4.0383865E+00    4.3174071E-01   -4.3050793E+01    3.0231122E-03    2.3163557E+00   -1.1534852E+01    8.5561213E-01    2.0500710E+00   -5.3238733E+00    6.4624738E-01   -1.7422587E+00   -2.4186808E+03    3.8761801E+00    1.7640158E-01
    1.6290000E+01    5.4960345E-01   -2.3441028E+00   -4.0256302E+00    4.3659204E-01   -4.3022504E+01    3.0229839E-03    2.3180110E+00   -1.1539798E+01    8.5466904E-01    2.0437702E+00   -5.3216574E+00    6.4469497E-01   -1.7342562E+00   -2.4185027E+03    3.8760415E+00    1.7480356E-01
    1.6470000E+01    5.4805035E-01   -2.3471464E+00   -4.0133090E+00    4.4201109E-01   -4.2995635E+01    3.0228546E-03    2.3201513E+00   -1.1544825E+01    8.5380388E-01    2.0373852E+00   -5.3202578E+00    6.4314186E-01   -1.7260058E+00   -2.4183248E+03    3.8759165E+00    1.7316418E-01
    1.6650000E+01    5.4649677E-01   -2.3503344E+00   -4.0014677E+00    4.4803680E-01   -4.2970003E+01    3.0227240E-03    2.3228150E+00   -1.1549935E+01    8.5302056E-01    2.0309161E+00   -5.3197561E+00    6.4158828E-01   -1.7174823E+00   -2.4181469E+03    3.8758053E+00    1.7148319E-01
    1.6830000E+01    5.4494295E-01   -2.3536732E+00   -3.9901573E+00    4.5470214E-01   -4.2945442E+01    3.0225914E-03    2.3260360E+00   -1.1555126E+01    8.5232312E-01    2.0243641E+00   -5.3202227E+00    6.4003447E-01   -1.7086776E+00   -2.4179692E+03    3.8757079E+00    1.6976101E-01
    1.7010000E+01    5.4338915E-01   -2.3571695E+00   -3.9794342E+00    4.6203248E-01   -4.2921799E+01    3.0224565E-03    2.3298420E+00   -1.1560396E+01    8.5171576E-01    2.0177321E+00   -5.3217139E+00    6.3848066E-01   -1.6996034E+00   -2.4177915E+03    3.8756242E+00    1.6799883E-01
    1.7190000E+01    5.4183563E-01   -2.3608292E+00   -3.9693596E+00    4.7004403E-01   -4.2898930E+01    3.0223187E-03    2.3342534E+00   -1.1565739E+01    8.5120285E-01    2.0110249E+00   -5.3242687E+00    6.3692714E-01   -1.6902930E+00   -2.4176139E+03    3.8755544E+00    1.6619876E-01
    1.7370000E+01    5.4028268E-01   -2.3646583E+00   -3.9599968E+00    4.7874263E-01   -4.2876701E+01    3.0221773E-03    2.3392825E+00   -1.1571150E+01    8.5078890E-01    2.0042495E+00   -5.3279071E+00    6.3537419E-01   -1.6808005E+00   -2.4174364E+03    3.8754985E+00    1.6436400E-01
    1.7550000E+01    5.3873062E-01   -2.3686619E+00   -3.9514093E+00    4.8812270E-01   -4.2854984E+01    3.0220316E-03    2.3449329E+00   -1.1576620E+01    8.5047855E-01    1.9974158E+00   -5.3326295E+00    6.3382213E-01   -1.6711993E+00   -2.4172590E+03    3.8754565E+00    1.6249918E-01
    1.7730000E+01    5.3717978E-01   -2.3728444E+00   -3.9436572E+00    4.9816660E-01   -4.2833655E+01    3.0218810E-03    2.3511996E+00   -1.1582134E+01    8.5027653E-01    1.9905369E+00   -5.3384169E+00    6.3227129E-01   -1.6615783E+00   -2.4170817E+03    3.8754285E+00    1.6061059E-01
    1.7910000E+01    5.3563080E-01   -2.3772081E+00   -3.9367963E+00    5.0884208E-01   -4.2812599E+01    3.0217244E-03    2.3580678E+00   -1.1587675E+01    8.5018761E-01    1.9836316E+00   -5.3452311E+00    6.3072231E-01   -1.6520394E+00   -2.4169045E+03    3.8754144E+00    1.5870694E-01
