# Time          5.0000E+01
# Units: Mol/g solid
    Distance        NaXEel           KXEel            CaXEel           MgXEel          
    9.0000000E-02    4.6550855E-08    5.2757411E-07    6.2009550E-06    3.5151238E-06
    2.7000000E-01    5.8178359E-08    8.0918991E-07    6.1302200E-06    3.4387263E-06
    4.5000000E-01    6.5648762E-08    1.0627263E-06    6.0710001E-06    3.3666995E-06
    6.3000000E-01    7.0785740E-08    1.2647048E-06    6.0241954E-06    3.3094180E-06
    8.1000000E-01    7.4450571E-08    1.4195044E-06    5.9889123E-06    3.2650913E-06
    9.9000000E-01    7.7148788E-08    1.5380650E-06    5.9625234E-06    3.2305797E-06
    1.1700000E+00    7.9192385E-08    1.6305894E-06    5.9424693E-06    3.2031536E-06
    1.3500000E+00    8.0777683E-08    1.7046487E-06    5.9268406E-06    3.1808168E-06
    1.5300000E+00    8.2031125E-08    1.7654391E-06    5.9143397E-06    3.1621906E-06
    1.7100000E+00    8.3037621E-08    1.8163299E-06    5.9041026E-06    3.1464013E-06
    1.8900000E+00    8.3885379E-08    1.8555869E-06    5.8945060E-06    3.1358872E-06
    2.0700000E+00    2.1378898E-10    4.4152418E-09    1.4607358E-08    8.0787100E-09
    2.2500000E+00    2.1734813E-10    4.2222783E-09    1.4503245E-08    8.2774407E-09
    2.4300000E+00    2.2047990E-10    4.0536331E-09    1.4417494E-08    8.4458928E-09
    2.6100000E+00    2.2325103E-10    3.9046115E-09    1.4345620E-08    8.5908589E-09
    2.7900000E+00    2.2571474E-10    3.7717122E-09    1.4284480E-08    8.7171992E-09
    2.9700000E+00    2.2791407E-10    3.6522607E-09    1.4231811E-08    8.8284890E-09
    3.1500000E+00    2.2988423E-10    3.5441718E-09    1.4185942E-08    8.9274209E-09
    3.3300000E+00    2.3165440E-10    3.4457915E-09    1.4145614E-08    9.0160641E-09
    3.5100000E+00    2.3324897E-10    3.3557876E-09    1.4109861E-08    9.0960370E-09
    3.6900000E+00    2.3468851E-10    3.2730729E-09    1.4077929E-08    9.1686251E-09
    3.8700000E+00    2.3599054E-10    3.1967500E-09    1.4049223E-08    9.2348634E-09
    4.0500000E+00    2.3717007E-10    3.1260698E-09    1.4023264E-08    9.2955956E-09
    4.2300000E+00    2.3824003E-10    3.0604020E-09    1.3999667E-08    9.3515168E-09
    4.4100000E+00    2.3921169E-10    2.9992110E-09    1.3978113E-08    9.4032053E-09
    4.5900000E+00    2.4009486E-10    2.9420387E-09    1.3958342E-08    9.4511467E-09
    4.7700000E+00    2.4089819E-10    2.8884904E-09    1.3940136E-08    9.4957518E-09
    4.9500000E+00    2.4162928E-10    2.8382241E-09    1.3923310E-08    9.5373709E-09
    5.1300000E+00    2.4229490E-10    2.7909412E-09    1.3907710E-08    9.5763046E-09
    5.3100000E+00    2.4290107E-10    2.7463803E-09    1.3893205E-08    9.6128126E-09
    5.4900000E+00    2.4345317E-10    2.7043110E-09    1.3879680E-08    9.6471203E-09
    5.6700000E+00    2.4395605E-10    2.6645293E-09    1.3867039E-08    9.6794246E-09
    5.8500000E+00    2.4441408E-10    2.6268539E-09    1.3855197E-08    9.7098983E-09
    6.0300000E+00    2.4483121E-10    2.5911233E-09    1.3844080E-08    9.7386937E-09
    6.2100000E+00    2.4521103E-10    2.5571925E-09    1.3833625E-08    9.7659455E-09
    6.3900000E+00    2.4555682E-10    2.5249313E-09    1.3823775E-08    9.7917736E-09
    6.5700000E+00    2.4587159E-10    2.4942225E-09    1.3814481E-08    9.8162847E-09
    6.7500000E+00    2.4615807E-10    2.4649599E-09    1.3805697E-08    9.8395745E-09
    6.9300000E+00    2.4641881E-10    2.4370472E-09    1.3797386E-08    9.8617289E-09
    7.1100000E+00    2.4665615E-10    2.4103969E-09    1.3789513E-08    9.8828252E-09
    7.2900000E+00    2.4687227E-10    2.3849291E-09    1.3782046E-08    9.9029334E-09
    7.4700000E+00    2.4706919E-10    2.3605710E-09    1.3774958E-08    9.9221166E-09
    7.6500000E+00    2.4724879E-10    2.3372569E-09    1.3768223E-08    9.9404317E-09
    7.8300000E+00    2.4741310E-10    2.3149684E-09    1.3761815E-08    9.9579145E-09
    8.0100000E+00    2.4757067E-10    2.2948995E-09    1.3755568E-08    9.9741297E-09
    8.1900000E+00    3.9665948E-08    3.7017738E-07    2.1990931E-06    1.5959147E-06
    8.3700000E+00    3.9719706E-08    3.7318762E-07    2.1973055E-06    1.5961744E-06
    8.5500000E+00    3.9770913E-08    3.7620689E-07    2.1950611E-06    1.5968873E-06
    8.7300000E+00    3.9820307E-08    3.7925516E-07    2.1917781E-06    1.5986250E-06
    8.9100000E+00    3.9868786E-08    3.8237206E-07    2.1867173E-06    1.6021062E-06
    9.0900000E+00    3.9917322E-08    3.8563542E-07    2.1791929E-06    1.6079774E-06
    9.2700000E+00    3.9966880E-08    3.8919213E-07    2.1688187E-06    1.6165509E-06
    9.4500000E+00    4.0018447E-08    3.9330431E-07    2.1556692E-06    1.6276208E-06
    9.6300000E+00    4.0073196E-08    3.9840824E-07    2.1402741E-06    1.6404385E-06
    9.8100000E+00    4.0132776E-08    4.0517578E-07    2.1234548E-06    1.6538459E-06
    9.9900000E+00    4.0199600E-08    4.1456068E-07    2.1060770E-06    1.6664994E-06
    1.0170000E+01    4.0277026E-08    4.2780803E-07    2.0888173E-06    1.6770980E-06
    1.0350000E+01    4.0369329E-08    4.4640563E-07    2.0720183E-06    1.6845531E-06
    1.0530000E+01    4.0481388E-08    4.7196304E-07    2.0556591E-06    1.6880785E-06
    1.0710000E+01    4.0618126E-08    5.0601604E-07    2.0394289E-06    1.6872145E-06
    1.0890000E+01    4.0783736E-08    5.4977189E-07    2.0228658E-06    1.6818174E-06
    1.1070000E+01    4.0980804E-08    6.0383191E-07    2.0055178E-06    1.6720374E-06
    1.1250000E+01    4.1209488E-08    6.6794783E-07    1.9870856E-06    1.6582976E-06
    1.1430000E+01    4.1466933E-08    7.4088006E-07    1.9675199E-06    1.6412685E-06
    1.1610000E+01    4.1747117E-08    8.2041835E-07    1.9470541E-06    1.6218252E-06
    1.1790000E+01    4.2041276E-08    9.0359238E-07    1.9261692E-06    1.6009760E-06
    1.1970000E+01    4.2338900E-08    9.8704519E-07    1.9055051E-06    1.5797647E-06
    1.2150000E+01    4.2628995E-08    1.0674726E-06    1.8857459E-06    1.5591650E-06
    1.2330000E+01    4.2897116E-08    1.1414759E-06    1.8676423E-06    1.5401328E-06
    1.2510000E+01    2.6865713E-08    7.4127869E-07    1.1604081E-06    9.5553001E-07
    1.2690000E+01    2.6914038E-08    7.6700541E-07    1.1540593E-06    9.4899151E-07
    1.2870000E+01    2.6955364E-08    7.9042544E-07    1.1483164E-06    9.4300319E-07
    1.3050000E+01    2.6989324E-08    8.1145603E-07    1.1432673E-06    9.3751947E-07
    1.3230000E+01    2.7015790E-08    8.3009868E-07    1.1390607E-06    9.3239092E-07
    1.3410000E+01    2.7034786E-08    8.4642148E-07    1.1359571E-06    9.2732301E-07
    1.3590000E+01    2.7046393E-08    8.6053896E-07    1.1343694E-06    9.2184556E-07
    1.3770000E+01    2.7050681E-08    8.7259338E-07    1.1348681E-06    9.1531683E-07
    1.3950000E+01    2.7047690E-08    8.8273978E-07    1.1381327E-06    9.0697991E-07
    1.4130000E+01    2.7037474E-08    8.9113589E-07    1.1448473E-06    8.9607170E-07
    1.4310000E+01    2.7020169E-08    8.9793591E-07    1.1555645E-06    8.8196250E-07
    1.4490000E+01    2.6996071E-08    9.0328593E-07    1.1705738E-06    8.6428961E-07
    1.4670000E+01    2.6965678E-08    9.0731880E-07    1.1898142E-06    8.4304728E-07
    1.4850000E+01    2.6929682E-08    9.1014692E-07    1.2128547E-06    8.1861005E-07
    1.5030000E+01    2.6888899E-08    9.1185280E-07    1.2389446E-06    7.9168686E-07
    1.5210000E+01    2.6844167E-08    9.1247897E-07    1.2671177E-06    7.6322236E-07
    1.5390000E+01    2.6796232E-08    9.1201921E-07    1.2963216E-06    7.3427169E-07
    1.5570000E+01    2.6745641E-08    9.1041346E-07    1.3255448E-06    7.0587591E-07
    1.5750000E+01    2.6692685E-08    9.0754820E-07    1.3539204E-06    6.7895875E-07
    1.5930000E+01    2.6637372E-08    9.0326321E-07    1.3807921E-06    6.5425644E-07
    1.6110000E+01    2.6579457E-08    8.9736443E-07    1.4057426E-06    6.3228364E-07
    1.6290000E+01    2.6518504E-08    8.8964157E-07    1.4285858E-06    6.1333162E-07
    1.6470000E+01    2.6453973E-08    8.7988833E-07    1.4493347E-06    5.9749088E-07
    1.6650000E+01    2.6385322E-08    8.6792265E-07    1.4681531E-06    5.8468898E-07
    1.6830000E+01    2.6312086E-08    8.5360460E-07    1.4853025E-06    5.7473457E-07
    1.7010000E+01    2.6233958E-08    8.3684986E-07    1.5010923E-06    5.6736059E-07
    1.7190000E+01    2.6150825E-08    8.1763779E-07    1.5158382E-06    5.6226174E-07
    1.7370000E+01    2.6062785E-08    7.9601401E-07    1.5298315E-06    5.5912374E-07
    1.7550000E+01    2.5970147E-08    7.7208887E-07    1.5433196E-06    5.5764397E-07
    1.7730000E+01    2.5873499E-08    7.4606303E-07    1.5564833E-06    5.5754106E-07
    1.7910000E+01    2.5776800E-08    7.1912712E-07    1.5690551E-06    5.5848517E-07
