# Time          5.0000E+01
# Units: Log10 mol/kgw
    Distance      pH               H+               Li+              Na+              Ca++             K+               Al+++            SiO2(aq)         CO2(aq)          O2(aq)           Methane(aq)      Fe++             Fe+++            HS-              SO4--            Mg++             Cl-              CH2O             Tracer           HCO3-            Al(OH)2+         AlO2-            AlOH++           FeOH+            FeOH++           FeSO4(aq)        FeSO4+           OH-              CO3--            FeCO3(aq)        FeCO3+           FeHCO3+          NaCO3-           NaHCO3(aq)   
    9.0000000E-02    5.8429904E+00   -5.8368108E+00   -3.9999999E+00   -4.8883462E+00   -5.1336900E+00   -5.1636857E+00   -6.8687581E+00   -4.7175712E+00   -3.2130724E+00   -3.4641273E+00   -6.4486685E+00   -7.2492425E+00   -1.4253388E+01   -1.4000000E+01   -1.4000003E+01   -5.3192969E+00   -1.4000000E+01   -3.2720540E+00   -3.0000000E+01   -3.8072424E+00   -6.6282857E+00   -7.9200035E+00   -6.4154669E+00   -1.0924986E+01   -1.0630870E+01   -1.9099552E+01   -2.6603448E+01   -8.6160602E+00   -8.4081193E+00   -1.0843660E+01   -1.2457994E+01   -8.3615264E+00   -1.2650663E+01   -8.4402586E+00
    2.7000000E-01    5.9254839E+00   -5.9186646E+00   -3.9999999E+00   -4.6897617E+00   -4.8856994E+00   -4.9857123E+00   -7.3821489E+00   -4.4696035E+00   -3.2230472E+00   -3.4641663E+00   -6.4486715E+00   -7.2368078E+00   -1.4713403E+01   -1.4000000E+01   -1.4000003E+01   -5.0692878E+00   -1.4000000E+01   -3.2708348E+00   -3.0000000E+01   -3.7340522E+00   -6.9817905E+00   -8.1085215E+00   -6.8494690E+00   -1.0832020E+01   -1.1011496E+01   -1.9092426E+01   -2.7071239E+01   -8.5328961E+00   -8.2504395E+00   -1.0678842E+01   -1.2768093E+01   -8.2785312E+00   -1.2297063E+01   -8.1698231E+00
    4.5000000E-01    5.9934755E+00   -5.9861226E+00   -3.9999999E+00   -4.5705708E+00   -4.7497376E+00   -4.8109285E+00   -7.7612311E+00   -4.3324551E+00   -3.2326791E+00   -3.4642051E+00   -6.4486742E+00   -7.2973516E+00   -1.4912277E+01   -1.4000000E+01   -1.4000003E+01   -4.9360325E+00   -1.4000000E+01   -3.2696191E+00   -3.0000000E+01   -3.6751298E+00   -7.2291431E+00   -8.2198909E+00   -7.1631421E+00   -1.0826212E+01   -1.1144961E+01   -1.9157413E+01   -2.7276608E+01   -8.4643426E+00   -8.1218543E+00   -1.0615234E+01   -1.2844867E+01   -8.2823516E+00   -1.2051517E+01   -7.9928318E+00
    6.3000000E-01    6.0510066E+00   -6.0432008E+00   -3.9999999E+00   -4.4872477E+00   -4.6603319E+00   -4.6606115E+00   -8.0532926E+00   -4.2417545E+00   -3.2420002E+00   -3.4642438E+00   -6.4486766E+00   -7.3923866E+00   -1.5080702E+01   -1.4000000E+01   -1.4000002E+01   -4.8494980E+00   -1.4000000E+01   -3.2684067E+00   -3.0000000E+01   -3.6264403E+00   -7.4097530E+00   -8.2854385E+00   -7.3998599E+00   -1.0865111E+01   -1.1258043E+01   -1.9256230E+01   -2.7450551E+01   -8.4063326E+00   -8.0142105E+00   -1.0606399E+01   -1.2911158E+01   -8.3305680E+00   -1.1862450E+01   -7.8617750E+00
    8.1000000E-01    6.1009518E+00   -6.0927512E+00   -3.9999999E+00   -4.4241328E+00   -4.5947971E+00   -4.5379651E+00   -8.2937223E+00   -4.1761308E+00   -3.2510639E+00   -3.4642823E+00   -6.4486788E+00   -7.4980688E+00   -1.5227006E+01   -1.4000000E+01   -1.4000002E+01   -4.7866070E+00   -1.4000000E+01   -3.2671978E+00   -3.0000000E+01   -3.5851396E+00   -7.5534376E+00   -8.3292328E+00   -7.5922464E+00   -1.0922065E+01   -1.1356303E+01   -1.9365217E+01   -2.7601668E+01   -8.3559689E+00   -7.9217212E+00   -1.0622888E+01   -1.2969777E+01   -8.3965828E+00   -1.1708505E+01   -7.7581949E+00
    9.9000000E-01    6.1452060E+00   -6.1366535E+00   -3.9999999E+00   -4.3738816E+00   -4.5426795E+00   -4.4394907E+00   -8.4995387E+00   -4.1260217E+00   -3.2599201E+00   -3.4643209E+00   -6.4486808E+00   -7.6001492E+00   -1.5356653E+01   -1.4000000E+01   -1.4000001E+01   -4.7368842E+00   -1.4000000E+01   -3.2659922E+00   -3.0000000E+01   -3.5493668E+00   -7.6735499E+00   -8.3608367E+00   -7.7555016E+00   -1.0980977E+01   -1.1443389E+01   -1.9470250E+01   -2.7735612E+01   -8.3113405E+00   -7.8405830E+00   -1.0646774E+01   -1.3022574E+01   -8.4643490E+00   -1.1578599E+01   -7.6729179E+00
    1.1700000E+00    6.1850534E+00   -6.1761814E+00   -3.9999999E+00   -4.3324821E+00   -4.4986804E+00   -4.3602251E+00   -8.6803263E+00   -4.0863794E+00   -3.2686133E+00   -3.4643594E+00   -6.4486828E+00   -7.6925229E+00   -1.5473368E+01   -1.4000000E+01   -1.4000001E+01   -4.6950482E+00   -1.4000000E+01   -3.2647899E+00   -3.0000000E+01   -3.5178714E+00   -7.7771875E+00   -8.3847795E+00   -7.8979758E+00   -1.1034491E+01   -1.1521791E+01   -1.9565309E+01   -2.7856228E+01   -8.2711526E+00   -7.7682294E+00   -1.0669472E+01   -1.3070829E+01   -8.5265533E+00   -1.1466195E+01   -7.6007028E+00
    1.3500000E+00    6.2214027E+00   -6.2122370E+00   -3.9999999E+00   -4.2975120E+00   -4.4600362E+00   -4.2956333E+00   -8.8421211E+00   -4.0542331E+00   -3.2771842E+00   -3.4643980E+00   -6.4486846E+00   -7.7745216E+00   -1.5579804E+01   -1.4000000E+01   -1.4000001E+01   -4.6583588E+00   -1.4000000E+01   -3.2635909E+00   -3.0000000E+01   -3.4897785E+00   -7.8686235E+00   -8.4035169E+00   -8.0248299E+00   -1.1081049E+01   -1.1593286E+01   -1.9649782E+01   -2.7966255E+01   -8.2344894E+00   -7.7028560E+00   -1.0688564E+01   -1.3115475E+01   -8.5816800E+00   -1.1367095E+01   -7.5382662E+00
    1.5300000E+00    6.2549228E+00   -6.2454844E+00   -3.9999999E+00   -4.2674019E+00   -4.4252680E+00   -4.2421099E+00   -8.9890153E+00   -4.0276950E+00   -3.2856722E+00   -3.4644366E+00   -6.4486863E+00   -7.8477830E+00   -1.5677930E+01   -1.4000000E+01   -1.4000001E+01   -4.6253618E+00   -1.4000000E+01   -3.2623953E+00   -3.0000000E+01   -3.4644538E+00   -7.9506490E+00   -8.4185021E+00   -8.1395096E+00   -1.1121635E+01   -1.1659198E+01   -1.9725343E+01   -2.8067715E+01   -8.2006773E+00   -7.6431453E+00   -1.0704408E+01   -1.3157218E+01   -8.6307513E+00   -1.1278430E+01   -7.4834139E+00
    1.7100000E+00    6.2861237E+00   -6.2764304E+00   -3.9999999E+00   -4.2410812E+00   -4.3935381E+00   -4.1969589E+00   -9.1239387E+00   -4.0054955E+00   -3.2941166E+00   -3.4644753E+00   -6.4486880E+00   -7.9142668E+00   -1.5769251E+01   -1.4000000E+01   -1.4000001E+01   -4.5952438E+00   -1.4000000E+01   -3.2612022E+00   -3.0000000E+01   -3.4414235E+00   -8.0251997E+00   -8.4306512E+00   -8.2444507E+00   -1.1157708E+01   -1.1720536E+01   -1.9793980E+01   -2.8162154E+01   -8.1692031E+00   -7.5881036E+00   -1.0717996E+01   -1.3196608E+01   -8.6752663E+00   -1.1198150E+01   -7.4346085E+00
    1.8900000E+00    6.3154105E+00   -6.3054778E+00   -3.9999999E+00   -4.2177620E+00   -4.3642961E+00   -4.1583272E+00   -9.2491239E+00   -3.9867113E+00   -3.3025593E+00   -3.4645140E+00   -6.4486896E+00   -7.9755816E+00   -1.5854961E+01   -1.4000000E+01   -1.4000000E+01   -4.5674179E+00   -1.4000000E+01   -3.2597943E+00   -3.0000000E+01   -3.4203214E+00   -8.0937181E+00   -8.4405958E+00   -8.3414929E+00   -1.1190479E+01   -1.1778103E+01   -1.9857321E+01   -2.8250797E+01   -8.1396588E+00   -7.5369516E+00   -1.0730179E+01   -1.3234092E+01   -8.7164778E+00   -1.1124698E+01   -7.3907008E+00
    2.0700000E+00    6.3441212E+00   -6.3339237E+00   -3.9999999E+00   -4.1883005E+00   -4.3287781E+00   -4.1600773E+00   -9.2688035E+00   -3.9609304E+00   -3.3109884E+00   -3.4645530E+00   -6.4486916E+00   -8.0840842E+00   -1.5939075E+01   -1.4000000E+01   -1.4000000E+01   -4.5136994E+00   -1.4000000E+01   -3.1938503E+00   -3.0000000E+01   -3.3997540E+00   -8.0580845E+00   -8.3475408E+00   -8.3337250E+00   -1.1271093E+01   -1.1834770E+01   -1.9968068E+01   -2.8338155E+01   -8.1106630E+00   -7.4868285E+00   -1.0790795E+01   -1.3271320E+01   -8.8055185E+00   -1.1046241E+01   -7.3412410E+00
    2.2500000E+00    6.3710629E+00   -6.3606169E+00   -3.9999999E+00   -4.1622452E+00   -4.2967818E+00   -4.1619225E+00   -9.3901292E+00   -3.9390319E+00   -3.3192428E+00   -3.4645917E+00   -6.4486935E+00   -8.1489808E+00   -1.6017692E+01   -1.4000000E+01   -1.4000000E+01   -4.4671992E+00   -1.4000000E+01   -3.1366128E+00   -3.0000000E+01   -3.3807981E+00   -8.1275042E+00   -8.3630772E+00   -8.4292924E+00   -1.1309820E+01   -1.1887628E+01   -2.0035073E+01   -2.8419816E+01   -8.0834533E+00   -7.4401371E+00   -1.0811100E+01   -1.3306282E+01   -8.8524975E+00   -1.0974554E+01   -7.2967645E+00
    2.4300000E+00    6.3965257E+00   -6.3858456E+00   -3.9999999E+00   -4.1389585E+00   -4.2677011E+00   -4.1638416E+00   -9.5033306E+00   -3.9202378E+00   -3.3273854E+00   -3.4646306E+00   -6.4486953E+00   -8.2024653E+00   -1.6091975E+01   -1.4000000E+01   -1.4000000E+01   -4.4262782E+00   -1.4000000E+01   -3.0860480E+00   -3.0000000E+01   -3.3632243E+00   -8.1916432E+00   -8.3762906E+00   -8.5181449E+00   -1.1338570E+01   -1.1937563E+01   -2.0090547E+01   -2.8496970E+01   -8.0577375E+00   -7.3963512E+00   -1.0822781E+01   -1.3339643E+01   -8.8893876E+00   -1.0908482E+01   -7.2564088E+00
    2.6100000E+00    6.4207023E+00   -6.4098008E+00   -3.9999999E+00   -4.1179629E+00   -4.2410727E+00   -4.1658189E+00   -9.6093704E+00   -3.9039888E+00   -3.3354291E+00   -3.4646696E+00   -6.4486971E+00   -8.2517172E+00   -1.6162509E+01   -1.4000000E+01   -1.4000000E+01   -4.3897946E+00   -1.4000000E+01   -3.0407612E+00   -3.0000000E+01   -3.3468511E+00   -8.2510922E+00   -8.3873865E+00   -8.6010607E+00   -1.1364335E+01   -1.1984972E+01   -2.0141683E+01   -2.8570221E+01   -8.0333211E+00   -7.3550915E+00   -1.0832651E+01   -1.3371627E+01   -8.9231938E+00   -1.0847175E+01   -7.2195184E+00
    2.7900000E+00    6.4437509E+00   -6.4326392E+00   -3.9999999E+00   -4.0988912E+00   -4.2165347E+00   -4.1678412E+00   -9.7092032E+00   -3.8898591E+00   -3.3433855E+00   -3.4647086E+00   -6.4486988E+00   -8.2982937E+00   -1.6229759E+01   -1.4000000E+01   -1.4000000E+01   -4.3569209E+00   -1.4000000E+01   -2.9997541E+00   -3.0000000E+01   -3.3315303E+00   -8.3065004E+00   -8.3966973E+00   -8.6788427E+00   -1.1388518E+01   -1.2030171E+01   -2.0190051E+01   -2.8640051E+01   -8.0100445E+00   -7.3160473E+00   -1.0841968E+01   -1.3402407E+01   -8.9553306E+00   -1.0789960E+01   -7.1855808E+00
    2.9700000E+00    6.4658030E+00   -6.4544912E+00   -3.9999999E+00   -4.0814561E+00   -4.1937991E+00   -4.1698973E+00   -9.8036033E+00   -3.8775181E+00   -3.3512646E+00   -3.4647478E+00   -6.4487005E+00   -8.3426927E+00   -1.6294109E+01   -1.4000000E+01   -1.4000000E+01   -4.3270385E+00   -1.4000000E+01   -2.9622870E+00   -3.0000000E+01   -3.3171394E+00   -8.3583886E+00   -8.4044814E+00   -8.7521399E+00   -1.1411489E+01   -1.2073419E+01   -2.0236157E+01   -2.8706859E+01   -7.9877750E+00   -7.2789611E+00   -1.0850982E+01   -1.3432122E+01   -8.9861784E+00   -1.0736298E+01   -7.1541883E+00
    3.1500000E+00    6.4869688E+00   -6.4754660E+00   -3.9999999E+00   -4.0654281E+00   -4.1726329E+00   -4.1719780E+00   -9.8932087E+00   -3.8667040E+00   -3.3590754E+00   -3.4647870E+00   -6.4487021E+00   -8.3851999E+00   -1.6355883E+01   -1.4000000E+01   -1.4000000E+01   -4.2996735E+00   -1.4000000E+01   -2.9277972E+00   -3.0000000E+01   -3.3035759E+00   -8.4071821E+00   -8.4109432E+00   -8.8214845E+00   -1.1433426E+01   -1.2114931E+01   -2.0280296E+01   -2.8770980E+01   -7.9664014E+00   -7.2436172E+00   -1.0859770E+01   -1.3460892E+01   -9.0159243E+00   -1.0685747E+01   -7.1250114E+00
    3.3300000E+00    6.5073418E+00   -6.4956563E+00   -3.9999999E+00   -4.0506218E+00   -4.1528454E+00   -4.1740754E+00   -9.9785514E+00   -3.8572064E+00   -3.3668256E+00   -3.4648264E+00   -6.4487037E+00   -8.4260340E+00   -1.6415352E+01   -1.4000000E+01   -1.4000000E+01   -4.2744549E+00   -1.4000000E+01   -2.8958460E+00   -3.0000000E+01   -3.2907536E+00   -8.4532326E+00   -8.4162477E+00   -8.8873193E+00   -1.1454458E+01   -1.2154893E+01   -2.0322693E+01   -2.8832695E+01   -7.9458293E+00   -7.2098330E+00   -1.0868376E+01   -1.3488817E+01   -9.0447041E+00   -1.0637942E+01   -7.0977798E+00
    3.5100000E+00    6.5270019E+00   -6.5151411E+00   -3.9999999E+00   -4.0368850E+00   -4.1342780E+00   -4.1761830E+00   -1.0060081E+01   -3.8488541E+00   -3.3745225E+00   -3.4648659E+00   -6.4487052E+00   -8.4653760E+00   -1.6472750E+01   -1.4000000E+01   -1.4000000E+01   -4.2510873E+00   -1.4000000E+01   -2.8660852E+00   -3.0000000E+01   -3.2785987E+00   -8.4968354E+00   -8.4205304E+00   -8.9500169E+00   -1.1474687E+01   -1.2193459E+01   -2.0363534E+01   -2.8892248E+01   -7.9259781E+00   -7.1774529E+00   -1.0876832E+01   -1.3515984E+01   -9.0726282E+00   -1.0592580E+01   -7.0722695E+00
    3.6900000E+00    6.5460179E+00   -6.5339888E+00   -3.9999999E+00   -4.0240918E+00   -4.1167980E+00   -4.1782952E+00   -1.0138179E+01   -3.8415057E+00   -3.3821723E+00   -3.4649055E+00   -6.4487067E+00   -8.5033790E+00   -1.6528278E+01   -1.4000000E+01   -1.4000000E+01   -4.2293316E+00   -1.4000000E+01   -2.8382337E+00   -3.0000000E+01   -3.2670483E+00   -8.5382404E+00   -8.4239035E+00   -9.0098945E+00   -1.1494200E+01   -1.2230767E+01   -2.0402980E+01   -2.8949846E+01   -7.9067783E+00   -7.1463431E+00   -1.0885162E+01   -1.3542466E+01   -9.0997892E+00   -1.0549403E+01   -7.0482925E+00
    3.8700000E+00    6.5644495E+00   -6.5522585E+00   -3.9999999E+00   -4.0121363E+00   -4.1002930E+00   -4.1804073E+00   -1.0213175E+01   -3.8350434E+00   -3.3897809E+00   -3.4649452E+00   -6.4487082E+00   -8.5401740E+00   -1.6582110E+01   -1.4000000E+01   -1.4000000E+01   -4.2089918E+00   -1.4000000E+01   -2.8120612E+00   -3.0000000E+01   -3.2560477E+00   -8.5776618E+00   -8.4264616E+00   -9.0672240E+00   -1.1513070E+01   -1.2266932E+01   -2.0441164E+01   -2.9005671E+01   -7.8881696E+00   -7.1163874E+00   -1.0893384E+01   -1.3568330E+01   -9.1262659E+00   -1.0508191E+01   -7.0256896E+00
    4.0500000E+00    6.5823489E+00   -6.5700018E+00   -3.9999999E+00   -4.0009292E+00   -4.0846670E+00   -4.1825156E+00   -1.0285355E+01   -3.8293681E+00   -3.3973536E+00   -3.4649850E+00   -6.4487097E+00   -8.5758742E+00   -1.6634398E+01   -1.4000000E+01   -1.4000000E+01   -4.1899050E+00   -1.4000000E+01   -2.7873767E+00   -3.0000000E+01   -3.2455495E+00   -8.6152842E+00   -8.4282851E+00   -9.1222408E+00   -1.1531359E+01   -1.2302057E+01   -2.0478204E+01   -2.9059881E+01   -7.8700993E+00   -7.0874848E+00   -1.0901516E+01   -1.3593631E+01   -9.1521257E+00   -1.0468756E+01   -7.0043252E+00
    4.2300000E+00    6.5997621E+00   -6.5872644E+00   -3.9999999E+00   -3.9903943E+00   -4.0698373E+00   -4.1846166E+00   -1.0354968E+01   -3.8243958E+00   -3.4048950E+00   -3.4650250E+00   -6.4487111E+00   -8.6105780E+00   -1.6685277E+01   -1.4000000E+01   -1.4000000E+01   -4.1719350E+00   -1.4000000E+01   -2.7640201E+00   -3.0000000E+01   -3.2355121E+00   -8.6512683E+00   -8.4294428E+00   -9.1751503E+00   -1.1549121E+01   -1.2336232E+01   -2.0514202E+01   -2.9112615E+01   -7.8525210E+00   -7.0595464E+00   -1.0909570E+01   -1.3618421E+01   -9.1774275E+00   -1.0430934E+01   -6.9840822E+00
    4.4100000E+00    6.6167296E+00   -6.6040864E+00   -3.9999999E+00   -3.9804661E+00   -4.0557324E+00   -4.1867078E+00   -1.0422232E+01   -3.8200544E+00   -3.4124097E+00   -3.4650651E+00   -6.4487125E+00   -8.6443717E+00   -1.6734864E+01   -1.4000000E+01   -1.4000000E+01   -4.1549660E+00   -1.4000000E+01   -2.7418558E+00   -3.0000000E+01   -3.2258991E+00   -8.6857548E+00   -8.4299944E+00   -9.2261324E+00   -1.1566404E+01   -1.2369538E+01   -2.0549247E+01   -2.9163995E+01   -7.8353937E+00   -7.0324940E+00   -1.0917558E+01   -1.3642744E+01   -9.2022225E+00   -1.0394584E+01   -6.9648596E+00
    4.5900000E+00    6.6332874E+00   -6.6205034E+00   -3.9999999E+00   -3.9710880E+00   -4.0422899E+00   -4.1887867E+00   -1.0487341E+01   -3.8162819E+00   -3.4199016E+00   -3.4651053E+00   -6.4487139E+00   -8.6773315E+00   -1.6783265E+01   -1.4000000E+01   -1.4000000E+01   -4.1388994E+00   -1.4000000E+01   -2.7207679E+00   -3.0000000E+01   -3.2166779E+00   -8.7188677E+00   -8.4299916E+00   -9.2753463E+00   -1.1583247E+01   -1.2402044E+01   -2.0583419E+01   -2.9214131E+01   -7.8186812E+00   -7.0062581E+00   -1.0925489E+01   -1.3666639E+01   -9.2265559E+00   -1.0359580E+01   -6.9465689E+00
    4.7700000E+00    6.6494678E+00   -6.6365474E+00   -3.9999999E+00   -3.9622108E+00   -4.0294549E+00   -4.1908515E+00   -1.0550467E+01   -3.8130247E+00   -3.4273744E+00   -3.4651457E+00   -6.4487153E+00   -8.7095249E+00   -1.6830574E+01   -1.4000000E+01   -1.4000000E+01   -4.1236504E+00   -1.4000000E+01   -2.7006567E+00   -3.0000000E+01   -3.2078200E+00   -8.7507169E+00   -8.4294800E+00   -9.3229329E+00   -1.1599688E+01   -1.2433813E+01   -2.0616788E+01   -2.9263121E+01   -7.8023508E+00   -6.9807768E+00   -1.0933371E+01   -1.3690142E+01   -9.2504677E+00   -1.0325813E+01   -6.9291329E+00
    4.9500000E+00    6.6652996E+00   -6.6522469E+00   -3.9999999E+00   -3.9537912E+00   -4.0171794E+00   -4.1929006E+00   -1.0611762E+01   -3.8102357E+00   -3.4348318E+00   -3.4651862E+00   -6.4487166E+00   -8.7410121E+00   -1.6876874E+01   -1.4000000E+01   -1.4000000E+01   -4.1091455E+00   -1.4000000E+01   -2.6814358E+00   -3.0000000E+01   -3.1992995E+00   -8.7814002E+00   -8.4284998E+00   -9.3690181E+00   -1.1615758E+01   -1.2464903E+01   -2.0649415E+01   -2.9311052E+01   -7.7863735E+00   -6.9559948E+00   -1.0941211E+01   -1.3713285E+01   -9.2739936E+00   -1.0293185E+01   -6.9124831E+00
    5.1300000E+00    6.6808087E+00   -6.6676278E+00   -3.9999999E+00   -3.9457913E+00   -4.0054204E+00   -4.1949326E+00   -1.0671366E+01   -3.8078739E+00   -3.4422768E+00   -3.4652268E+00   -6.4487179E+00   -8.7718474E+00   -1.6922242E+01   -1.4000000E+01   -1.4000000E+01   -4.0953204E+00   -1.4000000E+01   -2.6630296E+00   -3.0000000E+01   -3.1910935E+00   -8.8110052E+00   -8.4270865E+00   -9.4137148E+00   -1.1631487E+01   -1.2495364E+01   -2.0681358E+01   -2.9358002E+01   -7.7707229E+00   -6.9318621E+00   -1.0949016E+01   -1.3736098E+01   -9.2971658E+00   -1.0261611E+01   -6.8965592E+00
    5.3100000E+00    6.6960188E+00   -6.6827132E+00   -3.9999999E+00   -3.9381774E+00   -3.9941399E+00   -4.1969465E+00   -1.0729400E+01   -3.8059030E+00   -3.4497125E+00   -3.4652676E+00   -6.4487192E+00   -8.8020792E+00   -1.6966745E+01   -1.4000000E+01   -1.4000000E+01   -4.0821190E+00   -1.4000000E+01   -2.6453719E+00   -3.0000000E+01   -3.1831812E+00   -8.8396106E+00   -8.4252717E+00   -9.4571245E+00   -1.1646900E+01   -1.2525242E+01   -2.0712666E+01   -2.9404043E+01   -7.7553753E+00   -6.9083339E+00   -1.0956791E+01   -1.3758606E+01   -9.3200130E+00   -1.0231011E+01   -6.8813073E+00
    5.4900000E+00    6.7109512E+00   -6.6975244E+00   -3.9999999E+00   -3.9309199E+00   -3.9833038E+00   -4.1989413E+00   -1.0785979E+01   -3.8042908E+00   -3.4571418E+00   -3.4653085E+00   -6.4487205E+00   -8.8317515E+00   -1.7010447E+01   -1.4000000E+01   -1.4000000E+01   -4.0694918E+00   -1.4000000E+01   -2.6284041E+00   -3.0000000E+01   -3.1755439E+00   -8.8672874E+00   -8.4230838E+00   -9.4993388E+00   -1.1662021E+01   -1.2554580E+01   -2.0743385E+01   -2.9449240E+01   -7.7403091E+00   -6.8853694E+00   -1.0964541E+01   -1.3780834E+01   -9.3425613E+00   -1.0201316E+01   -6.8666793E+00
    5.6700000E+00    6.7256252E+00   -6.7120806E+00   -3.9999999E+00   -3.9239920E+00   -3.9728817E+00   -4.2009164E+00   -1.0841202E+01   -3.8030086E+00   -3.4645673E+00   -3.4653496E+00   -6.4487218E+00   -8.8609044E+00   -1.7053403E+01   -1.4000000E+01   -1.4000000E+01   -4.0573947E+00   -1.4000000E+01   -2.6120745E+00   -3.0000000E+01   -3.1681646E+00   -8.8941000E+00   -8.4205483E+00   -9.5404411E+00   -1.1676870E+01   -1.2583415E+01   -2.0773558E+01   -2.9493652E+01   -7.7255048E+00   -6.8629318E+00   -1.0972271E+01   -1.3802803E+01   -9.3648345E+00   -1.0172464E+01   -6.8526319E+00
    5.8500000E+00    6.7400587E+00   -6.7263993E+00   -3.9999999E+00   -3.9173699E+00   -3.9628459E+00   -4.2028711E+00   -1.0895164E+01   -3.8020311E+00   -3.4719916E+00   -3.4653908E+00   -6.4487230E+00   -8.8895741E+00   -1.7095666E+01   -1.4000000E+01   -1.4000000E+01   -4.0457887E+00   -1.4000000E+01   -2.5963366E+00   -3.0000000E+01   -3.1610280E+00   -8.9201068E+00   -8.4176882E+00   -9.5805068E+00   -1.1691467E+01   -1.2611782E+01   -2.0803220E+01   -2.9537332E+01   -7.7109444E+00   -6.8409872E+00   -1.0979984E+01   -1.3824534E+01   -9.3868542E+00   -1.0144398E+01   -6.8391264E+00
    6.0300000E+00    6.7542678E+00   -6.7404966E+00   -3.9999999E+00   -3.9110323E+00   -3.9531715E+00   -4.2048051E+00   -1.0947948E+01   -3.8013352E+00   -3.4794169E+00   -3.4654322E+00   -6.4487242E+00   -8.9177939E+00   -1.7137282E+01   -1.4000000E+01   -1.4000000E+01   -4.0346388E+00   -1.4000000E+01   -2.5811492E+00   -3.0000000E+01   -3.1541200E+00   -8.9453611E+00   -8.4145242E+00   -9.6196052E+00   -1.1705829E+01   -1.2639713E+01   -2.0832408E+01   -2.9580329E+01   -7.6966115E+00   -6.8195049E+00   -1.0987685E+01   -1.3846044E+01   -9.4086403E+00   -1.0117065E+01   -6.8261275E+00
    6.2100000E+00    6.7682676E+00   -6.7543874E+00   -3.9999999E+00   -3.9049597E+00   -3.9438361E+00   -4.2067178E+00   -1.0999632E+01   -3.8009002E+00   -3.4868455E+00   -3.4654737E+00   -6.4487255E+00   -8.9455942E+00   -1.7178296E+01   -1.4000000E+01   -1.4000000E+01   -4.0239137E+00   -1.4000000E+01   -2.5664750E+00   -3.0000000E+01   -3.1474277E+00   -8.9699117E+00   -8.4110753E+00   -9.6577994E+00   -1.1719973E+01   -1.2667237E+01   -2.0861153E+01   -2.9622689E+01   -7.6824910E+00   -6.7984567E+00   -1.0995377E+01   -1.3867351E+01   -9.4302108E+00   -1.0090420E+01   -6.8136033E+00
    6.3900000E+00    6.7820718E+00   -6.7680853E+00   -3.9999999E+00   -3.8991347E+00   -3.9348191E+00   -4.2086092E+00   -1.1050287E+01   -3.8007076E+00   -3.4942795E+00   -3.4655154E+00   -6.4487267E+00   -8.9730031E+00   -1.7218747E+01   -1.4000000E+01   -1.4000000E+01   -4.0135852E+00   -1.4000000E+01   -2.5522804E+00   -3.0000000E+01   -3.1409393E+00   -8.9938033E+00   -8.4073585E+00   -9.6951476E+00   -1.1733912E+01   -1.2694381E+01   -2.0889484E+01   -2.9664454E+01   -7.6685689E+00   -6.7778165E+00   -1.1003063E+01   -1.3888472E+01   -9.4515826E+00   -1.0064419E+01   -6.8015249E+00
    6.5700000E+00    6.7956930E+00   -6.7816028E+00   -3.9999999E+00   -3.8935413E+00   -3.9261017E+00   -4.2104790E+00   -1.1099979E+01   -3.8007405E+00   -3.5017210E+00   -3.4655572E+00   -6.4487279E+00   -9.0000462E+00   -1.7258673E+01   -1.4000000E+01   -1.4000000E+01   -4.0036277E+00   -1.4000000E+01   -2.5385351E+00   -3.0000000E+01   -3.1346440E+00   -9.0170769E+00   -8.4033897E+00   -9.7317029E+00   -1.1747661E+01   -1.2721170E+01   -2.0917427E+01   -2.9705661E+01   -7.6548326E+00   -6.7575605E+00   -1.1010746E+01   -1.3909419E+01   -9.4727712E+00   -1.0039024E+01   -6.7898659E+00
    6.7500000E+00    6.8091431E+00   -6.7949516E+00   -3.9999999E+00   -3.8881653E+00   -3.9176669E+00   -4.2123270E+00   -1.1148768E+01   -3.8009835E+00   -3.5091718E+00   -3.4655992E+00   -6.4487290E+00   -9.0267475E+00   -1.7298107E+01   -1.4000000E+01   -1.4000000E+01   -3.9940181E+00   -1.4000000E+01   -2.5252116E+00   -3.0000000E+01   -3.1285318E+00   -9.0397704E+00   -8.3991830E+00   -9.7675148E+00   -1.1761231E+01   -1.2747627E+01   -2.0945008E+01   -2.9746348E+01   -7.6412700E+00   -6.7376666E+00   -1.1018429E+01   -1.3930207E+01   -9.4937907E+00   -1.0014197E+01   -6.7786020E+00
    6.9300000E+00    6.8224328E+00   -6.8081424E+00   -3.9999999E+00   -3.8829933E+00   -3.9094989E+00   -4.2141533E+00   -1.1196709E+01   -3.8014225E+00   -3.5166336E+00   -3.4656413E+00   -6.4487302E+00   -9.0531287E+00   -1.7337081E+01   -1.4000000E+01   -1.4000000E+01   -3.9847354E+00   -1.4000000E+01   -2.5122846E+00   -3.0000000E+01   -3.1225935E+00   -9.0619186E+00   -8.3947519E+00   -9.8026286E+00   -1.1774635E+01   -1.2773773E+01   -2.0972248E+01   -2.9786546E+01   -7.6278703E+00   -6.7181143E+00   -1.1026113E+01   -1.3950848E+01   -9.5146545E+00   -9.9899056E+00   -6.7677110E+00
    7.1100000E+00    6.8355722E+00   -6.8211851E+00   -3.9999999E+00   -3.8780134E+00   -3.9015834E+00   -4.2159578E+00   -1.1243855E+01   -3.8020449E+00   -3.5241082E+00   -3.4656836E+00   -6.4487313E+00   -9.0792104E+00   -1.7375625E+01   -1.4000000E+01   -1.4000000E+01   -3.9757603E+00   -1.4000000E+01   -2.4997313E+00   -3.0000000E+01   -3.1168206E+00   -9.0835540E+00   -8.3901083E+00   -9.8370863E+00   -1.1787882E+01   -1.2799629E+01   -2.0999171E+01   -2.9826285E+01   -7.6146232E+00   -6.6988849E+00   -1.1033802E+01   -1.3971354E+01   -9.5353747E+00   -9.9661198E+00   -6.7571727E+00
    7.2900000E+00    6.8485708E+00   -6.8340891E+00   -3.9999999E+00   -3.8732144E+00   -3.8939070E+00   -4.2177406E+00   -1.1290253E+01   -3.8028387E+00   -3.5315970E+00   -3.4657260E+00   -6.4487325E+00   -9.1050114E+00   -1.7413765E+01   -1.4000000E+01   -1.4000000E+01   -3.9670752E+00   -1.4000000E+01   -2.4875308E+00   -3.0000000E+01   -3.1112052E+00   -9.1047063E+00   -8.3852635E+00   -9.8709269E+00   -1.1800982E+01   -1.2825212E+01   -2.1025794E+01   -2.9865595E+01   -7.6015194E+00   -6.6799608E+00   -1.1041497E+01   -1.3991736E+01   -9.5559627E+00   -9.9428111E+00   -6.7469682E+00
    7.4700000E+00    6.8614371E+00   -6.8468629E+00   -3.9999999E+00   -3.8685861E+00   -3.8864575E+00   -4.2195017E+00   -1.1335948E+01   -3.8037934E+00   -3.5391015E+00   -3.4657687E+00   -6.4487336E+00   -9.1305490E+00   -1.7451527E+01   -1.4000000E+01   -1.4000000E+01   -3.9586642E+00   -1.4000000E+01   -2.4756636E+00   -3.0000000E+01   -3.1057400E+00   -9.1254032E+00   -8.3802279E+00   -9.9041864E+00   -1.1813945E+01   -1.2850539E+01   -2.1052137E+01   -2.9904502E+01   -7.5885501E+00   -6.6613256E+00   -1.1049200E+01   -1.4012004E+01   -9.5764289E+00   -9.9199534E+00   -6.7370802E+00
    7.6500000E+00    6.8741791E+00   -6.8595144E+00   -3.9999999E+00   -3.8641193E+00   -3.8792235E+00   -4.2212412E+00   -1.1380980E+01   -3.8048990E+00   -3.5466229E+00   -3.4658114E+00   -6.4487347E+00   -9.1558394E+00   -1.7488934E+01   -1.4000000E+01   -1.4000000E+01   -3.9505124E+00   -1.4000000E+01   -2.4641121E+00   -3.0000000E+01   -3.1004181E+00   -9.1456704E+00   -8.3750110E+00   -9.9368983E+00   -1.1826779E+01   -1.2875625E+01   -2.1078215E+01   -2.9943029E+01   -7.5757072E+00   -6.6429644E+00   -1.1056914E+01   -1.4032166E+01   -9.5967830E+00   -9.8975226E+00   -6.7274926E+00
    7.8300000E+00    6.8868042E+00   -6.8720509E+00   -3.9999999E+00   -3.8598052E+00   -3.8721945E+00   -4.2229592E+00   -1.1425388E+01   -3.8061462E+00   -3.5541623E+00   -3.4658544E+00   -6.4487358E+00   -9.1808975E+00   -1.7526008E+01   -1.4000000E+01   -1.4000000E+01   -3.9426061E+00   -1.4000000E+01   -2.4528600E+00   -3.0000000E+01   -3.0952332E+00   -9.1655315E+00   -8.3696220E+00   -9.9690933E+00   -1.1839492E+01   -1.2900487E+01   -2.1104045E+01   -2.9981200E+01   -7.5629832E+00   -6.6248631E+00   -1.1064639E+01   -1.4052231E+01   -9.6170337E+00   -9.8754963E+00   -6.7181907E+00
    8.0100000E+00    6.8993192E+00   -6.8844792E+00   -3.9999999E+00   -3.8556349E+00   -3.8653639E+00   -4.2246311E+00   -1.1469202E+01   -3.8075326E+00   -3.5617207E+00   -3.4658975E+00   -6.4487369E+00   -9.2057351E+00   -1.7562768E+01   -1.4000000E+01   -1.4000000E+01   -3.9349359E+00   -1.4000000E+01   -2.4419253E+00   -3.0000000E+01   -3.0901793E+00   -9.1850049E+00   -8.3640652E+00   -1.0000796E+01   -1.1852089E+01   -1.2925136E+01   -2.1129639E+01   -3.0019035E+01   -7.5503713E+00   -6.6070088E+00   -1.1072374E+01   -1.4072208E+01   -9.6371873E+00   -9.8538529E+00   -6.7091597E+00
    8.1900000E+00    6.9118223E+00   -6.8969004E+00   -3.9999999E+00   -3.8513113E+00   -3.8596923E+00   -4.2183772E+00   -1.1513162E+01   -3.8110126E+00   -3.5693526E+00   -3.4659410E+00   -6.4487380E+00   -9.1940538E+00   -1.7599548E+01   -1.4000000E+01   -1.4000000E+01   -3.9284068E+00   -1.4000000E+01   -2.4417448E+00   -3.0000000E+01   -3.0852164E+00   -9.2046091E+00   -8.3586633E+00   -1.0032634E+01   -1.1828163E+01   -1.2949794E+01   -2.1118672E+01   -3.0056829E+01   -7.5377768E+00   -6.5892734E+00   -1.1043668E+01   -1.4092263E+01   -9.6208923E+00   -9.8321538E+00   -6.7000554E+00
    8.3700000E+00    6.9242679E+00   -6.9092657E+00   -3.9999999E+00   -3.8471316E+00   -3.8541647E+00   -4.2122918E+00   -1.1555127E+01   -3.8145774E+00   -3.5770483E+00   -3.4659850E+00   -6.4487390E+00   -9.2181627E+00   -1.7636157E+01   -1.4000000E+01   -1.4000000E+01   -3.9220421E+00   -1.4000000E+01   -2.4415644E+00   -3.0000000E+01   -3.0803764E+00   -9.2223206E+00   -8.3514837E+00   -1.0062527E+01   -1.1840080E+01   -1.2974331E+01   -2.1143482E+01   -3.0094432E+01   -7.5252415E+00   -6.5717236E+00   -1.1050924E+01   -1.4112313E+01   -9.6405037E+00   -9.8107774E+00   -6.6912146E+00
    8.5500000E+00    6.9366179E+00   -6.9215371E+00   -3.9999999E+00   -3.8430887E+00   -3.8487804E+00   -4.2063655E+00   -1.1596602E+01   -3.8182208E+00   -3.5847647E+00   -3.4660292E+00   -6.4487400E+00   -9.2426737E+00   -1.7672495E+01   -1.4000000E+01   -1.4000000E+01   -3.9158292E+00   -1.4000000E+01   -2.4413841E+00   -3.0000000E+01   -3.0756543E+00   -9.2397210E+00   -8.3441839E+00   -1.0092018E+01   -1.1852490E+01   -1.2998685E+01   -2.1168679E+01   -3.0131745E+01   -7.5128034E+00   -6.5543923E+00   -1.1058787E+01   -1.4132291E+01   -9.6606283E+00   -9.7897494E+00   -6.6826251E+00
    8.7300000E+00    6.9488774E+00   -6.9337195E+00   -3.9999999E+00   -3.8391757E+00   -3.8435470E+00   -4.2005896E+00   -1.1637618E+01   -3.8219371E+00   -3.5925019E+00   -3.4660735E+00   -6.4487410E+00   -9.2670147E+00   -1.7708576E+01   -1.4000000E+01   -1.4000000E+01   -3.9097464E+00   -1.4000000E+01   -2.4412038E+00   -3.0000000E+01   -3.0710454E+00   -9.2568300E+00   -8.3367739E+00   -1.0121133E+01   -1.1864815E+01   -1.3022864E+01   -2.1193694E+01   -3.0168782E+01   -7.5004575E+00   -6.5372696E+00   -1.1066675E+01   -1.4152201E+01   -9.6806897E+00   -9.7690534E+00   -6.6742752E+00
    8.9100000E+00    6.9610505E+00   -6.9458169E+00   -3.9999999E+00   -3.8353863E+00   -3.8384852E+00   -4.1949556E+00   -1.1678198E+01   -3.8257209E+00   -3.6002597E+00   -3.4661180E+00   -6.4487420E+00   -9.2911846E+00   -1.7744410E+01   -1.4000000E+01   -1.4000000E+01   -3.9037579E+00   -1.4000000E+01   -2.4410236E+00   -3.0000000E+01   -3.0665450E+00   -9.2736648E+00   -8.3292625E+00   -1.0149891E+01   -1.1877051E+01   -1.3046877E+01   -2.1218525E+01   -3.0205554E+01   -7.4881997E+00   -6.5203466E+00   -1.1074580E+01   -1.4172047E+01   -9.7006824E+00   -9.7486744E+00   -6.6661544E+00
    9.0900000E+00    6.9731407E+00   -6.9578328E+00   -3.9999999E+00   -3.8317146E+00   -3.8336305E+00   -4.1894555E+00   -1.1718366E+01   -3.8295671E+00   -3.6080374E+00   -3.4661627E+00   -6.4487430E+00   -9.3151902E+00   -1.7780009E+01   -1.4000000E+01   -1.4000000E+01   -3.8978115E+00   -1.4000000E+01   -2.4408435E+00   -3.0000000E+01   -3.0621490E+00   -9.2902421E+00   -8.3216595E+00   -1.0178314E+01   -1.1889201E+01   -1.3070730E+01   -2.1243180E+01   -3.0242073E+01   -7.4760264E+00   -6.5036156E+00   -1.1082500E+01   -1.4191831E+01   -9.7206092E+00   -9.7285988E+00   -6.6582525E+00
    9.2700000E+00    6.9851506E+00   -6.9697698E+00   -3.9999999E+00   -3.8281549E+00   -3.8290299E+00   -4.1840814E+00   -1.1758143E+01   -3.8334709E+00   -3.6158337E+00   -3.4662075E+00   -6.4487440E+00   -9.3390368E+00   -1.7815379E+01   -1.4000000E+01   -1.4000000E+01   -3.8918434E+00   -1.4000000E+01   -2.4406634E+00   -3.0000000E+01   -3.0578534E+00   -9.3065782E+00   -8.3139758E+00   -1.0206419E+01   -1.1901269E+01   -1.3094429E+01   -2.1267664E+01   -3.0278346E+01   -7.4639348E+00   -6.4870697E+00   -1.1090435E+01   -1.4211555E+01   -9.7404715E+00   -9.7088145E+00   -6.6505601E+00
    9.4500000E+00    6.9970818E+00   -6.9816295E+00   -3.9999999E+00   -3.8247020E+00   -3.8247327E+00   -4.1788261E+00   -1.1797546E+01   -3.8374279E+00   -3.6236465E+00   -3.4662526E+00   -6.4487450E+00   -9.3627276E+00   -1.7850525E+01   -1.4000000E+01   -1.4000000E+01   -3.8857883E+00   -1.4000000E+01   -2.4404834E+00   -3.0000000E+01   -3.0536545E+00   -9.3226874E+00   -8.3062226E+00   -1.0234223E+01   -1.1913255E+01   -1.3117976E+01   -2.1291980E+01   -3.0314379E+01   -7.4519234E+00   -6.4707034E+00   -1.1098382E+01   -1.4231219E+01   -9.7602690E+00   -9.6893108E+00   -6.6430681E+00
    9.6300000E+00    7.0089349E+00   -6.9934124E+00   -3.9999999E+00   -3.8213510E+00   -3.8207777E+00   -4.1736827E+00   -1.1836589E+01   -3.8414338E+00   -3.6314728E+00   -3.4662978E+00   -6.4487460E+00   -9.3862639E+00   -1.7885449E+01   -1.4000000E+01   -1.4000000E+01   -3.8795952E+00   -1.4000000E+01   -2.4403035E+00   -3.0000000E+01   -3.0495485E+00   -9.3385810E+00   -8.2984101E+00   -1.0261738E+01   -1.1925160E+01   -1.3141372E+01   -2.1316131E+01   -3.0350174E+01   -7.4399915E+00   -6.4545124E+00   -1.1106338E+01   -1.4250819E+01   -9.7799995E+00   -9.6700787E+00   -6.6357683E+00
    9.8100000E+00    7.0207091E+00   -7.0051177E+00   -3.9999999E+00   -3.8180972E+00   -3.8171808E+00   -4.1686451E+00   -1.1875274E+01   -3.8454845E+00   -3.6393085E+00   -3.4663432E+00   -6.4487469E+00   -9.4096440E+00   -1.7920148E+01   -1.4000000E+01   -1.4000000E+01   -3.8732410E+00   -1.4000000E+01   -2.4401237E+00   -3.0000000E+01   -3.0455322E+00   -9.3542656E+00   -8.2905461E+00   -1.0288969E+01   -1.1936984E+01   -1.3164616E+01   -2.1340115E+01   -3.0385728E+01   -7.4281398E+00   -6.4384940E+00   -1.1114300E+01   -1.4270351E+01   -9.7996582E+00   -9.6511109E+00   -6.6286525E+00
    9.9900000E+00    7.0324022E+00   -7.0167431E+00   -3.9999999E+00   -3.8149363E+00   -3.8139277E+00   -4.1637082E+00   -1.1913599E+01   -3.8495762E+00   -3.6471480E+00   -3.4663887E+00   -6.4487479E+00   -9.4328632E+00   -1.7954614E+01   -1.4000000E+01   -1.4000000E+01   -3.8667385E+00   -1.4000000E+01   -2.4399439E+00   -3.0000000E+01   -3.0416023E+00   -9.3697417E+00   -8.2826362E+00   -1.0315914E+01   -1.1948725E+01   -1.3187703E+01   -2.1363928E+01   -3.0421034E+01   -7.4163707E+00   -6.4226471E+00   -1.1122263E+01   -1.4289807E+01   -9.8192373E+00   -9.6324024E+00   -6.6217134E+00
    1.0170000E+01    7.0440097E+00   -7.0282841E+00   -3.9999999E+00   -3.8118642E+00   -3.8109729E+00   -4.1588675E+00   -1.1951547E+01   -3.8537050E+00   -3.6549840E+00   -3.4664345E+00   -6.4487489E+00   -9.4559130E+00   -1.7988834E+01   -1.4000000E+01   -1.4000000E+01   -3.8601364E+00   -1.4000000E+01   -2.4397643E+00   -3.0000000E+01   -3.0377556E+00   -9.3850035E+00   -8.2746828E+00   -1.0342564E+01   -1.1960378E+01   -1.3210624E+01   -2.1387561E+01   -3.0456080E+01   -7.4046883E+00   -6.4069727E+00   -1.1130218E+01   -1.4309176E+01   -9.8387253E+00   -9.6139500E+00   -6.6149437E+00
    1.0350000E+01    7.0555252E+00   -7.0397342E+00   -3.9999999E+00   -3.8088770E+00   -3.8082459E+00   -4.1541189E+00   -1.1989094E+01   -3.8578673E+00   -3.6628069E+00   -3.4664804E+00   -6.4487498E+00   -9.4787802E+00   -1.8022789E+01   -1.4000000E+01   -1.4000000E+01   -3.8535101E+00   -1.4000000E+01   -2.4395847E+00   -3.0000000E+01   -3.0339892E+00   -9.4000385E+00   -8.2666868E+00   -1.0368898E+01   -1.1971937E+01   -1.3233366E+01   -2.1411001E+01   -3.0490846E+01   -7.3930992E+00   -6.3914745E+00   -1.1138157E+01   -1.4328441E+01   -9.8581061E+00   -9.5957536E+00   -6.6083367E+00
    1.0530000E+01    7.0669392E+00   -7.0510838E+00   -3.9999999E+00   -3.8059709E+00   -3.8056619E+00   -4.1494586E+00   -1.2026201E+01   -3.8620595E+00   -3.6706045E+00   -3.4665265E+00   -6.4487508E+00   -9.5014459E+00   -1.8056449E+01   -1.4000000E+01   -1.4000000E+01   -3.8469489E+00   -1.4000000E+01   -2.4394051E+00   -3.0000000E+01   -3.0303002E+00   -9.4148284E+00   -8.2586488E+00   -1.0394889E+01   -1.1983392E+01   -1.3255909E+01   -2.1434231E+01   -3.0525304E+01   -7.3816130E+00   -6.3761587E+00   -1.1146068E+01   -1.4347580E+01   -9.8773581E+00   -9.5778161E+00   -6.6018858E+00
    1.0710000E+01    7.0782386E+00   -7.0623201E+00   -3.9999999E+00   -3.8031423E+00   -3.8031347E+00   -4.1448826E+00   -1.2062819E+01   -3.8662779E+00   -3.6783610E+00   -3.4665729E+00   -6.4487517E+00   -9.5238841E+00   -1.8089775E+01   -1.4000000E+01   -1.4000000E+01   -3.8405405E+00   -1.4000000E+01   -2.4392257E+00   -3.0000000E+01   -3.0266858E+00   -9.4293488E+00   -8.2505704E+00   -1.0420499E+01   -1.1994731E+01   -1.3278229E+01   -2.1457224E+01   -3.0559415E+01   -7.3702424E+00   -6.3610355E+00   -1.1153935E+01   -1.4366564E+01   -9.8964526E+00   -9.5601440E+00   -6.5955846E+00
    1.0890000E+01    7.0894061E+00   -7.0734254E+00   -3.9999999E+00   -3.8003877E+00   -3.8005882E+00   -4.1403855E+00   -1.2098881E+01   -3.8705189E+00   -3.6860563E+00   -3.4666194E+00   -6.4487526E+00   -9.5460600E+00   -1.8122715E+01   -1.4000000E+01   -1.4000000E+01   -3.8343594E+00   -1.4000000E+01   -2.4390463E+00   -3.0000000E+01   -3.0231432E+00   -9.4435695E+00   -8.2424560E+00   -1.0445682E+01   -1.2005937E+01   -1.3300288E+01   -2.1479945E+01   -3.0593127E+01   -7.3590048E+00   -6.3461195E+00   -1.1161737E+01   -1.4385356E+01   -9.9153522E+00   -9.5427486E+00   -6.5894270E+00
    1.1070000E+01    7.1004190E+00   -7.0843772E+00   -3.9999999E+00   -3.7977038E+00   -3.7979637E+00   -4.1359599E+00   -1.2134305E+01   -3.8747789E+00   -3.6936649E+00   -3.4666661E+00   -6.4487535E+00   -9.5679282E+00   -1.8155200E+01   -1.4000000E+01   -1.4000000E+01   -3.8284591E+00   -1.4000000E+01   -2.4388670E+00   -3.0000000E+01   -3.0196698E+00   -9.4574535E+00   -8.2343143E+00   -1.0470376E+01   -1.2016986E+01   -1.3322043E+01   -2.1502350E+01   -3.0626371E+01   -7.3479230E+00   -6.3314305E+00   -1.1169450E+01   -1.4403909E+01   -9.9340091E+00   -9.5256465E+00   -6.5834070E+00
    1.1250000E+01    7.1112479E+00   -7.0951460E+00   -3.9999999E+00   -3.7950871E+00   -3.7952246E+00   -4.1315948E+00   -1.2168988E+01   -3.8790541E+00   -3.7011550E+00   -3.4667129E+00   -6.4487545E+00   -9.5894300E+00   -1.8187142E+01   -1.4000000E+01   -1.4000000E+01   -3.8228698E+00   -1.4000000E+01   -2.4386878E+00   -3.0000000E+01   -3.0162628E+00   -9.4709558E+00   -8.2261587E+00   -1.0494507E+01   -1.2027850E+01   -1.3343435E+01   -2.1524381E+01   -3.0659060E+01   -7.3370263E+00   -6.3169951E+00   -1.1177042E+01   -1.4422160E+01   -9.9523618E+00   -9.5088610E+00   -6.5775185E+00
    1.1430000E+01    7.1218553E+00   -7.1056942E+00   -3.9999999E+00   -3.7925343E+00   -3.7923551E+00   -4.1272740E+00   -1.2202797E+01   -3.8833406E+00   -3.7084862E+00   -3.4667600E+00   -6.4487554E+00   -9.6104903E+00   -1.8218428E+01   -1.4000000E+01   -1.4000000E+01   -3.8176003E+00   -1.4000000E+01   -2.4385086E+00   -3.0000000E+01   -3.0129195E+00   -9.4840207E+00   -8.2180088E+00   -1.0517983E+01   -1.2038491E+01   -1.3364387E+01   -2.1545961E+01   -3.0691082E+01   -7.3263521E+00   -6.3028480E+00   -1.1184473E+01   -1.4440031E+01   -9.9703327E+00   -9.4924236E+00   -6.5717556E+00
    1.1610000E+01    7.1321935E+00   -7.1159741E+00   -3.9999999E+00   -3.7900420E+00   -3.7893582E+00   -4.1229736E+00   -1.2235570E+01   -3.8876342E+00   -3.7156081E+00   -3.4668073E+00   -6.4487563E+00   -9.6310139E+00   -1.8248915E+01   -1.4000000E+01   -1.3999999E+01   -3.8126419E+00   -1.4000000E+01   -2.4383295E+00   -3.0000000E+01   -3.0096372E+00   -9.4965794E+00   -8.2098911E+00   -1.0540687E+01   -1.2048861E+01   -1.3384805E+01   -2.1566996E+01   -3.0722291E+01   -7.3159481E+00   -6.2890342E+00   -1.1191692E+01   -1.4457425E+01   -9.9878239E+00   -9.4763758E+00   -6.5661121E+00
    1.1790000E+01    7.1422026E+00   -7.1259258E+00   -3.9999999E+00   -3.7876067E+00   -3.7862506E+00   -4.1186586E+00   -1.2267100E+01   -3.8919305E+00   -3.7224580E+00   -3.4668548E+00   -6.4487572E+00   -9.6508808E+00   -1.8278423E+01   -1.4000000E+01   -1.3999611E+01   -3.8079749E+00   -1.4000000E+01   -2.4381505E+00   -3.0000000E+01   -3.0064130E+00   -9.5085464E+00   -8.2018400E+00   -1.0562473E+01   -1.2058901E+01   -1.3404569E+01   -2.1586979E+01   -3.0752124E+01   -7.3058744E+00   -6.2756106E+00   -1.1198637E+01   -1.4474219E+01   -1.0004713E+01   -9.4607713E+00   -6.5605816E+00
    1.1970000E+01    7.1518074E+00   -7.1354742E+00   -3.9999999E+00   -3.7852248E+00   -3.7830588E+00   -4.1142794E+00   -1.2297130E+01   -3.8962245E+00   -3.7289579E+00   -3.4669025E+00   -6.4487581E+00   -9.6699409E+00   -1.8306726E+01   -1.4000000E+01   -1.3889858E+01   -3.8035739E+00   -1.4000000E+01   -2.4379716E+00   -3.0000000E+01   -3.0032441E+00   -9.5198155E+00   -8.1938995E+00   -1.0583159E+01   -1.2068535E+01   -1.3423528E+01   -2.1496783E+01   -3.0671376E+01   -7.2962058E+00   -6.2626494E+00   -1.1205229E+01   -1.4490260E+01   -1.0020846E+01   -9.4456786E+00   -6.5551577E+00
    1.2150000E+01    7.1609145E+00   -7.1445258E+00   -3.9999999E+00   -3.7828923E+00   -3.7798144E+00   -4.1097668E+00   -1.2325343E+01   -3.9005110E+00   -3.7350110E+00   -3.4669503E+00   -6.4487590E+00   -9.6880076E+00   -1.8333545E+01   -1.4000000E+01   -1.2026806E+01   -3.7994131E+00   -1.4000000E+01   -2.4377927E+00   -3.0000000E+01   -3.0001271E+00   -9.5302550E+00   -8.1861248E+00   -1.0602521E+01   -1.2077671E+01   -1.3441496E+01   -1.9652286E+01   -2.8835832E+01   -7.2870360E+00   -6.2502409E+00   -1.1211373E+01   -1.4505357E+01   -1.0036034E+01   -9.4311841E+00   -6.5498333E+00
    1.2330000E+01    7.1694048E+00   -7.1529615E+00   -3.9999999E+00   -3.7806109E+00   -3.7765550E+00   -4.1050322E+00   -1.2351345E+01   -3.9047756E+00   -3.7404986E+00   -3.4669984E+00   -6.4487599E+00   -9.7048355E+00   -1.8358522E+01   -1.4000000E+01   -9.5232898E+00   -3.7954735E+00   -1.4000000E+01   -2.4376139E+00   -3.0000000E+01   -2.9970624E+00   -9.5397084E+00   -8.1785977E+00   -1.0620284E+01   -1.2086182E+01   -1.3458234E+01   -1.7166078E+01   -2.6357971E+01   -7.2784840E+00   -6.2385047E+00   -1.1216942E+01   -1.4519273E+01   -1.0050031E+01   -9.4174087E+00   -6.5446101E+00
    1.2510000E+01    7.1760118E+00   -7.1595329E+00   -3.9999999E+00   -3.7802156E+00   -3.7743223E+00   -4.1015402E+00   -1.2584092E+01   -3.9063462E+00   -3.7453060E+00   -3.4670467E+00   -6.4487605E+00   -9.4064921E+00   -1.8376295E+01   -1.4000000E+01   -7.0130593E+00   -3.7927956E+00   -1.4000000E+01   -2.4374352E+00   -3.0000000E+01   -2.9952223E+00   -9.7595246E+00   -8.3851998E+00   -1.0846589E+01   -1.1781345E+01   -1.3469565E+01   -1.4357818E+01   -2.3865956E+01   -7.2718367E+00   -6.2299391E+00   -1.0910345E+01   -1.4528922E+01   -9.7500010E+00   -9.4086060E+00   -6.5424550E+00
    1.2690000E+01    7.1826391E+00   -7.1661251E+00   -3.9999999E+00   -3.7798246E+00   -3.7721079E+00   -4.0979035E+00   -1.2608351E+01   -3.9079071E+00   -3.7501543E+00   -3.4670939E+00   -6.4487610E+00   -9.4184398E+00   -1.8395850E+01   -1.4000000E+01   -6.7127205E+00   -3.7902046E+00   -1.4000000E+01   -2.4372565E+00   -3.0000000E+01   -2.9934033E+00   -9.7708085E+00   -8.3832290E+00   -1.0864383E+01   -1.1786777E+01   -1.3482655E+01   -1.4069737E+01   -2.3585610E+01   -7.2651695E+00   -6.2213757E+00   -1.0914038E+01   -1.4540349E+01   -9.7602809E+00   -9.3998081E+00   -6.5403244E+00
    1.2870000E+01    7.1892633E+00   -7.1727145E+00   -3.9999999E+00   -3.7794380E+00   -3.7699216E+00   -4.0940873E+00   -1.2630768E+01   -3.9094717E+00   -3.7550189E+00   -3.4671396E+00   -6.4487616E+00   -9.4315878E+00   -1.8415408E+01   -1.4000000E+01   -6.5368749E+00   -3.7876994E+00   -1.4000000E+01   -2.4370780E+00   -3.0000000E+01   -2.9916043E+00   -9.7802525E+00   -8.3794247E+00   -1.0880335E+01   -1.1793411E+01   -1.3495749E+01   -1.3907345E+01   -2.3429755E+01   -7.2585061E+00   -6.2128371E+00   -1.0918951E+01   -1.4551799E+01   -9.7717791E+00   -9.3910371E+00   -6.5382171E+00
    1.3050000E+01    7.1958844E+00   -7.1793014E+00   -3.9999999E+00   -3.7790554E+00   -3.7677733E+00   -4.0900477E+00   -1.2653198E+01   -3.9110398E+00   -3.7598996E+00   -3.4671840E+00   -6.4487621E+00   -9.4447377E+00   -1.8434962E+01   -1.4000000E+01   -6.4120699E+00   -3.7852801E+00   -1.4000000E+01   -2.4368995E+00   -3.0000000E+01   -2.9898250E+00   -9.7897122E+00   -8.3756423E+00   -1.0896302E+01   -1.1800049E+01   -1.3508839E+01   -1.3795992E+01   -2.3324929E+01   -7.2518463E+00   -6.2043229E+00   -1.0923887E+01   -1.4563262E+01   -9.7832967E+00   -9.3822924E+00   -6.5361323E+00
    1.3230000E+01    7.2025023E+00   -7.1858856E+00   -3.9999999E+00   -3.7786766E+00   -3.7656721E+00   -4.0857346E+00   -1.2675667E+01   -3.9126113E+00   -3.7647959E+00   -3.4672269E+00   -6.4487627E+00   -9.4578831E+00   -1.8454510E+01   -1.4000000E+01   -6.3152487E+00   -3.7829491E+00   -1.4000000E+01   -2.4367210E+00   -3.0000000E+01   -2.9880651E+00   -9.7992123E+00   -8.3719066E+00   -1.0912308E+01   -1.1806683E+01   -1.3521925E+01   -1.3712613E+01   -2.3248075E+01   -7.2451903E+00   -6.1958331E+00   -1.0928837E+01   -1.4574738E+01   -9.7948270E+00   -9.3735736E+00   -6.5340697E+00
    1.3410000E+01    7.2091168E+00   -7.1924670E+00   -3.9999999E+00   -3.7783015E+00   -3.7636256E+00   -4.0810910E+00   -1.2698186E+01   -3.9141863E+00   -3.7697074E+00   -3.4672684E+00   -6.4487632E+00   -9.4710238E+00   -1.8474054E+01   -1.4000000E+01   -6.2361334E+00   -3.7807128E+00   -1.4000000E+01   -2.4365427E+00   -3.0000000E+01   -2.9863244E+00   -9.8087657E+00   -8.3682309E+00   -1.0928366E+01   -1.1813315E+01   -1.3535007E+01   -1.3646930E+01   -2.3188915E+01   -7.2385383E+00   -6.1873676E+00   -1.0933803E+01   -1.4586226E+01   -9.8063692E+00   -9.3648802E+00   -6.5320285E+00
    1.3590000E+01    7.2157276E+00   -7.1990453E+00   -3.9999999E+00   -3.7779297E+00   -3.7616371E+00   -4.0760535E+00   -1.2720770E+01   -3.9157645E+00   -3.7746332E+00   -3.4673085E+00   -6.4487638E+00   -9.4841589E+00   -1.8493593E+01   -1.4000000E+01   -6.1692394E+00   -3.7785839E+00   -1.4000000E+01   -2.4363644E+00   -3.0000000E+01   -2.9846024E+00   -9.8183858E+00   -8.3646294E+00   -1.0944489E+01   -1.1819942E+01   -1.3548084E+01   -1.3593457E+01   -2.3141964E+01   -7.2318907E+00   -6.1789267E+00   -1.0938782E+01   -1.4597726E+01   -9.8179220E+00   -9.3562121E+00   -6.5300082E+00
    1.3770000E+01    7.2223340E+00   -7.2056199E+00   -3.9999999E+00   -3.7775611E+00   -3.7597021E+00   -4.0705524E+00   -1.2743431E+01   -3.9173458E+00   -3.7795724E+00   -3.4673470E+00   -6.4487643E+00   -9.4972874E+00   -1.8513124E+01   -1.4000000E+01   -6.1112918E+00   -3.7765862E+00   -1.4000000E+01   -2.4361862E+00   -3.0000000E+01   -2.9828990E+00   -9.8280864E+00   -8.3611172E+00   -1.0960690E+01   -1.1826566E+01   -1.3561156E+01   -1.3548919E+01   -2.3103943E+01   -7.2252482E+00   -6.1705109E+00   -1.0943773E+01   -1.4609235E+01   -9.8294839E+00   -9.3475692E+00   -6.5280080E+00
    1.3950000E+01    7.2289351E+00   -7.2121899E+00   -3.9999999E+00   -3.7771953E+00   -3.7578026E+00   -4.0645120E+00   -1.2766180E+01   -3.9189302E+00   -3.7845237E+00   -3.4673842E+00   -6.4487648E+00   -9.5104076E+00   -1.8532645E+01   -1.4000000E+01   -6.0601778E+00   -3.7747598E+00   -1.4000000E+01   -2.4360081E+00   -3.0000000E+01   -2.9812138E+00   -9.8378805E+00   -8.3577090E+00   -1.0976981E+01   -1.1833184E+01   -1.3574220E+01   -1.3511200E+01   -2.3072738E+01   -7.2186118E+00   -6.1621210E+00   -1.0948776E+01   -1.4620753E+01   -9.8410527E+00   -9.3389520E+00   -6.5260272E+00
    1.4130000E+01    7.2355297E+00   -7.2187542E+00   -3.9999999E+00   -3.7768320E+00   -3.7559007E+00   -4.0578518E+00   -1.2789028E+01   -3.9205175E+00   -3.7894856E+00   -3.4674198E+00   -6.4487653E+00   -9.5235170E+00   -1.8552155E+01   -1.4000000E+01   -6.0144546E+00   -3.7731683E+00   -1.4000000E+01   -2.4358300E+00   -3.0000000E+01   -2.9795466E+00   -9.8477795E+00   -8.3544189E+00   -1.0993374E+01   -1.1839795E+01   -1.3587274E+01   -1.3478853E+01   -2.3046901E+01   -7.2119829E+00   -6.1537582E+00   -1.0953789E+01   -1.4632275E+01   -9.8526253E+00   -9.3303609E+00   -6.5240653E+00
    1.4310000E+01    7.2421159E+00   -7.2253109E+00   -3.9999999E+00   -3.7764710E+00   -3.7539333E+00   -4.0504881E+00   -1.2811979E+01   -3.9221077E+00   -3.7944559E+00   -3.4674539E+00   -6.4487658E+00   -9.5366122E+00   -1.8571646E+01   -1.4000000E+01   -5.9730931E+00   -3.7719045E+00   -1.4000000E+01   -2.4356520E+00   -3.0000000E+01   -2.9778970E+00   -9.8577923E+00   -8.3512592E+00   -1.1009875E+01   -1.1846398E+01   -1.3600315E+01   -1.3450847E+01   -2.3025398E+01   -7.2053632E+00   -6.1454242E+00   -1.0958809E+01   -1.4643798E+01   -9.8641978E+00   -9.3217972E+00   -6.5221214E+00
    1.4490000E+01    7.2486916E+00   -7.2318580E+00   -3.9999999E+00   -3.7761120E+00   -3.7518100E+00   -4.0423357E+00   -1.2835035E+01   -3.9237007E+00   -3.7994319E+00   -3.4674866E+00   -6.4487663E+00   -9.5496890E+00   -1.8591115E+01   -1.4000000E+01   -5.9353331E+00   -3.7710938E+00   -1.4000000E+01   -2.4354741E+00   -3.0000000E+01   -2.9762649E+00   -9.8679238E+00   -8.3482394E+00   -1.1026487E+01   -1.1852990E+01   -1.3613339E+01   -1.3426416E+01   -2.3007462E+01   -7.1987552E+00   -6.1371212E+00   -1.0963833E+01   -1.4655317E+01   -9.8757653E+00   -9.3132624E+00   -6.5201947E+00
    1.4670000E+01    7.2552536E+00   -7.2383925E+00   -3.9999999E+00   -3.7757545E+00   -3.7494151E+00   -4.0333108E+00   -1.2858191E+01   -3.9252964E+00   -3.8044104E+00   -3.4675177E+00   -6.4487668E+00   -9.5627414E+00   -1.8610551E+01   -1.4000000E+01   -5.9005976E+00   -3.7708926E+00   -1.4000000E+01   -2.4352963E+00   -3.0000000E+01   -2.9746499E+00   -9.8781748E+00   -8.3453663E+00   -1.1043208E+01   -1.1859568E+01   -1.3626341E+01   -1.3404976E+01   -2.2992506E+01   -7.1921618E+00   -6.1288523E+00   -1.0968859E+01   -1.4666826E+01   -9.8873213E+00   -9.3047588E+00   -6.5182846E+00
    1.4850000E+01    7.2617983E+00   -7.2449106E+00   -3.9999999E+00   -3.7753984E+00   -3.7466179E+00   -4.0233342E+00   -1.2881437E+01   -3.9268946E+00   -3.8093871E+00   -3.4675473E+00   -6.4487673E+00   -9.5757619E+00   -1.8629945E+01   -1.4000000E+01   -5.8684378E+00   -3.7714811E+00   -1.4000000E+01   -2.4351185E+00   -3.0000000E+01   -2.9730517E+00   -9.8885413E+00   -8.3426436E+00   -1.1060031E+01   -1.1866128E+01   -1.3639312E+01   -1.3386071E+01   -2.2980070E+01   -7.1855872E+00   -6.1206212E+00   -1.0973881E+01   -1.4678317E+01   -9.8988577E+00   -9.2962896E+00   -6.5163902E+00
    1.5030000E+01    7.2683206E+00   -7.2514076E+00   -3.9999999E+00   -3.7750432E+00   -3.7432884E+00   -4.0123343E+00   -1.2904754E+01   -3.9284952E+00   -3.8143567E+00   -3.4675754E+00   -6.4487677E+00   -9.5887410E+00   -1.8649283E+01   -1.4000000E+01   -5.8384979E+00   -3.7730503E+00   -1.4000000E+01   -2.4349408E+00   -3.0000000E+01   -2.9714702E+00   -9.8990147E+00   -8.3400724E+00   -1.1076942E+01   -1.1872665E+01   -1.3652244E+01   -1.3369334E+01   -2.2969783E+01   -7.1790361E+00   -6.1124328E+00   -1.0978894E+01   -1.4689780E+01   -9.9103642E+00   -9.2878589E+00   -6.5145108E+00
    1.5210000E+01    7.2748143E+00   -7.2578772E+00   -3.9999999E+00   -3.7746887E+00   -3.7393172E+00   -4.0002512E+00   -1.2928117E+01   -3.9300982E+00   -3.8193126E+00   -3.4676018E+00   -6.4487681E+00   -9.6016662E+00   -1.8668546E+01   -1.4000000E+01   -5.8104913E+00   -3.7757850E+00   -1.4000000E+01   -2.4347632E+00   -3.0000000E+01   -2.9699048E+00   -9.9095821E+00   -8.3376523E+00   -1.1093923E+01   -1.1879174E+01   -1.3665124E+01   -1.3354465E+01   -2.2961339E+01   -7.1725150E+00   -6.1042935E+00   -1.0983891E+01   -1.4701203E+01   -9.9218278E+00   -9.2794723E+00   -6.5126454E+00
    1.5390000E+01    7.2812715E+00   -7.2643117E+00   -3.9999999E+00   -3.7743343E+00   -3.7346367E+00   -3.9870404E+00   -1.2951496E+01   -3.9317034E+00   -3.8242465E+00   -3.4676268E+00   -6.4487685E+00   -9.6145221E+00   -1.8687711E+01   -1.4000000E+01   -5.7841833E+00   -3.7798452E+00   -1.4000000E+01   -2.4345857E+00   -3.0000000E+01   -2.9683555E+00   -9.9202267E+00   -8.3353824E+00   -1.1110949E+01   -1.1885645E+01   -1.3677937E+01   -1.3341214E+01   -2.2954480E+01   -7.1660319E+00   -6.0962109E+00   -1.0988864E+01   -1.4712568E+01   -9.9332324E+00   -9.2711369E+00   -6.5107932E+00
    1.5570000E+01    7.2876824E+00   -7.2707012E+00   -3.9999999E+00   -3.7739797E+00   -3.7292378E+00   -3.9726767E+00   -1.2974849E+01   -3.9333106E+00   -3.8291481E+00   -3.4676501E+00   -6.4487689E+00   -9.6272890E+00   -1.8706750E+01   -1.4000000E+01   -5.7593795E+00   -3.7853486E+00   -1.4000000E+01   -2.4344082E+00   -3.0000000E+01   -2.9668219E+00   -9.9309281E+00   -8.3332621E+00   -1.1127990E+01   -1.1892069E+01   -1.3690664E+01   -1.3329366E+01   -2.2948981E+01   -7.1595968E+00   -6.0881951E+00   -1.0993803E+01   -1.4723856E+01   -9.9445576E+00   -9.2628617E+00   -6.5089533E+00
    1.5750000E+01    7.2940345E+00   -7.2770334E+00   -3.9999999E+00   -3.7736243E+00   -3.7231785E+00   -3.9571572E+00   -1.2998129E+01   -3.9349198E+00   -3.8340045E+00   -3.4676719E+00   -6.4487693E+00   -9.6399421E+00   -1.8725626E+01   -1.4000000E+01   -5.7359174E+00   -3.7923570E+00   -1.4000000E+01   -2.4342308E+00   -3.0000000E+01   -2.9653035E+00   -9.9416622E+00   -8.3312920E+00   -1.1145009E+01   -1.1898433E+01   -1.3703279E+01   -1.3318733E+01   -2.2944643E+01   -7.1532221E+00   -6.0802583E+00   -1.0998694E+01   -1.4735042E+01   -9.9557781E+00   -9.2546583E+00   -6.5071247E+00
    1.5930000E+01    7.3003122E+00   -7.2832927E+00   -3.9999999E+00   -3.7732678E+00   -3.7165833E+00   -3.9405040E+00   -1.3021277E+01   -3.9365307E+00   -3.8387999E+00   -3.4676920E+00   -6.4487696E+00   -9.6524504E+00   -1.8744293E+01   -1.4000000E+01   -5.7136590E+00   -3.8008674E+00   -1.4000000E+01   -2.4340534E+00   -3.0000000E+01   -2.9638002E+00   -9.9524001E+00   -8.3294745E+00   -1.1161964E+01   -1.1904722E+01   -1.3715753E+01   -1.3309146E+01   -2.2941280E+01   -7.1469235E+00   -6.0724159E+00   -1.1003522E+01   -1.4746094E+01   -9.9668623E+00   -9.2465414E+00   -6.5053064E+00
    1.6110000E+01    7.3064961E+00   -7.2894598E+00   -3.9999999E+00   -3.7729095E+00   -3.7096326E+00   -3.9227659E+00   -1.3044219E+01   -3.9381431E+00   -3.8435142E+00   -3.4677106E+00   -6.4487699E+00   -9.6647753E+00   -1.8762692E+01   -1.4000000E+01   -5.6924868E+00   -3.8108087E+00   -1.4000000E+01   -2.4338762E+00   -3.0000000E+01   -2.9623114E+00   -9.9631074E+00   -8.3278140E+00   -1.1178799E+01   -1.1910917E+01   -1.3728046E+01   -1.3300447E+01   -2.2938717E+01   -7.1407205E+00   -6.0646870E+00   -1.1008265E+01   -1.4756973E+01   -9.9777708E+00   -9.2385293E+00   -6.5034974E+00
    1.6290000E+01    7.3125621E+00   -7.2955106E+00   -3.9999999E+00   -3.7725490E+00   -3.7025451E+00   -3.9040189E+00   -1.3066864E+01   -3.9397569E+00   -3.8481230E+00   -3.4677275E+00   -6.4487702E+00   -9.6768686E+00   -1.8780752E+01   -1.4000000E+01   -5.6722998E+00   -3.8220449E+00   -1.4000000E+01   -2.4336990E+00   -3.0000000E+01   -2.9608368E+00   -9.9737420E+00   -8.3263166E+00   -1.1195449E+01   -1.1916992E+01   -1.3740110E+01   -1.3292488E+01   -2.2936779E+01   -7.1346372E+00   -6.0570956E+00   -1.1012901E+01   -1.4767631E+01   -9.9884551E+00   -9.2306453E+00   -6.5016969E+00
    1.6470000E+01    7.3184802E+00   -7.3014150E+00   -3.9999999E+00   -3.7721858E+00   -3.6955566E+00   -3.8843655E+00   -1.3089102E+01   -3.9413718E+00   -3.8525958E+00   -3.4677428E+00   -6.4487704E+00   -9.6886702E+00   -1.8798383E+01   -1.4000000E+01   -5.6530102E+00   -3.8343821E+00   -1.4000000E+01   -2.4335219E+00   -3.0000000E+01   -2.9593759E+00   -9.9842519E+00   -8.3249902E+00   -1.1211831E+01   -1.1922919E+01   -1.3751885E+01   -1.3285121E+01   -2.2935290E+01   -7.1287036E+00   -6.0496711E+00   -1.1017398E+01   -1.4778006E+01   -9.9988546E+00   -9.2229185E+00   -6.4999037E+00
    1.6650000E+01    7.3242132E+00   -7.3071359E+00   -3.9999999E+00   -3.7718196E+00   -3.6888989E+00   -3.8639328E+00   -1.3110792E+01   -3.9429874E+00   -3.8568950E+00   -3.4677564E+00   -6.4487707E+00   -9.7001058E+00   -1.8815472E+01   -1.4000000E+01   -5.6345416E+00   -3.8475808E+00   -1.4000000E+01   -2.4333448E+00   -3.0000000E+01   -2.9579282E+00   -9.9945723E+00   -8.3238446E+00   -1.1227844E+01   -1.1928661E+01   -1.3763297E+01   -1.3278195E+01   -2.2934062E+01   -7.1229568E+00   -6.0424499E+00   -1.1021719E+01   -1.4788024E+01   -1.0008895E+01   -9.2153851E+00   -6.4981172E+00
    1.6830000E+01    7.3297152E+00   -7.3126273E+00   -3.9999999E+00   -3.7714499E+00   -3.6827815E+00   -3.8428691E+00   -1.3131762E+01   -3.9446036E+00   -3.8609740E+00   -3.4677683E+00   -6.4487709E+00   -9.7110836E+00   -1.8831882E+01   -1.4000000E+01   -5.6168270E+00   -3.8613709E+00   -1.4000000E+01   -2.4331679E+00   -3.0000000E+01   -2.9564931E+00   -1.0004622E+01   -8.3228907E+00   -1.1243361E+01   -1.1934170E+01   -1.3774254E+01   -1.3271552E+01   -2.2932889E+01   -7.1174427E+00   -6.0354773E+00   -1.1025818E+01   -1.4797593E+01   -1.0018483E+01   -9.2080902E+00   -6.4963364E+00
    1.7010000E+01    7.3349297E+00   -7.3178325E+00   -3.9999999E+00   -3.7710765E+00   -3.6773775E+00   -3.8213403E+00   -1.3151797E+01   -3.9462198E+00   -3.8647758E+00   -3.4677786E+00   -6.4487710E+00   -9.7214902E+00   -1.8847442E+01   -1.4000000E+01   -5.5998071E+00   -3.8754686E+00   -1.4000000E+01   -2.4329910E+00   -3.0000000E+01   -2.9550699E+00   -1.0014302E+01   -8.3221411E+00   -1.1258224E+01   -1.1939392E+01   -1.3784642E+01   -1.3265020E+01   -2.2931544E+01   -7.1122177E+00   -6.0288088E+00   -1.1029637E+01   -1.4806599E+01   -1.0027506E+01   -9.2010895E+00   -6.4945608E+00
    1.7190000E+01    7.3397871E+00   -7.3226820E+00   -3.9999999E+00   -3.7706995E+00   -3.6728153E+00   -3.7995247E+00   -1.3170633E+01   -3.9478356E+00   -3.8682302E+00   -3.4677872E+00   -6.4487712E+00   -9.7311863E+00   -1.8861942E+01   -1.4000000E+01   -5.5834294E+00   -3.8895941E+00   -1.4000000E+01   -2.4328141E+00   -3.0000000E+01   -2.9536578E+00   -1.0023486E+01   -8.3216103E+00   -1.1272238E+01   -1.1944256E+01   -1.3794321E+01   -1.3258409E+01   -2.2929766E+01   -7.1073512E+00   -6.0225126E+00   -1.1033107E+01   -1.4814902E+01   -1.0035825E+01   -9.1944519E+00   -6.4927897E+00
    1.7370000E+01    7.3442023E+00   -7.3270903E+00   -3.9999999E+00   -3.7703188E+00   -3.6691748E+00   -3.7776075E+00   -1.3187944E+01   -3.9494506E+00   -3.8712513E+00   -3.4677942E+00   -6.4487713E+00   -9.7400016E+00   -1.8875125E+01   -1.4000000E+01   -5.5676472E+00   -3.9034880E+00   -1.4000000E+01   -2.4326374E+00   -3.0000000E+01   -2.9522558E+00   -1.0032021E+01   -8.3213152E+00   -1.1285166E+01   -1.1948678E+01   -1.3803121E+01   -1.3251503E+01   -2.2927253E+01   -7.1029282E+00   -6.0166724E+00   -1.1036143E+01   -1.4822330E+01   -1.0043268E+01   -9.1882618E+00   -6.4910227E+00
    1.7550000E+01    7.3480716E+00   -7.3309536E+00   -3.9999999E+00   -3.7699348E+00   -3.6664872E+00   -3.7557755E+00   -1.3203335E+01   -3.9510639E+00   -3.8737346E+00   -3.4677994E+00   -6.4487714E+00   -9.7477282E+00   -1.8886679E+01   -1.4000000E+01   -5.5524187E+00   -3.9169243E+00   -1.4000000E+01   -2.4324607E+00   -3.0000000E+01   -2.9508629E+00   -1.0039721E+01   -8.3212766E+00   -1.1296715E+01   -1.1952554E+01   -1.3810833E+01   -1.3244054E+01   -2.2923653E+01   -7.0990521E+00   -6.0113902E+00   -1.1038640E+01   -1.4828676E+01   -1.0049627E+01   -9.1826223E+00   -6.4892593E+00
    1.7730000E+01    7.3512691E+00   -7.3341457E+00   -3.9999999E+00   -3.7695476E+00   -3.6647391E+00   -3.7342117E+00   -1.3216326E+01   -3.9526750E+00   -3.8755530E+00   -3.4678029E+00   -6.4487715E+00   -9.7541140E+00   -1.8896223E+01   -1.4000000E+01   -5.5377063E+00   -3.9297205E+00   -1.4000000E+01   -2.4322841E+00   -3.0000000E+01   -2.9494778E+00   -1.0046360E+01   -8.3215210E+00   -1.1306534E+01   -1.1955760E+01   -1.3817204E+01   -1.3235775E+01   -2.2918551E+01   -7.0958485E+00   -6.0067898E+00   -1.1040472E+01   -1.4833686E+01   -1.0054651E+01   -9.1776586E+00   -6.4874991E+00
    1.7910000E+01    7.3536389E+00   -7.3365106E+00   -3.9999999E+00   -3.7691591E+00   -3.6638759E+00   -3.7131545E+00   -1.3226324E+01   -3.9542779E+00   -3.8765538E+00   -3.4678047E+00   -6.4487716E+00   -9.7588469E+00   -1.8903288E+01   -1.4000000E+01   -5.5235190E+00   -3.9417113E+00   -1.4000000E+01   -2.4321081E+00   -3.0000000E+01   -2.9481031E+00   -1.0051658E+01   -8.3220787E+00   -1.1314185E+01   -1.1958138E+01   -1.3821921E+01   -1.3226364E+01   -2.2911490E+01   -7.0934732E+00   -6.0030289E+00   -1.1041487E+01   -1.4837051E+01   -1.0058030E+01   -9.1735311E+00   -6.4857471E+00
