# Time          5.0000E+01
# Units: Log10 mol/kgw
    Distance      pH               H+               Li+              Na+              Ca++             K+               Al+++            SiO2(aq)         CO2(aq)          O2(aq)           Methane(aq)      Fe++             Fe+++            HS-              SO4--            Mg++             Cl-              CH2O             Tracer           HCO3-            Al(OH)2+         AlO2-            AlOH++           FeOH+            FeOH++           FeSO4(aq)        FeSO4+           OH-              CO3--            FeCO3(aq)        FeCO3+           FeHCO3+          NaCO3-           NaHCO3(aq)   
    9.0000000E-02    5.8605839E+00   -5.8529269E+00   -3.9999999E+00   -4.6513460E+00   -4.8625570E+00   -4.9278738E+00   -7.1998435E+00   -4.4288504E+00   -2.9682931E+00   -3.4711442E+00   -6.4486776E+00   -7.1305370E+00   -1.4395023E+01   -1.4000000E+01   -1.4000004E+01   -5.0457822E+00   -1.4000000E+01   -4.5714930E+00   -3.0000000E+01   -3.5433137E+00   -6.9359627E+00   -8.1924937E+00   -6.7361151E+00   -1.0793225E+01   -1.0762068E+01   -1.8993139E+01   -2.6763060E+01   -8.5969129E+00   -8.1219747E+00   -1.0451072E+01   -1.2331431E+01   -7.9849766E+00   -1.2133687E+01   -7.9424322E+00
    2.7000000E-01    5.9213318E+00   -5.9126130E+00   -3.9999999E+00   -4.4157001E+00   -4.6061428E+00   -4.6474849E+00   -7.6651762E+00   -4.1696548E+00   -2.9440799E+00   -3.4842244E+00   -6.4486846E+00   -7.0836744E+00   -1.4683896E+01   -1.4000000E+01   -1.4000005E+01   -4.7898257E+00   -1.4000000E+01   -5.8120631E+00   -3.0000000E+01   -3.4572233E+00   -7.2882602E+00   -8.4232955E+00   -7.1458119E+00   -1.0688891E+01   -1.0995305E+01   -1.8955176E+01   -2.7064888E+01   -8.5350376E+00   -7.9717880E+00   -1.0262898E+01   -1.2483048E+01   -7.8564206E+00   -1.1752325E+01   -7.6229465E+00
    4.5000000E-01    5.9641763E+00   -5.9545858E+00   -3.9999999E+00   -4.2756497E+00   -4.4609695E+00   -4.4516753E+00   -7.9568290E+00   -4.0288539E+00   -2.9195103E+00   -3.4976634E+00   -6.4486911E+00   -7.1020884E+00   -1.4804375E+01   -1.4000000E+01   -1.4000004E+01   -4.6472019E+00   -1.4000000E+01   -6.6017072E+00   -3.0000000E+01   -3.3888751E+00   -7.5011668E+00   -8.5505130E+00   -7.3987973E+00   -1.0667158E+01   -1.1077116E+01   -1.8980937E+01   -2.7196025E+01   -8.4912607E+00   -7.8578294E+00   -1.0174678E+01   -1.2500204E+01   -7.8101113E+00   -1.1502008E+01   -7.4164085E+00
    6.3000000E-01    5.9947480E+00   -5.9844056E+00   -3.9999999E+00   -4.1762283E+00   -4.3583658E+00   -4.3123053E+00   -8.1603302E+00   -3.9354978E+00   -2.8941451E+00   -3.5115549E+00   -6.4486972E+00   -7.1359555E+00   -1.4889256E+01   -1.4000000E+01   -1.4000004E+01   -4.5469441E+00   -1.4000000E+01   -6.7269188E+00   -3.0000000E+01   -3.3321273E+00   -7.6495107E+00   -8.6377133E+00   -7.5753152E+00   -1.0672788E+01   -1.1135014E+01   -1.9021172E+01   -2.7290114E+01   -8.4598799E+00   -7.7681122E+00   -1.0125174E+01   -1.2504555E+01   -7.7903685E+00   -1.1316071E+01   -7.2618538E+00
    8.1000000E-01    6.0166285E+00   -6.0056151E+00   -3.9999999E+00   -4.0990126E+00   -4.2773244E+00   -4.2095136E+00   -8.3102149E+00   -3.8673342E+00   -2.8680792E+00   -3.5259321E+00   -6.4487031E+00   -7.1665965E+00   -1.4948847E+01   -1.4000000E+01   -1.4000004E+01   -4.4678753E+00   -1.4000000E+01   -6.7211792E+00   -3.0000000E+01   -3.2834532E+00   -7.7609747E+00   -8.7054164E+00   -7.7065103E+00   -1.0683637E+01   -1.1175915E+01   -1.9057519E+01   -2.7357936E+01   -8.4372735E+00   -7.6954082E+00   -1.0088797E+01   -1.2499652E+01   -7.7751442E+00   -1.1169021E+01   -7.1374123E+00
    9.9000000E-01    6.0320896E+00   -6.0204632E+00   -3.9999999E+00   -4.0356447E+00   -4.2092538E+00   -4.1306660E+00   -8.4228264E+00   -3.8143246E+00   -2.8414149E+00   -3.5408283E+00   -6.4487089E+00   -7.1878521E+00   -1.4989716E+01   -1.4000000E+01   -1.4000003E+01   -4.4014301E+00   -1.4000000E+01   -6.7066860E+00   -3.0000000E+01   -3.2406596E+00   -7.8475418E+00   -8.7610613E+00   -7.8065667E+00   -1.0691343E+01   -1.1204230E+01   -1.9084008E+01   -2.7406337E+01   -8.4211460E+00   -7.6351818E+00   -1.0055040E+01   -1.2487806E+01   -7.7561798E+00   -1.1048060E+01   -7.0325803E+00
    1.1700000E+00    6.0426066E+00   -6.0304112E+00   -3.9999999E+00   -3.9816527E+00   -4.1500225E+00   -4.0681117E+00   -8.5085074E+00   -3.7714033E+00   -2.8142400E+00   -3.5562802E+00   -6.4487146E+00   -7.1989119E+00   -1.5016150E+01   -1.4000000E+01   -1.4000003E+01   -4.3435234E+00   -1.4000000E+01   -6.6912100E+00   -3.0000000E+01   -3.2023448E+00   -7.9167148E+00   -8.8092004E+00   -7.8844197E+00   -1.0693665E+01   -1.1222836E+01   -1.9099943E+01   -2.7439770E+01   -8.4100076E+00   -7.5845130E+00   -1.0020286E+01   -1.2470550E+01   -7.7313194E+00   -1.0945852E+01   -6.9415128E+00
    1.3500000E+00    6.0492092E+00   -6.0364796E+00   -3.9999999E+00   -3.9343799E+00   -4.0973433E+00   -4.0169708E+00   -8.5734310E+00   -3.7355850E+00   -2.7866305E+00   -3.5723292E+00   -6.4487203E+00   -7.2008757E+00   -1.5031152E+01   -1.4000000E+01   -1.4000003E+01   -4.2919161E+00   -1.4000000E+01   -6.6751357E+00   -3.0000000E+01   -3.1675451E+00   -7.9726812E+00   -8.8519616E+00   -7.9452582E+00   -1.0690699E+01   -1.1233752E+01   -1.9106498E+01   -2.7461350E+01   -8.4028193E+00   -7.5413802E+00   -9.9836883E+00   -1.2448978E+01   -7.7007373E+00   -1.0857758E+01   -6.8606087E+00
    1.5300000E+00    6.0526451E+00   -6.0394096E+00   -3.9999999E+00   -3.8921280E+00   -4.0497866E+00   -3.9740774E+00   -8.6218574E+00   -3.7049708E+00   -2.7586520E+00   -3.5890213E+00   -6.4487260E+00   -7.1952258E+00   -1.5036905E+01   -1.4000000E+01   -1.4000003E+01   -4.2452212E+00   -1.4000000E+01   -6.6584389E+00   -3.0000000E+01   -3.1355720E+00   -8.0182577E+00   -8.8906663E+00   -7.9926262E+00   -1.0683200E+01   -1.1238447E+01   -1.9105210E+01   -2.7473341E+01   -8.3988264E+00   -7.5043268E+00   -9.9453274E+00   -1.2423896E+01   -7.6652536E+00   -1.0780649E+01   -6.7874944E+00
    1.7100000E+00    6.0534747E+00   -6.0397567E+00   -3.9999999E+00   -3.8537498E+00   -4.0063729E+00   -3.9373291E+00   -8.6568797E+00   -3.6782820E+00   -2.7303617E+00   -3.6064085E+00   -6.4487317E+00   -7.1832943E+00   -1.5035048E+01   -1.4000000E+01   -1.4000003E+01   -4.2024950E+00   -1.4000000E+01   -6.6410675E+00   -3.0000000E+01   -3.1059172E+00   -8.0554557E+00   -8.9262051E+00   -8.0290806E+00   -1.0671955E+01   -1.1238022E+01   -1.9097451E+01   -2.7477440E+01   -8.3974637E+00   -7.4722693E+00   -9.9054911E+00   -1.2395918E+01   -7.6257119E+00   -1.0712315E+01   -6.7205246E+00
    1.8900000E+00    6.0521328E+00   -6.0379521E+00   -3.9999999E+00   -3.8184047E+00   -3.9663792E+00   -3.9053717E+00   -8.6808812E+00   -3.6545832E+00   -2.7018095E+00   -3.6245495E+00   -6.4487374E+00   -7.1661906E+00   -1.5026853E+01   -1.4000000E+01   -1.4000003E+01   -4.1630040E+00   -1.4000000E+01   -6.6192582E+00   -3.0000000E+01   -3.0781916E+00   -8.0858189E+00   -8.9592520E+00   -8.0565882E+00   -1.0657651E+01   -1.1233333E+01   -1.9084361E+01   -2.7474965E+01   -8.3982922E+00   -7.4443718E+00   -9.8644843E+00   -1.2365526E+01   -7.5828481E+00   -1.0651094E+01   -6.6584775E+00
    2.0700000E+00    6.0507835E+00   -6.0361062E+00   -3.9999999E+00   -3.7718209E+00   -3.9263246E+00   -3.9125570E+00   -8.6204519E+00   -3.6162802E+00   -2.6732182E+00   -3.6433875E+00   -6.4487440E+00   -7.1800135E+00   -1.5018618E+01   -1.4000000E+01   -1.4000003E+01   -4.1062936E+00   -1.4000000E+01   -4.8606900E+00   -3.0000000E+01   -3.0503949E+00   -8.0320336E+00   -8.9081655E+00   -7.9998244E+00   -1.0674389E+01   -1.1228763E+01   -1.9102503E+01   -2.7472873E+01   -8.3990887E+00   -7.4162953E+00   -9.8545280E+00   -1.2335336E+01   -7.5709876E+00   -1.0578610E+01   -6.5851990E+00
    2.2500000E+00    6.0497416E+00   -6.0345898E+00   -3.9999999E+00   -3.7297219E+00   -3.8896189E+00   -3.9202841E+00   -8.6562535E+00   -3.5829831E+00   -2.6466563E+00   -3.6622966E+00   -6.4487505E+00   -7.1747674E+00   -1.5011246E+01   -1.4000000E+01   -1.4000003E+01   -4.0563205E+00   -1.4000000E+01   -4.8133990E+00   -3.0000000E+01   -3.0243425E+00   -8.0736885E+00   -8.9519040E+00   -8.0388757E+00   -1.0671684E+01   -1.1224642E+01   -1.9101396E+01   -2.7471379E+01   -8.3996003E+00   -7.3897228E+00   -9.8268276E+00   -1.2307248E+01   -7.5417131E+00   -1.0512026E+01   -6.5181048E+00
    2.4300000E+00    6.0489557E+00   -6.0333490E+00   -3.9999999E+00   -3.6913424E+00   -3.8557499E+00   -3.9285158E+00   -8.6881893E+00   -3.5537289E+00   -2.6218664E+00   -3.6813336E+00   -6.4487571E+00   -7.1612822E+00   -1.5004793E+01   -1.4000000E+01   -1.4000003E+01   -4.0116508E+00   -1.4000000E+01   -4.7923956E+00   -3.0000000E+01   -2.9998263E+00   -8.1108092E+00   -8.9905966E+00   -8.0737087E+00   -1.0660424E+01   -1.1221086E+01   -1.9091891E+01   -2.7470567E+01   -8.3998761E+00   -7.3644910E+00   -9.7920688E+00   -1.2281183E+01   -7.5056561E+00   -1.0450421E+01   -6.4562262E+00
    2.6100000E+00    6.0484131E+00   -6.0323692E+00   -3.9999999E+00   -3.6561007E+00   -3.8243156E+00   -3.9372239E+00   -8.7169320E+00   -3.5278149E+00   -2.5986691E+00   -3.7004714E+00   -6.4487636E+00   -7.1444105E+00   -1.4999220E+01   -1.4000000E+01   -1.4000003E+01   -3.9712658E+00   -1.4000000E+01   -4.7731173E+00   -3.0000000E+01   -2.9766775E+00   -8.1441083E+00   -9.0249810E+00   -8.1050179E+00   -1.0645481E+01   -1.1218079E+01   -1.9078854E+01   -2.7470420E+01   -8.3999267E+00   -7.3404375E+00   -9.7549572E+00   -1.2256961E+01   -7.4675078E+00   -1.0393059E+01   -6.3988163E+00
    2.7900000E+00    6.0480971E+00   -6.0316322E+00   -3.9999999E+00   -3.6235434E+00   -3.7949945E+00   -3.9463861E+00   -8.7430235E+00   -3.5047062E+00   -2.5769068E+00   -3.7196819E+00   -6.4487702E+00   -7.1262606E+00   -1.4994466E+01   -1.4000000E+01   -1.4000004E+01   -3.9344144E+00   -1.4000000E+01   -4.7539106E+00   -3.0000000E+01   -2.9547538E+00   -8.1741743E+00   -9.0556789E+00   -8.1333701E+00   -1.0628984E+01   -1.1215586E+01   -1.9064407E+01   -2.7470898E+01   -8.3997673E+00   -7.3174320E+00   -9.7174836E+00   -1.2234412E+01   -7.4292407E+00   -1.0339364E+01   -6.3452827E+00
    2.9700000E+00    6.0479942E+00   -6.0311231E+00   -3.9999999E+00   -3.5933100E+00   -3.7675250E+00   -3.9559845E+00   -8.7668914E+00   -3.4839869E+00   -2.5564467E+00   -3.7389331E+00   -6.4487767E+00   -7.1077554E+00   -1.4990483E+01   -1.4000000E+01   -1.4000004E+01   -3.9005274E+00   -1.4000000E+01   -4.7346820E+00   -3.0000000E+01   -2.9339343E+00   -8.2014727E+00   -9.0831831E+00   -8.1592132E+00   -1.0611873E+01   -1.1213578E+01   -1.9049484E+01   -2.7471967E+01   -8.3994100E+00   -7.2953630E+00   -9.6804705E+00   -1.2213392E+01   -7.3916625E+00   -1.0288869E+01   -6.2951469E+00
    3.1500000E+00    6.0480941E+00   -6.0308304E+00   -3.9999999E+00   -3.5651093E+00   -3.7416918E+00   -3.9660053E+00   -8.7888820E+00   -3.4653269E+00   -2.5371763E+00   -3.7581878E+00   -6.4487833E+00   -7.0893116E+00   -1.4987229E+01   -1.4000000E+01   -1.4000004E+01   -3.8691630E+00   -1.4000000E+01   -4.7154574E+00   -3.0000000E+01   -2.9141157E+00   -8.2263798E+00   -9.1078904E+00   -8.1829097E+00   -1.0594579E+01   -1.1212030E+01   -1.9034511E+01   -2.7473603E+01   -8.3988639E+00   -7.2741338E+00   -9.6442477E+00   -1.2193777E+01   -7.3550912E+00   -1.0241191E+01   -6.2480169E+00
    3.3300000E+00    6.0483892E+00   -6.0307454E+00   -3.9999999E+00   -3.5387028E+00   -3.7173155E+00   -3.9764381E+00   -8.8092808E+00   -3.4484604E+00   -2.5190001E+00   -3.7774040E+00   -6.4487898E+00   -7.0711287E+00   -1.4984674E+01   -1.4000000E+01   -1.4000004E+01   -3.8399718E+00   -1.4000000E+01   -4.6962764E+00   -3.0000000E+01   -2.8952089E+00   -8.2492046E+00   -9.1301250E+00   -8.2047577E+00   -1.0577313E+01   -1.1210924E+01   -1.9019697E+01   -2.7475784E+01   -8.3981356E+00   -7.2536601E+00   -9.6089382E+00   -1.2175464E+01   -7.3196415E+00   -1.0196010E+01   -6.2035669E+00
    3.5100000E+00    6.0488741E+00   -6.0308619E+00   -3.9999999E+00   -3.5138924E+00   -3.6942448E+00   -3.9872752E+00   -8.8283272E+00   -3.4331699E+00   -2.5018361E+00   -3.7965337E+00   -6.4487964E+00   -7.0533132E+00   -1.4982793E+01   -1.4000000E+01   -1.4000004E+01   -3.8126725E+00   -1.4000000E+01   -4.6771851E+00   -3.0000000E+01   -2.8771367E+00   -8.2702044E+00   -9.1501549E+00   -8.2250065E+00   -1.0560189E+01   -1.1210245E+01   -1.9005153E+01   -2.7478499E+01   -8.3972294E+00   -7.2338670E+00   -9.5745812E+00   -1.2158365E+01   -7.2853460E+00   -1.0153059E+01   -6.1615236E+00
    3.6900000E+00    6.0495455E+00   -6.0311757E+00   -3.9999999E+00   -3.4905119E+00   -3.6723514E+00   -3.9985112E+00   -8.8462255E+00   -3.4192758E+00   -2.4856144E+00   -3.8155228E+00   -6.4488029E+00   -7.0359323E+00   -1.4981568E+01   -1.4000000E+01   -1.4000004E+01   -3.7870355E+00   -1.4000000E+01   -4.6582357E+00   -3.0000000E+01   -2.8598315E+00   -8.2895965E+00   -9.1682043E+00   -8.2438676E+00   -1.0543280E+01   -1.1209983E+01   -1.8990956E+01   -2.7481739E+01   -8.3961482E+00   -7.2146881E+00   -9.5411838E+00   -1.2142405E+01   -7.2522079E+00   -1.0112107E+01   -6.1216547E+00
    3.8700000E+00    6.0504016E+00   -6.0316844E+00   -3.9999999E+00   -3.4684207E+00   -3.6515252E+00   -4.0101430E+00   -8.8631521E+00   -3.4066280E+00   -2.4702746E+00   -3.8343103E+00   -6.4488095E+00   -7.0190389E+00   -1.4980989E+01   -1.4000000E+01   -1.4000004E+01   -3.7628710E+00   -1.4000000E+01   -4.6394867E+00   -3.0000000E+01   -2.8432341E+00   -8.3075664E+00   -9.1844619E+00   -8.2615227E+00   -1.0526643E+01   -1.1210133E+01   -1.8977161E+01   -2.7485501E+01   -8.3948927E+00   -7.1960636E+00   -9.5087447E+00   -1.2127522E+01   -7.2202234E+00   -1.0072956E+01   -6.0837618E+00
    4.0500000E+00    6.0514424E+00   -6.0323874E+00   -3.9999999E+00   -3.4474986E+00   -3.6316711E+00   -4.0221692E+00   -8.8792622E+00   -3.3950997E+00   -2.4557650E+00   -3.8528285E+00   -6.4488160E+00   -7.0026820E+00   -1.4981050E+01   -1.4000000E+01   -1.4000005E+01   -3.7400203E+00   -1.4000000E+01   -4.6210036E+00   -3.0000000E+01   -2.8272921E+00   -8.3242742E+00   -9.1990882E+00   -8.2781301E+00   -1.0510328E+01   -1.1210691E+01   -1.8963825E+01   -2.7489787E+01   -8.3934625E+00   -7.1779395E+00   -9.4772637E+00   -1.2113664E+01   -7.1893916E+00   -1.0035435E+01   -6.0476736E+00
    4.2300000E+00    6.0526693E+00   -6.0332854E+00   -3.9999999E+00   -3.4276421E+00   -3.6127067E+00   -4.0345902E+00   -8.8946940E+00   -3.3845832E+00   -2.4420411E+00   -3.8710024E+00   -6.4488225E+00   -6.9869124E+00   -1.4981750E+01   -1.4000000E+01   -1.4000005E+01   -3.7183493E+00   -1.4000000E+01   -4.6028588E+00   -3.0000000E+01   -2.8119590E+00   -8.3398599E+00   -9.2122201E+00   -8.2938293E+00   -1.0494387E+01   -1.1211658E+01   -1.8951001E+01   -2.7494603E+01   -8.3918555E+00   -7.1602663E+00   -9.4467467E+00   -1.2100786E+01   -7.1597192E+00   -9.9993938E+00   -6.0132412E+00
    4.4100000E+00    6.0540850E+00   -6.0343808E+00   -3.9999999E+00   -3.4087617E+00   -3.5945598E+00   -4.0474077E+00   -8.9095722E+00   -3.3749864E+00   -2.4290647E+00   -3.8887493E+00   -6.4488290E+00   -6.9717849E+00   -1.4983092E+01   -1.4000000E+01   -1.4000005E+01   -3.6977440E+00   -1.4000000E+01   -4.5851316E+00   -3.0000000E+01   -2.7971936E+00   -8.3544466E+00   -9.2239754E+00   -8.3087448E+00   -1.0478873E+01   -1.1213038E+01   -1.8938750E+01   -2.7499958E+01   -8.3900687E+00   -7.1429984E+00   -9.4172068E+00   -1.2088853E+01   -7.1312216E+00   -9.9646984E+00   -5.9803348E+00
    4.5900000E+00    6.0556935E+00   -6.0356771E+00   -3.9999999E+00   -3.3907791E+00   -3.5771669E+00   -4.0606249E+00   -8.9240113E+00   -3.3662299E+00   -2.4168036E+00   -3.9059797E+00   -6.4488356E+00   -6.9573600E+00   -1.4985085E+01   -1.4000000E+01   -1.4000005E+01   -3.6781064E+00   -1.4000000E+01   -4.5679088E+00   -3.0000000E+01   -2.7829589E+00   -8.3681440E+00   -9.2344557E+00   -8.3229890E+00   -1.0463844E+01   -1.1214836E+01   -1.8927133E+01   -2.7505866E+01   -8.3880974E+00   -7.1260934E+00   -9.3886657E+00   -1.2077836E+01   -7.1039241E+00   -9.9312302E+00   -5.9488402E+00
    4.7700000E+00    6.0575004E+00   -6.0371794E+00   -3.9999999E+00   -3.3736259E+00   -3.5604721E+00   -4.0742461E+00   -8.9381174E+00   -3.3582450E+00   -2.4052303E+00   -3.9225967E+00   -6.4488421E+00   -6.9437041E+00   -1.4987742E+01   -1.4000000E+01   -1.4000005E+01   -3.6593518E+00   -1.4000000E+01   -4.5512836E+00   -3.0000000E+01   -2.7692218E+00   -8.3810507E+00   -9.2437486E+00   -8.3366649E+00   -1.0449362E+01   -1.1217063E+01   -1.8916223E+01   -2.7512344E+01   -8.3859358E+00   -7.1095116E+00   -9.3611533E+00   -1.2067713E+01   -7.0778617E+00   -9.8988826E+00   -5.9186564E+00
    4.9500000E+00    6.0595123E+00   -6.0388941E+00   -3.9999999E+00   -3.3572418E+00   -3.5444257E+00   -4.0882769E+00   -8.9519906E+00   -3.3509720E+00   -2.3943220E+00   -3.9384972E+00   -6.4488486E+00   -6.9308906E+00   -1.4991079E+01   -1.4000000E+01   -1.4000005E+01   -3.6414065E+00   -1.4000000E+01   -4.5353557E+00   -3.0000000E+01   -2.7559524E+00   -8.3932564E+00   -9.2519305E+00   -8.3498675E+00   -1.0435495E+01   -1.1219729E+01   -1.8906094E+01   -2.7519414E+01   -8.3835769E+00   -7.0932154E+00   -9.3347082E+00   -1.2058466E+01   -7.0530792E+00   -9.8675592E+00   -5.8896942E+00
    5.1300000E+00    6.0617372E+00   -6.0408287E+00   -3.9999999E+00   -3.3415734E+00   -3.5289835E+00   -4.1027237E+00   -8.9657265E+00   -3.3443586E+00   -2.3840603E+00   -3.9535726E+00   -6.4488551E+00   -6.9189993E+00   -1.4995116E+01   -1.4000000E+01   -1.4000005E+01   -3.6242062E+00   -1.4000000E+01   -4.5202303E+00   -3.0000000E+01   -2.7431238E+00   -8.4048431E+00   -9.2590674E+00   -8.3626861E+00   -1.0422316E+01   -1.1222849E+01   -1.8896829E+01   -2.7527099E+01   -8.3810123E+00   -7.0771689E+00   -9.3093771E+00   -1.2050086E+01   -7.0296311E+00   -9.8371721E+00   -5.8618738E+00
    5.3100000E+00    6.0641846E+00   -6.0429924E+00   -3.9999999E+00   -3.3265734E+00   -3.5141060E+00   -4.1175942E+00   -8.9794175E+00   -3.3383596E+00   -2.3744304E+00   -3.9677101E+00   -6.4488616E+00   -6.9081174E+00   -1.4999880E+01   -1.4000000E+01   -1.4000005E+01   -3.6076941E+00   -1.4000000E+01   -4.5060167E+00   -3.0000000E+01   -2.7307118E+00   -8.4158868E+00   -9.2652164E+00   -8.3752051E+00   -1.0409903E+01   -1.1226441E+01   -1.8888517E+01   -2.7535430E+01   -8.3782323E+00   -7.0613374E+00   -9.2852147E+00   -1.2042566E+01   -7.0075812E+00   -9.8076403E+00   -5.8351243E+00
    5.4900000E+00    6.0668652E+00   -6.0453959E+00   -3.9999999E+00   -3.3121996E+00   -3.4997576E+00   -4.1328968E+00   -8.9931543E+00   -3.3329348E+00   -2.3654214E+00   -3.9807947E+00   -6.4488680E+00   -6.8983392E+00   -1.5005401E+01   -1.4000000E+01   -1.4000006E+01   -3.5918203E+00   -1.4000000E+01   -4.4928272E+00   -3.0000000E+01   -2.7186942E+00   -8.4264587E+00   -9.2704271E+00   -8.3875058E+00   -1.0398341E+01   -1.1230526E+01   -1.8881256E+01   -2.7544439E+01   -8.3752259E+00   -7.0456873E+00   -9.2622837E+00   -1.2035905E+01   -6.9870028E+00   -9.7788892E+00   -5.8093818E+00
    5.6700000E+00    6.0697914E+00   -6.0480511E+00   -3.9999999E+00   -3.2984143E+00   -3.4859067E+00   -4.1486408E+00   -9.0070272E+00   -3.3280494E+00   -2.3570260E+00   -3.9927109E+00   -6.4488745E+00   -6.8897661E+00   -1.5011713E+01   -1.4000000E+01   -1.4000006E+01   -3.5765403E+00   -1.4000000E+01   -4.4807750E+00   -3.0000000E+01   -2.7070510E+00   -8.4366262E+00   -9.2747421E+00   -8.3996672E+00   -1.0387719E+01   -1.1235126E+01   -1.8875147E+01   -2.7554164E+01   -8.3719804E+00   -7.0301856E+00   -9.2406545E+00   -1.2030109E+01   -6.9679784E+00   -9.7508488E+00   -5.7845892E+00
    5.8500000E+00    6.0729773E+00   -6.0509720E+00   -3.9999999E+00   -3.2851838E+00   -3.4725243E+00   -4.1648365E+00   -9.0211269E+00   -3.3236728E+00   -2.3492402E+00   -4.0033456E+00   -6.4488810E+00   -6.8825069E+00   -1.5018856E+01   -1.4000000E+01   -1.4000006E+01   -3.5618146E+00   -1.4000000E+01   -4.4699716E+00   -3.0000000E+01   -2.6957641E+00   -8.4464539E+00   -9.2781980E+00   -8.4117672E+00   -1.0378133E+01   -1.1240270E+01   -1.8870303E+01   -2.7564648E+01   -8.3684816E+00   -7.0147993E+00   -9.2204049E+00   -1.2025188E+01   -6.9505994E+00   -9.7234536E+00   -5.7606950E+00
    6.0300000E+00    6.0764387E+00   -6.0541740E+00   -3.9999999E+00   -3.2724778E+00   -3.4595847E+00   -4.1814947E+00   -9.0355458E+00   -3.3197783E+00   -2.3420634E+00   -4.0125908E+00   -6.4488874E+00   -6.8766778E+00   -1.5026876E+01   -1.4000000E+01   -1.4000006E+01   -3.5476080E+00   -1.4000000E+01   -4.4605247E+00   -3.0000000E+01   -2.6848170E+00   -8.4560040E+00   -9.2808254E+00   -8.4238834E+00   -1.0369684E+01   -1.1245987E+01   -1.8866840E+01   -2.7575938E+01   -8.3647136E+00   -6.9994955E+00   -9.2016194E+00   -1.2021155E+01   -6.9349663E+00   -9.6966410E+00   -5.7376527E+00
    6.2100000E+00    6.0801931E+00   -6.0576748E+00   -3.9999999E+00   -3.2602691E+00   -3.4470643E+00   -4.1986271E+00   -9.0503790E+00   -3.3163425E+00   -2.3354983E+00   -4.0203467E+00   -6.4488938E+00   -6.8724022E+00   -1.5035825E+01   -1.4000000E+01   -1.4000006E+01   -3.5338889E+00   -1.4000000E+01   -4.4525352E+00   -3.0000000E+01   -2.6741945E+00   -8.4653377E+00   -9.2826502E+00   -8.4360940E+00   -1.0362477E+01   -1.1252313E+01   -1.8864884E+01   -2.7588088E+01   -8.3606583E+00   -6.9842411E+00   -9.1843897E+00   -1.2018032E+01   -6.9211880E+00   -9.6703513E+00   -5.7154205E+00
    6.3900000E+00    6.0842605E+00   -6.0614939E+00   -3.9999999E+00   -3.2485331E+00   -3.4349418E+00   -4.2162460E+00   -9.0657254E+00   -3.3133452E+00   -2.3295514E+00   -4.0265246E+00   -6.4489002E+00   -6.8698104E+00   -1.5045759E+01   -1.4000000E+01   -1.4000006E+01   -3.5206289E+00   -1.4000000E+01   -4.4460941E+00   -3.0000000E+01   -2.6638830E+00   -8.4745156E+00   -9.2836933E+00   -8.4484792E+00   -1.0356625E+01   -1.1259286E+01   -1.8864565E+01   -2.7601158E+01   -8.3562960E+00   -6.9690019E+00   -9.1688134E+00   -1.2015844E+01   -6.9093820E+00   -9.6445266E+00   -5.6939604E+00
    6.5700000E+00    6.0886631E+00   -6.0656535E+00   -3.9999999E+00   -3.2372480E+00   -3.4231980E+00   -4.2343641E+00   -9.0816892E+00   -3.3107693E+00   -2.3242325E+00   -4.0310502E+00   -6.4489065E+00   -6.8690398E+00   -1.5056745E+01   -1.4000000E+01   -1.4000006E+01   -3.5078026E+00   -1.4000000E+01   -4.4412795E+00   -3.0000000E+01   -2.6538699E+00   -8.4835986E+00   -9.2839711E+00   -8.4611214E+00   -1.0352243E+01   -1.1266950E+01   -1.8866023E+01   -2.7615214E+01   -8.3516042E+00   -6.9537430E+00   -9.1549938E+00   -1.2014623E+01   -6.8996735E+00   -9.6191104E+00   -5.6732382E+00
    6.7500000E+00    6.0934256E+00   -6.0701782E+00   -3.9999999E+00   -3.2263939E+00   -3.4118153E+00   -4.2529948E+00   -9.0983805E+00   -3.3086000E+00   -2.3195551E+00   -4.0338660E+00   -6.4489129E+00   -6.8702344E+00   -1.5068856E+01   -1.4000000E+01   -1.4000006E+01   -3.4953870E+00   -1.4000000E+01   -4.4381542E+00   -3.0000000E+01   -2.6441441E+00   -8.4926484E+00   -9.2834959E+00   -8.4741069E+00   -1.0349450E+01   -1.1275355E+01   -1.8869402E+01   -2.7630333E+01   -8.3465580E+00   -6.9384277E+00   -9.1430395E+00   -1.2014408E+01   -6.8921958E+00   -9.5940468E+00   -5.6532231E+00
    6.9300000E+00    6.0985758E+00   -6.0750956E+00   -3.9999999E+00   -3.2159529E+00   -3.4007780E+00   -4.2721517E+00   -9.1159175E+00   -3.3068251E+00   -2.3155367E+00   -4.0349339E+00   -6.4489192E+00   -6.8735444E+00   -1.5082174E+01   -1.4000000E+01   -1.4000006E+01   -3.4833614E+00   -1.4000000E+01   -4.4367630E+00   -3.0000000E+01   -2.6346951E+00   -8.5017284E+00   -9.2822755E+00   -8.4875265E+00   -1.0348368E+01   -1.1284556E+01   -1.8874854E+01   -2.7646596E+01   -8.3411296E+00   -6.9230179E+00   -9.1330631E+00   -1.2015244E+01   -6.8870892E+00   -9.5692802E+00   -5.6338871E+00
    7.1100000E+00    6.1041447E+00   -6.0804366E+00   -3.9999999E+00   -3.2059091E+00   -3.3900714E+00   -4.2918486E+00   -9.1344275E+00   -3.3054347E+00   -2.3121992E+00   -4.0342362E+00   -6.4489255E+00   -6.8791255E+00   -1.5096791E+01   -1.4000000E+01   -1.4000005E+01   -3.4717073E+00   -1.4000000E+01   -4.4371309E+00   -3.0000000E+01   -2.6255136E+00   -8.5109048E+00   -9.2803141E+00   -8.5014771E+00   -1.0349124E+01   -1.1294614E+01   -1.8882534E+01   -2.7664099E+01   -8.3352879E+00   -6.9074728E+00   -9.1251806E+00   -1.2017183E+01   -6.8845005E+00   -9.5447542E+00   -5.6152051E+00
    7.2900000E+00    6.1101672E+00   -6.0862360E+00   -3.9999999E+00   -3.1962481E+00   -3.3796827E+00   -4.3120996E+00   -9.1540489E+00   -3.3044211E+00   -2.3095690E+00   -4.0317768E+00   -6.4489317E+00   -6.8871387E+00   -1.5112812E+01   -1.4000000E+01   -1.4000005E+01   -3.4604078E+00   -1.4000000E+01   -4.4392621E+00   -3.0000000E+01   -2.6165913E+00   -8.5202471E+00   -9.2776116E+00   -8.5160628E+00   -1.0351843E+01   -1.1305599E+01   -1.8892605E+01   -2.7682945E+01   -8.3289980E+00   -6.8917491E+00   -9.1195099E+00   -1.2020288E+01   -6.8845825E+00   -9.5204113E+00   -5.5971544E+00
    7.4700000E+00    6.1166822E+00   -6.0925328E+00   -3.9999999E+00   -3.1869571E+00   -3.3696000E+00   -4.3329183E+00   -9.1749334E+00   -3.3037789E+00   -2.3076777E+00   -4.0275807E+00   -6.4489379E+00   -6.8977493E+00   -1.5130353E+01   -1.4000000E+01   -1.4000005E+01   -3.4494478E+00   -1.4000000E+01   -4.4431395E+00   -3.0000000E+01   -2.6079205E+00   -8.5298293E+00   -9.2741638E+00   -8.5313965E+00   -1.0356652E+01   -1.1317590E+01   -1.8905232E+01   -2.7703252E+01   -8.3222208E+00   -6.8757998E+00   -9.1161701E+00   -1.2024629E+01   -6.8874933E+00   -9.4961923E+00   -5.5797148E+00
    7.6500000E+00    6.1237338E+00   -6.0993709E+00   -3.9999999E+00   -3.1780247E+00   -3.3598127E+00   -4.3543180E+00   -9.1972484E+00   -3.3035046E+00   -2.3065627E+00   -4.0216933E+00   -6.4489441E+00   -6.9111259E+00   -1.5149547E+01   -1.4000000E+01   -1.4000005E+01   -3.4388138E+00   -1.4000000E+01   -4.4487252E+00   -3.0000000E+01   -2.5994946E+00   -8.5397313E+00   -9.2699623E+00   -8.5476020E+00   -1.0363675E+01   -1.1330674E+01   -1.8920584E+01   -2.7725154E+01   -8.3149121E+00   -6.8595742E+00   -9.1152793E+00   -1.2030287E+01   -6.8933949E+00   -9.4720349E+00   -5.5628683E+00
    7.8300000E+00    6.1313720E+00   -6.1068002E+00   -3.9999999E+00   -3.1694409E+00   -3.3503113E+00   -4.3763115E+00   -9.2211801E+00   -3.3035969E+00   -2.3062678E+00   -4.0141787E+00   -6.4489502E+00   -6.9274401E+00   -1.5170542E+01   -1.4000000E+01   -1.4000005E+01   -3.4284938E+00   -1.4000000E+01   -4.4559621E+00   -3.0000000E+01   -2.5913076E+00   -8.5500398E+00   -9.2649946E+00   -8.5648160E+00   -1.0373035E+01   -1.1344951E+01   -1.8938833E+01   -2.7748800E+01   -8.3070221E+00   -6.8430163E+00   -9.1169534E+00   -1.2037358E+01   -6.9024531E+00   -9.4478733E+00   -5.5465989E+00
    8.0100000E+00    6.1396533E+00   -6.1148773E+00   -3.9999999E+00   -3.1611957E+00   -3.3410878E+00   -4.3988788E+00   -9.2469292E+00   -3.3040663E+00   -2.3068445E+00   -4.0051170E+00   -6.4489563E+00   -6.9468483E+00   -1.5193509E+01   -1.4000000E+01   -1.4000005E+01   -3.4184782E+00   -1.4000000E+01   -4.4648908E+00   -3.0000000E+01   -2.5833541E+00   -8.5608426E+00   -9.2592348E+00   -8.5831825E+00   -1.0384831E+01   -1.1360536E+01   -1.8960136E+01   -2.7774360E+01   -8.2984942E+00   -6.8260640E+00   -9.1212870E+00   -1.2045949E+01   -6.9148192E+00   -9.4236357E+00   -5.5308913E+00
    8.1900000E+00    6.1487664E+00   -6.1237911E+00   -3.9999999E+00   -3.1527579E+00   -3.3323687E+00   -4.4070055E+00   -9.2726567E+00   -3.3096885E+00   -2.3083634E+00   -3.9945254E+00   -6.4489623E+00   -6.9576829E+00   -1.5219106E+01   -1.4000000E+01   -1.4000004E+01   -3.4093115E+00   -1.4000000E+01   -5.2505441E+00   -3.0000000E+01   -2.5755166E+00   -8.5699214E+00   -9.2500873E+00   -8.6006731E+00   -1.0387206E+01   -1.1377895E+01   -1.8972822E+01   -2.7802488E+01   -8.2891399E+00   -6.8084119E+00   -9.1163045E+00   -1.2056409E+01   -6.9187065E+00   -9.3984839E+00   -5.5150961E+00
    8.3700000E+00    6.1577912E+00   -6.1326210E+00   -3.9999999E+00   -3.1446411E+00   -3.3238895E+00   -4.4151439E+00   -9.2962084E+00   -3.3154208E+00   -2.3100127E+00   -3.9838251E+00   -6.4489682E+00   -6.9746341E+00   -1.5244371E+01   -1.4000000E+01   -1.4000004E+01   -3.4004012E+00   -1.4000000E+01   -5.8887302E+00   -3.0000000E+01   -2.5679028E+00   -8.5769659E+00   -9.2390822E+00   -8.6160557E+00   -1.0395771E+01   -1.1394992E+01   -1.8991586E+01   -2.7830232E+01   -8.2798789E+00   -6.7910866E+00   -9.1177267E+00   -1.2066811E+01   -6.9289152E+00   -9.3739605E+00   -5.4998357E+00
    8.5500000E+00    6.1666040E+00   -6.1412431E+00   -3.9999999E+00   -3.1368245E+00   -3.3156465E+00   -4.4231598E+00   -9.3188644E+00   -3.3212446E+00   -2.3116562E+00   -3.9733007E+00   -6.4489741E+00   -6.9957262E+00   -1.5269053E+01   -1.4000000E+01   -1.4000004E+01   -3.3917287E+00   -1.4000000E+01   -6.1912001E+00   -3.0000000E+01   -2.5605000E+00   -8.5835052E+00   -9.2279960E+00   -8.6307351E+00   -1.0408677E+01   -1.1411697E+01   -1.9014453E+01   -2.7857338E+01   -8.2708348E+00   -6.7741984E+00   -9.1236901E+00   -1.2077013E+01   -6.9434578E+00   -9.3501555E+00   -5.4850771E+00
    8.7300000E+00    6.1751967E+00   -6.1496492E+00   -3.9999999E+00   -3.1292884E+00   -3.3076280E+00   -4.4310213E+00   -9.3406248E+00   -3.3271426E+00   -2.3132744E+00   -3.9629750E+00   -6.4489800E+00   -7.0195132E+00   -1.5293121E+01   -1.4000000E+01   -1.4000004E+01   -3.3832813E+00   -1.4000000E+01   -6.2679522E+00   -3.0000000E+01   -2.5532965E+00   -8.5895570E+00   -9.2168625E+00   -8.6447203E+00   -1.0424484E+01   -1.1427990E+01   -1.9039981E+01   -2.7883781E+01   -8.2620153E+00   -6.7577429E+00   -9.1327459E+00   -1.2086984E+01   -6.9608772E+00   -9.3270459E+00   -5.4707892E+00
    8.9100000E+00    6.1835763E+00   -6.1578461E+00   -3.9999999E+00   -3.1220149E+00   -3.2998223E+00   -4.4387206E+00   -9.3615396E+00   -3.3330988E+00   -2.3148638E+00   -3.9528439E+00   -6.4489858E+00   -7.0449394E+00   -1.5316592E+01   -1.4000000E+01   -1.4000004E+01   -3.3750475E+00   -1.4000000E+01   -6.2886692E+00   -3.0000000E+01   -2.5462815E+00   -8.5951589E+00   -9.2057050E+00   -8.6580553E+00   -1.0442132E+01   -1.1443881E+01   -1.9067113E+01   -2.7909579E+01   -8.2534130E+00   -6.7417017E+00   -9.1438215E+00   -1.2096725E+01   -6.9801079E+00   -9.3045962E+00   -5.4569438E+00
    9.0900000E+00    6.1917515E+00   -6.1658421E+00   -3.9999999E+00   -3.1149875E+00   -3.2922188E+00   -4.4462556E+00   -9.3816614E+00   -3.3390991E+00   -2.3164231E+00   -3.9429003E+00   -6.4489916E+00   -7.0712406E+00   -1.5339487E+01   -1.4000000E+01   -1.4000003E+01   -3.3670160E+00   -1.4000000E+01   -6.3002031E+00   -3.0000000E+01   -2.5394451E+00   -8.6003477E+00   -9.1945435E+00   -8.6707848E+00   -1.0460847E+01   -1.1459383E+01   -1.9095089E+01   -2.7934756E+01   -8.2450194E+00   -6.7260556E+00   -9.1561355E+00   -1.2106240E+01   -7.0003766E+00   -9.2827715E+00   -5.4435149E+00
    9.2700000E+00    6.1997302E+00   -6.1736451E+00   -3.9999999E+00   -3.1081911E+00   -3.2848087E+00   -4.4536258E+00   -9.4010383E+00   -3.3451305E+00   -2.3179515E+00   -3.9331367E+00   -6.4489973E+00   -7.0978740E+00   -1.5361826E+01   -1.4000000E+01   -1.4000003E+01   -3.3591756E+00   -1.4000000E+01   -6.3102531E+00   -3.0000000E+01   -2.5327783E+00   -8.6051571E+00   -9.1833956E+00   -8.6829499E+00   -1.0480081E+01   -1.1474511E+01   -1.9123366E+01   -2.7959334E+01   -8.2368263E+00   -6.7107873E+00   -9.1691288E+00   -1.2115535E+01   -7.0211319E+00   -9.2615401E+00   -5.4304786E+00
    9.4500000E+00    6.2075195E+00   -6.1812621E+00   -3.9999999E+00   -3.1016118E+00   -3.2775851E+00   -4.4608309E+00   -9.4197142E+00   -3.3511814E+00   -2.3194478E+00   -3.9235461E+00   -6.4490030E+00   -7.1244654E+00   -1.5383630E+01   -1.4000000E+01   -1.4000003E+01   -3.3515141E+00   -1.4000000E+01   -6.3199445E+00   -3.0000000E+01   -2.5262725E+00   -8.6096177E+00   -9.1722775E+00   -8.6945880E+00   -1.0499450E+01   -1.1489277E+01   -1.9151572E+01   -2.7983334E+01   -8.2288263E+00   -6.6958804E+00   -9.1824124E+00   -1.2124613E+01   -7.0419920E+00   -9.2408725E+00   -5.4178131E+00
    9.6300000E+00    6.2151259E+00   -6.1886994E+00   -3.9999999E+00   -3.0952370E+00   -3.2705436E+00   -4.4678705E+00   -9.4377291E+00   -3.3572412E+00   -2.3209110E+00   -3.9141218E+00   -6.4490086E+00   -7.1507673E+00   -1.5404915E+01   -1.4000000E+01   -1.4000003E+01   -3.3440178E+00   -1.4000000E+01   -6.3294411E+00   -3.0000000E+01   -2.5199201E+00   -8.6137573E+00   -9.1612042E+00   -8.7057330E+00   -1.0518703E+01   -1.1503692E+01   -1.9179460E+01   -2.8006776E+01   -8.2210128E+00   -6.6813203E+00   -9.1957253E+00   -1.2133480E+01   -7.0627022E+00   -9.2207418E+00   -5.4054981E+00
    9.8100000E+00    6.2225555E+00   -6.1959629E+00   -3.9999999E+00   -3.0890548E+00   -3.2636828E+00   -4.4747437E+00   -9.4551189E+00   -3.3633004E+00   -2.3223398E+00   -3.9048575E+00   -6.4490142E+00   -7.1766254E+00   -1.5425696E+01   -1.4000000E+01   -1.4000003E+01   -3.3366712E+00   -1.4000000E+01   -6.3387707E+00   -3.0000000E+01   -2.5137137E+00   -8.6176016E+00   -9.1501894E+00   -8.7164159E+00   -1.0537680E+01   -1.1517766E+01   -1.9206877E+01   -2.8029677E+01   -8.2133796E+00   -6.6670934E+00   -9.2089006E+00   -1.2142139E+01   -7.0831014E+00   -9.2011234E+00   -5.3935148E+00
    9.9900000E+00    6.2298133E+00   -6.2030576E+00   -3.9999999E+00   -3.0830544E+00   -3.2570044E+00   -4.4814489E+00   -9.4719168E+00   -3.3693502E+00   -2.3237328E+00   -3.8957474E+00   -6.4490198E+00   -7.2019509E+00   -1.5445989E+01   -1.4000000E+01   -1.4000002E+01   -3.3294560E+00   -1.4000000E+01   -6.3479424E+00   -3.0000000E+01   -2.5076466E+00   -8.6211741E+00   -9.1392463E+00   -8.7266650E+00   -1.0556286E+01   -1.1531511E+01   -1.9233736E+01   -2.8052053E+01   -8.2059216E+00   -6.6531874E+00   -9.2218384E+00   -1.2150593E+01   -7.1030947E+00   -9.1819945E+00   -5.3818460E+00
    1.0170000E+01    6.2369041E+00   -6.2099881E+00   -3.9999999E+00   -3.0772258E+00   -3.2505130E+00   -4.4879823E+00   -9.4881530E+00   -3.3753828E+00   -2.3250886E+00   -3.8867858E+00   -6.4490253E+00   -7.2267003E+00   -1.5465807E+01   -1.4000000E+01   -1.4000002E+01   -3.3223517E+00   -1.4000000E+01   -6.3569624E+00   -3.0000000E+01   -2.5017125E+00   -8.6244964E+00   -9.1283871E+00   -8.7365064E+00   -1.0574474E+01   -1.1544933E+01   -1.9259994E+01   -2.8073917E+01   -8.1986337E+00   -6.6395909E+00   -9.2344847E+00   -1.2158847E+01   -7.1226326E+00   -9.1633342E+00   -5.3704757E+00
    1.0350000E+01    6.2438319E+00   -6.2167585E+00   -3.9999999E+00   -3.0715596E+00   -3.2442158E+00   -4.4943361E+00   -9.5038555E+00   -3.3813908E+00   -2.3264055E+00   -3.8779674E+00   -6.4490308E+00   -7.2508587E+00   -1.5485159E+01   -1.4000000E+01   -1.4000002E+01   -3.3153360E+00   -1.4000000E+01   -6.3658361E+00   -3.0000000E+01   -2.4959055E+00   -8.6275893E+00   -9.1176243E+00   -8.7459646E+00   -1.0592225E+01   -1.1558041E+01   -1.9285636E+01   -2.8095284E+01   -8.1915119E+00   -6.6262934E+00   -9.2468152E+00   -1.2166901E+01   -7.1416951E+00   -9.1451234E+00   -5.3593887E+00
    1.0530000E+01    6.2506006E+00   -6.2233721E+00   -3.9999999E+00   -3.0660473E+00   -3.2381218E+00   -4.5004959E+00   -9.5190505E+00   -3.3873679E+00   -2.3276818E+00   -3.8692873E+00   -6.4490363E+00   -7.2744291E+00   -1.5504057E+01   -1.4000000E+01   -1.4000002E+01   -3.3083858E+00   -1.4000000E+01   -6.3745689E+00   -3.0000000E+01   -2.4902202E+00   -8.6304726E+00   -9.1069703E+00   -8.7550625E+00   -1.0609540E+01   -1.1570843E+01   -1.9310668E+01   -2.8116163E+01   -8.1845523E+00   -6.6132855E+00   -9.2588244E+00   -1.2174758E+01   -7.1602798E+00   -9.1273443E+00   -5.3485713E+00
    1.0710000E+01    6.2572131E+00   -6.2298323E+00   -3.9999999E+00   -3.0606807E+00   -3.2322402E+00   -4.5064357E+00   -9.5337637E+00   -3.3933081E+00   -2.3289157E+00   -3.8607406E+00   -6.4490417E+00   -7.2974241E+00   -1.5522510E+01   -1.4000000E+01   -1.4000002E+01   -3.3014792E+00   -1.4000000E+01   -6.3831655E+00   -3.0000000E+01   -2.4846513E+00   -8.6331661E+00   -9.0964387E+00   -8.7638231E+00   -1.0626427E+01   -1.1583342E+01   -1.9335102E+01   -2.8136565E+01   -8.1777516E+00   -6.6005586E+00   -9.2705170E+00   -1.2182418E+01   -7.1783948E+00   -9.1099807E+00   -5.3380104E+00
    1.0890000E+01    6.2636723E+00   -6.2361415E+00   -3.9999999E+00   -3.0554524E+00   -3.2265790E+00   -4.5121104E+00   -9.5480208E+00   -3.3992059E+00   -2.3301049E+00   -3.8523229E+00   -6.4490472E+00   -7.3198612E+00   -1.5540524E+01   -1.4000000E+01   -1.4000002E+01   -3.2945967E+00   -1.4000000E+01   -6.3916307E+00   -3.0000000E+01   -2.4791940E+00   -8.6356910E+00   -9.0860452E+00   -8.7722698E+00   -1.0642901E+01   -1.1595546E+01   -1.9358956E+01   -2.8156498E+01   -8.1711070E+00   -6.5881047E+00   -9.2819033E+00   -1.2189884E+01   -7.1960530E+00   -9.0930175E+00   -5.3276938E+00
    1.1070000E+01    6.2699804E+00   -6.2423020E+00   -3.9999999E+00   -3.0503554E+00   -3.2211442E+00   -4.5174462E+00   -9.5618496E+00   -3.4050566E+00   -2.3312474E+00   -3.8440298E+00   -6.4490525E+00   -7.3417593E+00   -1.5558106E+01   -1.4000000E+01   -1.4000002E+01   -3.2877235E+00   -1.4000000E+01   -6.3999689E+00   -3.0000000E+01   -2.4738437E+00   -8.6380711E+00   -9.0758090E+00   -8.7804285E+00   -1.0658980E+01   -1.1607458E+01   -1.9382251E+01   -2.8175970E+01   -8.1646162E+00   -6.5759168E+00   -9.2929958E+00   -1.2197154E+01   -7.2132689E+00   -9.0764411E+00   -5.3176102E+00
    1.1250000E+01    6.2761394E+00   -6.2483156E+00   -3.9999999E+00   -3.0453830E+00   -3.2159380E+00   -4.5223259E+00   -9.5752821E+00   -3.4108559E+00   -2.3323409E+00   -3.8358574E+00   -6.4490579E+00   -7.3631368E+00   -1.5575260E+01   -1.4000000E+01   -1.4000002E+01   -3.2808508E+00   -1.4000000E+01   -6.4081842E+00   -3.0000000E+01   -2.4685961E+00   -8.6403351E+00   -9.0657552E+00   -8.7883296E+00   -1.0674681E+01   -1.1619081E+01   -1.9405005E+01   -2.8194987E+01   -8.1582772E+00   -6.5639884E+00   -9.3038073E+00   -1.2204227E+01   -7.2300572E+00   -9.0602387E+00   -5.3077488E+00
    1.1430000E+01    6.2821505E+00   -6.2541836E+00   -3.9999999E+00   -3.0405291E+00   -3.2109586E+00   -4.5265713E+00   -9.5883569E+00   -3.4166001E+00   -2.3333827E+00   -3.8278016E+00   -6.4490632E+00   -7.3840112E+00   -1.5591991E+01   -1.4000000E+01   -1.4000001E+01   -3.2739770E+00   -1.4000000E+01   -6.4162807E+00   -3.0000000E+01   -2.4634472E+00   -8.6425195E+00   -9.0559172E+00   -8.7960108E+00   -1.0690019E+01   -1.1630418E+01   -1.9427235E+01   -2.8213552E+01   -8.1520885E+00   -6.5523140E+00   -9.3143499E+00   -1.2211104E+01   -7.2464314E+00   -9.0443987E+00   -5.2980995E+00
    1.1610000E+01    6.2880149E+00   -6.2599071E+00   -3.9999999E+00   -3.0357879E+00   -3.2061999E+00   -4.5299226E+00   -9.6011232E+00   -3.4222860E+00   -2.3343702E+00   -3.8198588E+00   -6.4490685E+00   -7.4043977E+00   -1.5608301E+01   -1.4000000E+01   -1.4000001E+01   -3.2671081E+00   -1.4000000E+01   -6.4242623E+00   -3.0000000E+01   -2.4583933E+00   -8.6446715E+00   -9.0463404E+00   -8.8035201E+00   -1.0705009E+01   -1.1641471E+01   -1.9448959E+01   -2.8231668E+01   -8.1460490E+00   -6.5408885E+00   -9.3246345E+00   -1.2217782E+01   -7.2624034E+00   -9.0289106E+00   -5.2886528E+00
    1.1790000E+01    6.2937332E+00   -6.2654865E+00   -3.9999999E+00   -3.0311538E+00   -3.2016518E+00   -4.5320147E+00   -9.6136436E+00   -3.4279113E+00   -2.3353005E+00   -3.8120256E+00   -6.4490738E+00   -7.4243102E+00   -1.5624192E+01   -1.4000000E+01   -1.3999909E+01   -3.2602581E+00   -1.4000000E+01   -6.4321324E+00   -3.0000000E+01   -2.4534307E+00   -8.6468530E+00   -9.0370853E+00   -8.8109199E+00   -1.0719664E+01   -1.1652241E+01   -1.9470098E+01   -2.8249248E+01   -8.1401581E+00   -6.5297077E+00   -9.3346707E+00   -1.2224259E+01   -7.2779834E+00   -9.0137646E+00   -5.2793998E+00
    1.1970000E+01    6.2993056E+00   -6.2709222E+00   -3.9999999E+00   -3.0266214E+00   -3.1973009E+00   -4.5323567E+00   -9.6259982E+00   -3.4334743E+00   -2.3361706E+00   -3.8042984E+00   -6.4490791E+00   -7.4437600E+00   -1.5639664E+01   -1.4000000E+01   -1.3959208E+01   -3.2534476E+00   -1.4000000E+01   -6.4398946E+00   -3.0000000E+01   -2.4485563E+00   -8.6491438E+00   -9.0282313E+00   -8.8182904E+00   -1.0733996E+01   -1.1662729E+01   -1.9450146E+01   -2.8225773E+01   -8.1344155E+00   -6.5187681E+00   -9.3444668E+00   -1.2230531E+01   -7.2931797E+00   -8.9989521E+00   -5.2703317E+00
    1.2150000E+01    6.3047319E+00   -6.2762139E+00   -3.9999999E+00   -3.0221856E+00   -3.1931321E+00   -4.5303181E+00   -9.6382872E+00   -3.4389743E+00   -2.3369771E+00   -3.7966742E+00   -6.4490843E+00   -7.4627570E+00   -1.5654717E+01   -1.4000000E+01   -1.2329070E+01   -3.2467037E+00   -1.4000000E+01   -6.4475522E+00   -3.0000000E+01   -2.4437669E+00   -8.6516444E+00   -9.0198794E+00   -8.8257316E+00   -1.0748014E+01   -1.1672934E+01   -1.7840286E+01   -2.6612415E+01   -8.1288216E+00   -6.5080668E+00   -9.3540295E+00   -1.2236597E+01   -7.3079990E+00   -8.9844650E+00   -5.2614406E+00
    1.2330000E+01    6.3100075E+00   -6.2813571E+00   -3.9999999E+00   -3.0178491E+00   -3.1891323E+00   -4.5251273E+00   -9.6506246E+00   -3.4444064E+00   -2.3377167E+00   -3.7891498E+00   -6.4490895E+00   -7.4811771E+00   -1.5669337E+01   -1.4000000E+01   -9.6702133E+00   -3.2400616E+00   -1.4000000E+01   -6.4551077E+00   -3.0000000E+01   -2.4390639E+00   -8.6544771E+00   -9.0121610E+00   -8.8333618E+00   -1.0761599E+01   -1.1682847E+01   -1.5201109E+01   -2.3969878E+01   -8.1233809E+00   -6.4976102E+00   -9.3632401E+00   -1.2242447E+01   -7.3223181E+00   -8.9703115E+00   -5.2527297E+00
    1.2510000E+01    6.3133241E+00   -6.2845914E+00   -3.9999999E+00   -3.0170814E+00   -3.1863793E+00   -4.5115900E+00   -9.9124712E+00   -3.4472769E+00   -2.3383873E+00   -3.7816810E+00   -6.4490926E+00   -7.3687546E+00   -1.5677814E+01   -1.4000000E+01   -7.0003040E+00   -3.2353978E+00   -1.4000000E+01   -6.4594757E+00   -3.0000000E+01   -2.4363138E+00   -8.9103417E+00   -9.2613923E+00   -9.0922453E+00   -1.0646134E+01   -1.1688361E+01   -1.2419563E+01   -2.1309504E+01   -8.1199614E+00   -6.4912457E+00   -9.2452297E+00   -1.2245609E+01   -7.2075203E+00   -8.9635778E+00   -5.2494167E+00
    1.2690000E+01    6.3166055E+00   -6.2877913E+00   -3.9999999E+00   -3.0163197E+00   -3.1836923E+00   -4.4967572E+00   -9.9233787E+00   -3.4501440E+00   -2.3390517E+00   -3.7745648E+00   -6.4490958E+00   -7.3376611E+00   -1.5686699E+01   -1.4000000E+01   -6.6961674E+00   -3.2308026E+00   -1.4000000E+01   -6.4663295E+00   -3.0000000E+01   -2.4335937E+00   -8.9153304E+00   -9.2598182E+00   -9.1002209E+00   -1.0612030E+01   -1.1694315E+01   -1.2085109E+01   -2.1015299E+01   -8.1165782E+00   -6.4849496E+00   -9.2086085E+00   -1.2249237E+01   -7.1740775E+00   -8.9569142E+00   -5.2461376E+00
    1.2870000E+01    6.3198499E+00   -6.2909552E+00   -3.9999999E+00   -3.0155639E+00   -3.1810687E+00   -4.4804832E+00   -9.9342449E+00   -3.4530115E+00   -2.3397062E+00   -3.7678245E+00   -6.4490990E+00   -7.3327680E+00   -1.5695604E+01   -1.4000000E+01   -6.5167759E+00   -3.2262843E+00   -1.4000000E+01   -6.4730911E+00   -3.0000000E+01   -2.4309019E+00   -8.9203447E+00   -9.2583436E+00   -9.1081880E+00   -1.0604161E+01   -1.1700320E+01   -1.1901593E+01   -2.0845848E+01   -8.1132330E+00   -6.4787218E+00   -9.1982481E+00   -1.2252941E+01   -7.1668595E+00   -8.9503208E+00   -5.2428905E+00
    1.3050000E+01    6.3230582E+00   -6.2940838E+00   -3.9999999E+00   -3.0148138E+00   -3.1785062E+00   -4.4626269E+00   -9.9453077E+00   -3.4558793E+00   -2.3403507E+00   -3.7614443E+00   -6.4491021E+00   -7.3375271E+00   -1.5704459E+01   -1.4000000E+01   -6.3885741E+00   -3.2218513E+00   -1.4000000E+01   -6.4795173E+00   -3.0000000E+01   -2.4282371E+00   -8.9256208E+00   -9.2572032E+00   -9.1163839E+00   -1.0605977E+01   -1.1706309E+01   -1.1778911E+01   -2.0727526E+01   -8.1099250E+00   -6.4725603E+00   -9.1975979E+00   -1.2256650E+01   -7.1693168E+00   -8.9437953E+00   -5.2396742E+00
    1.3230000E+01    6.3262307E+00   -6.2971775E+00   -3.9999999E+00   -3.0140693E+00   -3.1760031E+00   -4.4430656E+00   -9.9565973E+00   -3.4587474E+00   -2.3409845E+00   -3.7554099E+00   -6.4491052E+00   -7.3458599E+00   -1.5713237E+01   -1.4000000E+01   -6.2884823E+00   -3.2175118E+00   -1.4000000E+01   -6.4855972E+00   -3.0000000E+01   -2.4255986E+00   -8.9311881E+00   -9.2564255E+00   -9.1248384E+00   -1.0611400E+01   -1.1712251E+01   -1.1687905E+01   -2.0637224E+01   -8.1066538E+00   -6.4664639E+00   -9.2005786E+00   -1.2260336E+01   -7.1753702E+00   -8.9373363E+00   -5.2364876E+00
    1.3410000E+01    6.3293676E+00   -6.3002366E+00   -3.9999999E+00   -3.0133303E+00   -3.1735585E+00   -4.4217024E+00   -9.9681388E+00   -3.4616160E+00   -2.3416073E+00   -3.7497080E+00   -6.4491083E+00   -7.3553958E+00   -1.5721924E+01   -1.4000000E+01   -6.2062139E+00   -3.2132742E+00   -1.4000000E+01   -6.4913419E+00   -3.0000000E+01   -2.4229858E+00   -8.9370712E+00   -9.2560347E+00   -9.1335762E+00   -1.0618058E+01   -1.1718135E+01   -1.1615916E+01   -2.0564644E+01   -8.1034194E+00   -6.4604320E+00   -9.2048185E+00   -1.2263985E+01   -7.1826482E+00   -8.9309431E+00   -5.2333299E+00
    1.3590000E+01    6.3324690E+00   -6.3032611E+00   -3.9999999E+00   -3.0125965E+00   -3.1711723E+00   -4.3984731E+00   -9.9799510E+00   -3.4644850E+00   -2.3422186E+00   -3.7443261E+00   -6.4491114E+00   -7.3652025E+00   -1.5730517E+01   -1.4000000E+01   -6.1362788E+00   -3.2091464E+00   -1.4000000E+01   -6.4967640E+00   -3.0000000E+01   -2.4203982E+00   -8.9432886E+00   -9.2560494E+00   -9.1426160E+00   -1.0625020E+01   -1.1723955E+01   -1.1556523E+01   -2.0504291E+01   -8.1002216E+00   -6.4544641E+00   -9.2093845E+00   -1.2267591E+01   -7.1902179E+00   -8.9246147E+00   -5.2302004E+00
    1.3770000E+01    6.3355348E+00   -6.3062509E+00   -3.9999999E+00   -3.0118679E+00   -3.1688448E+00   -4.3733516E+00   -9.9920455E+00   -3.4673545E+00   -2.3428178E+00   -3.7392526E+00   -6.4491145E+00   -7.3749198E+00   -1.5739014E+01   -1.4000000E+01   -6.0753985E+00   -3.2051363E+00   -1.4000000E+01   -6.5018752E+00   -3.0000000E+01   -2.4178352E+00   -8.9498515E+00   -9.2564808E+00   -9.1519693E+00   -1.0631924E+01   -1.1729711E+01   -1.1506086E+01   -2.0452884E+01   -8.0970606E+00   -6.4485599E+00   -9.2139157E+00   -1.2271152E+01   -7.1977186E+00   -8.9183504E+00   -5.2270984E+00
    1.3950000E+01    6.3385649E+00   -6.3092062E+00   -3.9999999E+00   -3.0111442E+00   -3.1665773E+00   -4.3463540E+00   -1.0004425E+01   -3.4702245E+00   -2.3434044E+00   -3.7344765E+00   -6.4491175E+00   -7.3844142E+00   -1.5747414E+01   -1.4000000E+01   -6.0214574E+00   -3.2012516E+00   -1.4000000E+01   -6.5066868E+00   -3.0000000E+01   -2.4152964E+00   -8.9567632E+00   -9.2573322E+00   -9.1616392E+00   -1.0638639E+01   -1.1735401E+01   -1.1462356E+01   -2.0408307E+01   -8.0939365E+00   -6.4427191E+00   -9.2182783E+00   -1.2274667E+01   -7.2050161E+00   -8.9121498E+00   -5.2240231E+00
    1.4130000E+01    6.3415593E+00   -6.3121267E+00   -3.9999999E+00   -3.0104253E+00   -3.1643718E+00   -4.3175394E+00   -1.0017085E+01   -3.4730949E+00   -2.3439777E+00   -3.7299875E+00   -6.4491205E+00   -7.3936413E+00   -1.5755716E+01   -1.4000000E+01   -5.9730101E+00   -3.1974995E+00   -1.4000000E+01   -6.5112092E+00   -3.0000000E+01   -2.4127814E+00   -8.9640179E+00   -9.2585981E+00   -9.1716200E+00   -1.0645118E+01   -1.1741024E+01   -1.1423843E+01   -2.0369112E+01   -8.0908493E+00   -6.4369415E+00   -9.2224271E+00   -1.2278135E+01   -7.2120654E+00   -8.9060123E+00   -5.2209739E+00
    1.4310000E+01    6.3445177E+00   -6.3150124E+00   -3.9999999E+00   -3.0097110E+00   -3.1622307E+00   -4.2870086E+00   -1.0030010E+01   -3.4759657E+00   -2.3445370E+00   -3.7257757E+00   -6.4491235E+00   -7.4025902E+00   -1.5763921E+01   -1.4000000E+01   -5.9290248E+00   -3.1938868E+00   -1.4000000E+01   -6.5154526E+00   -3.0000000E+01   -2.4102897E+00   -8.9716008E+00   -9.2602642E+00   -9.1818969E+00   -1.0651351E+01   -1.1746582E+01   -1.1389504E+01   -2.0334269E+01   -8.0877994E+00   -6.4312269E+00   -9.2263508E+00   -1.2281554E+01   -7.2188549E+00   -8.8999373E+00   -5.2179499E+00
    1.4490000E+01    6.3474400E+00   -6.3178630E+00   -3.9999999E+00   -3.0090012E+00   -3.1601569E+00   -4.2549005E+00   -1.0043176E+01   -3.4788367E+00   -2.3450817E+00   -3.7218317E+00   -6.4491265E+00   -7.4112626E+00   -1.5772028E+01   -1.4000000E+01   -5.8887394E+00   -3.1904198E+00   -1.4000000E+01   -6.5194264E+00   -3.0000000E+01   -2.4078209E+00   -8.9794889E+00   -9.2623077E+00   -9.1924467E+00   -1.0657340E+01   -1.1752072E+01   -1.1358577E+01   -2.0303013E+01   -8.0847870E+00   -6.4255752E+00   -9.2300507E+00   -1.2284924E+01   -7.2253858E+00   -8.8939245E+00   -5.2149507E+00
    1.4670000E+01    6.3503258E+00   -6.3206784E+00   -3.9999999E+00   -3.0082956E+00   -3.1581538E+00   -4.2213862E+00   -1.0056553E+01   -3.4817077E+00   -2.3456109E+00   -3.7181467E+00   -6.4491294E+00   -7.4196642E+00   -1.5780037E+01   -1.4000000E+01   -5.8515746E+00   -3.1871042E+00   -1.4000000E+01   -6.5231397E+00   -3.0000000E+01   -2.4053744E+00   -8.9876512E+00   -9.2646983E+00   -9.2032384E+00   -1.0663092E+01   -1.1757495E+01   -1.1330490E+01   -2.0274765E+01   -8.0818125E+00   -6.4199864E+00   -9.2335321E+00   -1.2288245E+01   -7.2316633E+00   -8.8879736E+00   -5.2119754E+00
    1.4850000E+01    6.3531749E+00   -6.3234582E+00   -3.9999999E+00   -3.0075943E+00   -3.1562249E+00   -4.1866620E+00   -1.0070102E+01   -3.4845786E+00   -2.3461240E+00   -3.7147118E+00   -6.4491323E+00   -7.4278022E+00   -1.5787946E+01   -1.4000000E+01   -5.8170795E+00   -3.1839454E+00   -1.4000000E+01   -6.5266013E+00   -3.0000000E+01   -2.4029500E+00   -8.9960503E+00   -9.2673992E+00   -9.2142341E+00   -1.0668612E+01   -1.1762851E+01   -1.1304798E+01   -2.0249072E+01   -8.0788761E+00   -6.4144605E+00   -9.2368020E+00   -1.2291514E+01   -7.2376939E+00   -8.8820841E+00   -5.2090234E+00
    1.5030000E+01    6.3559869E+00   -6.3262020E+00   -3.9999999E+00   -3.0068970E+00   -3.1543738E+00   -4.1509411E+00   -1.0083781E+01   -3.4874489E+00   -2.3466199E+00   -3.7115190E+00   -6.4491352E+00   -7.4356836E+00   -1.5795755E+01   -1.4000000E+01   -5.7848964E+00   -3.1809479E+00   -1.4000000E+01   -6.5298196E+00   -3.0000000E+01   -2.4005471E+00   -9.0046436E+00   -9.2703686E+00   -9.2253912E+00   -1.0673909E+01   -1.1768138E+01   -1.1281150E+01   -2.0225575E+01   -8.0759783E+00   -6.4089975E+00   -9.2398671E+00   -1.2294730E+01   -7.2434840E+00   -8.8762559E+00   -5.2060941E+00
    1.5210000E+01    6.3587612E+00   -6.3289094E+00   -3.9999999E+00   -3.0062036E+00   -3.1526040E+00   -4.1144463E+00   -1.0097542E+01   -3.4903183E+00   -2.3470979E+00   -3.7085601E+00   -6.4491380E+00   -7.4433151E+00   -1.5803462E+01   -1.4000000E+01   -5.7547365E+00   -3.1781155E+00   -1.4000000E+01   -6.5328026E+00   -3.0000000E+01   -2.3981653E+00   -9.0133849E+00   -9.2735613E+00   -9.2366632E+00   -1.0678990E+01   -1.1773357E+01   -1.1259264E+01   -2.0203985E+01   -8.0731196E+00   -6.4035977E+00   -9.2427340E+00   -1.2297893E+01   -7.2490398E+00   -8.8704889E+00   -5.2031869E+00
    1.5390000E+01    6.3614974E+00   -6.3315799E+00   -3.9999999E+00   -3.0055140E+00   -3.1509186E+00   -4.0774023E+00   -1.0111337E+01   -3.4931865E+00   -2.3475569E+00   -3.7058276E+00   -6.4491408E+00   -7.4507029E+00   -1.5811067E+01   -1.4000000E+01   -5.7263634E+00   -3.1754516E+00   -1.4000000E+01   -6.5355582E+00   -3.0000000E+01   -2.3958043E+00   -9.0222263E+00   -9.2769303E+00   -9.2480014E+00   -1.0683861E+01   -1.1778505E+01   -1.1238910E+01   -2.0184063E+01   -8.0703006E+00   -6.3982611E+00   -9.2454090E+00   -1.2301000E+01   -7.2543671E+00   -8.8647831E+00   -5.2003011E+00
    1.5570000E+01    6.3641948E+00   -6.3342130E+00   -3.9999999E+00   -3.0048281E+00   -3.1493201E+00   -4.0400295E+00   -1.0125115E+01   -3.4960529E+00   -2.3479959E+00   -3.7033139E+00   -6.4491436E+00   -7.4578527E+00   -1.5818568E+01   -1.4000000E+01   -5.6995808E+00   -3.1729585E+00   -1.4000000E+01   -6.5380937E+00   -3.0000000E+01   -2.3934635E+00   -9.0311189E+00   -9.2804280E+00   -9.2593566E+00   -1.0688529E+01   -1.1783582E+01   -1.1219896E+01   -2.0165611E+01   -8.0675219E+00   -6.3929881E+00   -9.2478977E+00   -1.2304051E+01   -7.2594710E+00   -8.8591385E+00   -5.1974362E+00
    1.5750000E+01    6.3668528E+00   -6.3368079E+00   -3.9999999E+00   -3.0041458E+00   -3.1478104E+00   -4.0025389E+00   -1.0138828E+01   -3.4989170E+00   -2.3484138E+00   -3.7010122E+00   -6.4491463E+00   -7.4647695E+00   -1.5825961E+01   -1.4000000E+01   -5.6742240E+00   -3.1706382E+00   -1.4000000E+01   -6.5404164E+00   -3.0000000E+01   -2.3911427E+00   -9.0400145E+00   -9.2840076E+00   -9.2706799E+00   -1.0692999E+01   -1.1788586E+01   -1.1202063E+01   -2.0148462E+01   -8.0647842E+00   -6.3877789E+00   -9.2502056E+00   -1.2307043E+01   -7.2643561E+00   -8.8535552E+00   -5.1945917E+00
    1.5930000E+01    6.3694706E+00   -6.3393638E+00   -3.9999999E+00   -3.0034670E+00   -3.1463902E+00   -3.9651282E+00   -1.0152427E+01   -3.5017784E+00   -2.3488094E+00   -3.6989156E+00   -6.4491489E+00   -7.4714581E+00   -1.5833247E+01   -1.4000000E+01   -5.6501534E+00   -3.1684919E+00   -1.4000000E+01   -6.5425330E+00   -3.0000000E+01   -2.3888413E+00   -9.0488666E+00   -9.2876241E+00   -9.2819240E+00   -1.0697277E+01   -1.1793517E+01   -1.1185276E+01   -2.0132475E+01   -8.0620882E+00   -6.3826339E+00   -9.2523375E+00   -1.2309974E+01   -7.2690266E+00   -8.8480337E+00   -5.1917671E+00
    1.6110000E+01    6.3720473E+00   -6.3418800E+00   -3.9999999E+00   -3.0027916E+00   -3.1450588E+00   -3.9279793E+00   -1.0165866E+01   -3.5046366E+00   -2.3491814E+00   -3.6970178E+00   -6.4491516E+00   -7.4779222E+00   -1.5840420E+01   -1.4000000E+01   -5.6272499E+00   -3.1665203E+00   -1.4000000E+01   -6.5444500E+00   -3.0000000E+01   -2.3865590E+00   -9.0576310E+00   -9.2912350E+00   -9.2930437E+00   -1.0701367E+01   -1.1798371E+01   -1.1169420E+01   -2.0117527E+01   -8.0594349E+00   -6.3775536E+00   -9.2542979E+00   -1.2312843E+01   -7.2734862E+00   -8.8425741E+00   -5.1889619E+00
    1.6290000E+01    6.3745820E+00   -6.3443553E+00   -3.9999999E+00   -3.0021195E+00   -3.1438139E+00   -3.8912564E+00   -1.0179101E+01   -3.5074908E+00   -2.3495285E+00   -3.6953128E+00   -6.4491542E+00   -7.4841652E+00   -1.5847480E+01   -1.4000000E+01   -5.6054103E+00   -3.1647236E+00   -1.4000000E+01   -6.5461735E+00   -3.0000000E+01   -2.3842954E+00   -9.0662663E+00   -9.2948011E+00   -9.3039969E+00   -1.0705274E+01   -1.1803148E+01   -1.1154395E+01   -2.0103512E+01   -8.0568252E+00   -6.3725384E+00   -9.2560908E+00   -1.2315646E+01   -7.2777377E+00   -8.8371772E+00   -5.1861757E+00
    1.6470000E+01    6.3770736E+00   -6.3467887E+00   -3.9999999E+00   -3.0014508E+00   -3.1426514E+00   -3.8551057E+00   -1.0192094E+01   -3.5103406E+00   -2.3498493E+00   -3.6937950E+00   -6.4491567E+00   -7.4901899E+00   -1.5854421E+01   -1.4000000E+01   -5.5845455E+00   -3.1631020E+00   -1.4000000E+01   -6.5477091E+00   -3.0000000E+01   -2.3820501E+00   -9.0747347E+00   -9.2982864E+00   -9.3147443E+00   -1.0709002E+01   -1.1807845E+01   -1.1140115E+01   -2.0090339E+01   -8.0542601E+00   -6.3675891E+00   -9.2577198E+00   -1.2318382E+01   -7.2817837E+00   -8.8318435E+00   -5.1834081E+00
    1.6650000E+01    6.3795208E+00   -6.3491790E+00   -3.9999999E+00   -3.0007853E+00   -3.1415651E+00   -3.8196551E+00   -1.0204805E+01   -3.5131854E+00   -2.3501422E+00   -3.6924592E+00   -6.4491592E+00   -7.4959984E+00   -1.5861240E+01   -1.4000000E+01   -5.5645773E+00   -3.1616553E+00   -1.4000000E+01   -6.5490621E+00   -3.0000000E+01   -2.3798227E+00   -9.0830016E+00   -9.3016588E+00   -9.3252502E+00   -1.0712554E+01   -1.1812459E+01   -1.1126504E+01   -2.0077925E+01   -8.0517407E+00   -6.3627062E+00   -9.2591880E+00   -1.2321047E+01   -7.2856261E+00   -8.8265739E+00   -5.1806588E+00
    1.6830000E+01    6.3819224E+00   -6.3515248E+00   -3.9999999E+00   -3.0001230E+00   -3.1405461E+00   -3.7850148E+00   -1.0217201E+01   -3.5160245E+00   -2.3504056E+00   -3.6913010E+00   -6.4491617E+00   -7.5015921E+00   -1.5867933E+01   -1.4000000E+01   -5.5454370E+00   -3.1603835E+00   -1.4000000E+01   -6.5502370E+00   -3.0000000E+01   -2.3776129E+00   -9.0910359E+00   -9.3048898E+00   -9.3354819E+00   -1.0715933E+01   -1.1816987E+01   -1.1113495E+01   -2.0066198E+01   -8.0492684E+00   -6.3578905E+00   -9.2604980E+00   -1.2323639E+01   -7.2892661E+00   -8.8213693E+00   -5.1779274E+00
    1.7010000E+01    6.3842771E+00   -6.3538247E+00   -3.9999999E+00   -2.9994640E+00   -3.1395834E+00   -3.7512784E+00   -1.0229252E+01   -3.5188575E+00   -2.3506378E+00   -3.6903161E+00   -6.4491642E+00   -7.5069717E+00   -1.5874496E+01   -1.4000000E+01   -5.5270640E+00   -3.1592872E+00   -1.4000000E+01   -6.5512381E+00   -3.0000000E+01   -2.3754202E+00   -9.0988099E+00   -9.3079546E+00   -9.3454102E+00   -1.0719141E+01   -1.1821427E+01   -1.1101030E+01   -2.0055094E+01   -8.0468444E+00   -6.3531429E+00   -9.2616518E+00   -1.2326155E+01   -7.2927042E+00   -8.8162308E+00   -5.1752138E+00
    1.7190000E+01    6.3865831E+00   -6.3560770E+00   -3.9999999E+00   -2.9988082E+00   -3.1386629E+00   -3.7185237E+00   -1.0240929E+01   -3.5216836E+00   -2.3508370E+00   -3.6895010E+00   -6.4491666E+00   -7.5121372E+00   -1.5880922E+01   -1.4000000E+01   -5.5094042E+00   -3.1583669E+00   -1.4000000E+01   -6.5520691E+00   -3.0000000E+01   -2.3732443E+00   -9.1062993E+00   -9.3108319E+00   -9.3550091E+00   -1.0722181E+01   -1.1825775E+01   -1.1089054E+01   -2.0044554E+01   -8.0444703E+00   -6.3484643E+00   -9.2626509E+00   -1.2328590E+01   -7.2959404E+00   -8.8111596E+00   -5.1725177E+00
    1.7370000E+01    6.3888389E+00   -6.3582801E+00   -3.9999999E+00   -2.9981556E+00   -3.1377682E+00   -3.6868140E+00   -1.0252207E+01   -3.5245023E+00   -2.3510012E+00   -3.6888527E+00   -6.4491689E+00   -7.5170879E+00   -1.5887207E+01   -1.4000000E+01   -5.4924096E+00   -3.1576240E+00   -1.4000000E+01   -6.5527330E+00   -3.0000000E+01   -2.3710849E+00   -9.1134828E+00   -9.3135037E+00   -9.3642551E+00   -1.0725052E+01   -1.1830028E+01   -1.1077519E+01   -2.0034526E+01   -8.0421475E+00   -6.3438559E+00   -9.2634964E+00   -1.2330942E+01   -7.2989740E+00   -8.8061572E+00   -5.1698388E+00
    1.7550000E+01    6.3910427E+00   -6.3604320E+00   -3.9999999E+00   -2.9975062E+00   -3.1368801E+00   -3.6561993E+00   -1.0263064E+01   -3.5273130E+00   -2.3511284E+00   -3.6883690E+00   -6.4491713E+00   -7.5218223E+00   -1.5893343E+01   -1.4000000E+01   -5.4760372E+00   -3.1570605E+00   -1.4000000E+01   -6.5532321E+00   -3.0000000E+01   -2.3689416E+00   -9.1203418E+00   -9.3159552E+00   -9.3731279E+00   -1.0727757E+01   -1.1834180E+01   -1.1066381E+01   -2.0024960E+01   -8.0398779E+00   -6.3393187E+00   -9.2641887E+00   -1.2333205E+01   -7.3018033E+00   -8.8012250E+00   -5.1671772E+00
    1.7730000E+01    6.3931925E+00   -6.3625307E+00   -3.9999999E+00   -2.9968601E+00   -3.1359774E+00   -3.6267178E+00   -1.0273479E+01   -3.5301150E+00   -2.3512163E+00   -3.6880480E+00   -6.4491736E+00   -7.5263380E+00   -1.5899326E+01   -1.4000000E+01   -5.4602481E+00   -3.1566789E+00   -1.4000000E+01   -6.5535683E+00   -3.0000000E+01   -2.3668140E+00   -9.1268607E+00   -9.3181745E+00   -9.3816093E+00   -1.0730294E+01   -1.1838229E+01   -1.1055601E+01   -2.0015813E+01   -8.0376633E+00   -6.3348541E+00   -9.2647274E+00   -1.2335377E+01   -7.3044261E+00   -8.7963650E+00   -5.1645326E+00
    1.7910000E+01    6.3952819E+00   -6.3645698E+00   -3.9999999E+00   -2.9962187E+00   -3.1350391E+00   -3.5984571E+00   -1.0283412E+01   -3.5329020E+00   -2.3512626E+00   -3.6878889E+00   -6.4491759E+00   -7.5306236E+00   -1.5905134E+01   -1.4000000E+01   -5.4450393E+00   -3.1564820E+00   -1.4000000E+01   -6.5537426E+00   -3.0000000E+01   -2.3647062E+00   -9.1330129E+00   -9.3201479E+00   -9.3896666E+00   -1.0732659E+01   -1.1842162E+01   -1.1045164E+01   -2.0007063E+01   -8.0355101E+00   -6.3304727E+00   -9.2651115E+00   -1.2337449E+01   -7.3068348E+00   -8.7915888E+00   -5.1619105E+00
