# Time          5.0000E+01
# Units: Dimensionless (Log10(Q/Keq)
    Distance           Quartz           Albite           Dolomite-dis     Microcline       Pyrite           Fe(OH)3          Muscovite        Chamosite-7A     Illite           Kaolinite        Smectite-high    SiO2(am)         Calcite          POMC             O2(s)            Gibbsite     
    9.0000000E-02   -5.3009599E-01   -6.0449376E+00   -1.1028565E+01   -3.0307265E+00   -5.6403072E+01    2.9383602E-01    2.7532483E+00   -1.0596870E+01   -6.9881715E-01    3.7869271E+00   -1.2233956E+01   -4.3500448E-01   -5.1550919E+00   -3.2574237E+03    3.9091605E+00    2.1260815E+00
    2.7000000E-01   -2.7348066E-01   -5.2757948E+00   -1.0361370E+01   -2.3590678E+00   -5.6431690E+01    1.3206830E-03    2.9500341E+00   -1.0539524E+01   -1.7770321E-01    3.8252849E+00   -1.1168923E+01   -1.7838915E-01   -4.8247803E+00   -3.2565908E+03    3.9085827E+00    1.8886450E+00
    4.5000000E-01   -1.2284170E-01   -4.8416736E+00   -9.9306773E+00   -1.9283896E+00   -5.6500396E+01    1.5904619E-03    3.0202587E+00   -1.0581335E+01    8.5420012E-02    3.7661092E+00   -1.0518281E+01   -2.7750192E-02   -4.6090478E+00   -3.2557595E+03    3.9079998E+00    1.7084182E+00
    6.3000000E-01   -1.9193222E-02   -4.5319975E+00   -9.6086196E+00   -1.5835927E+00   -5.6590661E+01    1.7749572E-03    3.1133256E+00   -1.0631482E+01    2.9584270E-01    3.7216762E+00   -1.0049711E+01    7.5898289E-02   -4.4472490E+00   -3.2549300E+03    3.9074113E+00    1.5825533E+00
    8.1000000E-01    5.8119721E-02   -4.2944578E+00   -9.3503049E+00   -1.2988476E+00   -5.6692648E+01    1.8802260E-03    3.2065078E+00   -1.0694923E+01    4.6860093E-01    3.6847392E+00   -9.6896778E+00    1.5321123E-01   -4.3172856E+00   -3.2541021E+03    3.9068177E+00    1.4867718E+00
    9.9000000E-01    1.1876903E-01   -4.1043282E+00   -9.1334324E+00   -1.0617012E+00   -5.6800057E+01    1.9243708E-03    3.2888004E+00   -1.0769246E+01    6.1047320E-01    3.6511839E+00   -9.4019842E+00    2.1386054E-01   -4.2080587E+00   -3.2532759E+03    3.9062191E+00    1.4093449E+00
    1.1700000E+00    1.6799534E-01   -3.9475260E+00   -8.9450886E+00   -8.6293786E-01   -5.6908449E+01    1.9282890E-03    3.3574936E+00   -1.0849179E+01    7.2738321E-01    3.6195665E+00   -9.1648033E+00    2.6308686E-01   -4.1131242E+00   -3.2524514E+03    3.9056155E+00    1.3443098E+00
    1.3500000E+00    2.0893716E-01   -3.8153415E+00   -8.7772605E+00   -6.9511663E-01   -5.7014748E+01    1.9101233E-03    3.4131164E+00   -1.0929805E+01    8.2426424E-01    3.5892517E+00   -8.9639832E+00    3.0402867E-01   -4.0284814E+00   -3.2516285E+03    3.9050070E+00    1.2882106E+00
    1.5300000E+00    2.4361469E-01   -3.7020332E+00   -8.6248184E+00   -5.5219157E-01   -5.7117050E+01    1.8828993E-03    3.4573363E+00   -1.1007552E+01    9.0510490E-01    3.5599016E+00   -8.7900353E+00    3.3870620E-01   -3.9515682E+00   -3.2508073E+03    3.9043935E+00    1.2388580E+00
    1.7100000E+00    2.7340066E-01   -3.6036204E+00   -8.4843990E+00   -4.2931689E-01   -5.7214445E+01    1.8545067E-03    3.4920434E+00   -1.1080371E+01    9.7306277E-01    3.5313059E+00   -8.6365023E+00    3.6849217E-01   -3.8807033E+00   -3.2499871E+03    3.9037748E+00    1.1947742E+00
    1.8900000E+00    2.9930690E-01   -3.5171104E+00   -8.3535709E+00   -3.2273132E-01   -5.7306849E+01    1.8287127E-03    3.5188241E+00   -1.1147606E+01    1.0305890E+00    3.5033135E+00   -8.4987637E+00    3.9439841E-01   -3.8147034E+00   -3.2490094E+03    3.9031509E+00    1.1548718E+00
    2.0700000E+00    3.3347613E-01   -3.2880801E+00   -8.1909304E+00   -1.3051383E-01   -5.7431712E+01    1.4830101E-03    3.8512353E+00   -1.1048894E+01    1.3468806E+00    3.7118457E+00   -8.1899760E+00    4.2856764E-01   -3.7421840E+00   -3.2026674E+03    3.9025260E+00    1.2249686E+00
    2.2500000E+00    3.6293686E-01   -3.1922293E+00   -8.0428606E+00   -6.7619620E-02   -5.7534929E+01    1.4157362E-03    3.8266936E+00   -1.1148986E+01    1.3818033E+00    3.6833312E+00   -8.0429515E+00    4.5802837E-01   -3.6752109E+00   -3.1607974E+03    3.9018998E+00    1.1812507E+00
    2.4300000E+00    3.8866763E-01   -3.1081970E+00   -7.9067073E+00   -1.3429419E-02   -5.7624478E+01    1.3806356E-03    3.8007891E+00   -1.1226462E+01    1.4095751E+00    3.6546981E+00   -7.9088294E+00    4.8375914E-01   -3.6129265E+00   -3.1226112E+03    3.9012678E+00    1.1412033E+00
    2.6100000E+00    4.1136205E-01   -3.0332286E+00   -7.7805739E+00    3.4282309E-02   -5.7705407E+01    1.3612838E-03    3.7757288E+00   -1.1289828E+01    1.4330117E+00    3.6273149E+00   -7.7859187E+00    5.0645356E-01   -3.5546955E+00   -3.0875125E+03    3.9006299E+00    1.1048173E+00
    2.7900000E+00    4.3153362E-01   -2.9658866E+00   -7.6630017E+00    7.6536951E-02   -5.7780563E+01    1.3495477E-03    3.7512660E+00   -1.1344770E+01    1.4527591E+00    3.6009406E+00   -7.6732639E+00    5.2662513E-01   -3.5000065E+00   -3.0550393E+03    3.8999860E+00    1.0714586E+00
    2.9700000E+00    4.4957467E-01   -2.9050436E+00   -7.5528404E+00    1.1413036E-01   -5.7851480E+01    1.3415953E-03    3.7272544E+00   -1.1394254E+01    1.4693456E+00    3.5754177E+00   -7.5697674E+00    5.4466618E-01   -3.4484407E+00   -3.0248259E+03    3.8993360E+00    1.0406561E+00
    3.1500000E+00    4.6579542E-01   -2.8497609E+00   -7.4491625E+00    1.4773874E-01   -5.7919002E+01    1.3356702E-03    3.7037052E+00   -1.1439765E+01    1.4832846E+00    3.5507016E+00   -7.4743120E+00    5.6088693E-01   -3.3996500E+00   -2.9965782E+03    3.8986799E+00    1.0120773E+00
    3.3300000E+00    4.8044509E-01   -2.7992809E+00   -7.3512082E+00    1.7790863E-01   -5.7983636E+01    1.3309603E-03    3.6806258E+00   -1.1482122E+01    1.4949874E+00    3.5267517E+00   -7.3859035E+00    5.7553660E-01   -3.3533412E+00   -2.9700559E+03    3.8980175E+00    9.8545266E-01
    3.5100000E+00    4.9372672E-01   -2.7529840E+00   -7.2583465E+00    2.0508741E-01   -5.8045725E+01    1.3270686E-03    3.6580204E+00   -1.1521823E+01    1.5047874E+00    3.5035307E+00   -7.3036880E+00    5.8881823E-01   -3.3092656E+00   -2.9450603E+03    3.8973489E+00    9.6056055E-01
    3.6900000E+00    5.0580774E-01   -2.7103579E+00   -7.1700470E+00    2.2964553E-01   -5.8105525E+01    1.3237796E-03    3.6358898E+00   -1.1559213E+01    1.5129575E+00    3.4810040E+00   -7.2269414E+00    6.0089925E-01   -3.2672101E+00   -2.9214252E+03    3.8966738E+00    9.3721619E-01
    3.8700000E+00    5.1682772E-01   -2.6709744E+00   -7.0858591E+00    2.5189279E-01   -5.8163246E+01    1.3209608E-03    3.6142322E+00   -1.1594551E+01    1.5197235E+00    3.4591392E+00   -7.1550511E+00    6.1191923E-01   -3.2269905E+00   -2.8990101E+03    3.8959923E+00    9.1526381E-01
    4.0500000E+00    5.2690412E-01   -2.6344727E+00   -7.0053970E+00    2.7209060E-01   -5.8219063E+01    1.3185212E-03    3.5930438E+00   -1.1628045E+01    1.5252737E+00    3.4379058E+00   -7.0874971E+00    6.2199564E-01   -3.1884469E+00   -2.8776952E+03    3.8953043E+00    8.9457070E-01
    4.2300000E+00    5.3613670E-01   -2.6005457E+00   -6.9283271E+00    2.9046134E-01   -5.8273130E+01    1.3163937E-03    3.5723188E+00   -1.1659870E+01    1.5297660E+00    3.4172752E+00   -7.0238353E+00    6.3122821E-01   -3.1514393E+00   -2.8573775E+03    3.8946097E+00    8.7502283E-01
    4.4100000E+00    5.4461076E-01   -2.5689308E+00   -6.8543592E+00    3.0719551E-01   -5.8325579E+01    1.3145263E-03    3.5520501E+00   -1.1690171E+01    1.5333344E+00    3.3972204E+00   -6.9636840E+00    6.3970227E-01   -3.1158446E+00   -2.8379679E+03    3.8939083E+00    8.5652137E-01
    4.5900000E+00    5.5239985E-01   -2.5394011E+00   -6.7832392E+00    3.2245742E-01   -5.8376531E+01    1.3128779E-03    3.5322293E+00   -1.1719076E+01    1.5360925E+00    3.3777159E+00   -6.9067129E+00    6.4749136E-01   -3.0815539E+00   -2.8193886E+03    3.8932002E+00    8.3898003E-01
    4.7700000E+00    5.5956774E-01   -2.5117602E+00   -6.7147430E+00    3.3638960E-01   -5.8426090E+01    1.3114155E-03    3.5128475E+00   -1.1746696E+01    1.5381378E+00    3.3587377E+00   -6.8526347E+00    6.5465925E-01   -3.0484702E+00   -2.8015715E+03    3.8924853E+00    8.2232301E-01
    4.9500000E+00    5.6617007E-01   -2.4858365E+00   -6.6486723E+00    3.4911641E-01   -5.8474350E+01    1.3101120E-03    3.4938948E+00   -1.1773127E+01    1.5395539E+00    3.3402629E+00   -6.8011978E+00    6.6126158E-01   -3.0165072E+00   -2.7844566E+03    3.8917634E+00    8.0648329E-01
    5.1300000E+00    5.7225564E-01   -2.4614795E+00   -6.5848506E+00    3.6074685E-01   -5.8521398E+01    1.3089453E-03    3.4753612E+00   -1.1798455E+01    1.5404133E+00    3.3222700E+00   -6.7521811E+00    6.6734715E-01   -2.9855872E+00   -2.7679905E+03    3.8910346E+00    7.9140127E-01
    5.3100000E+00    5.7786748E-01   -2.4385568E+00   -6.5231199E+00    3.7137696E-01   -5.8567310E+01    1.3078969E-03    3.4572363E+00   -1.1822756E+01    1.5407785E+00    3.3047386E+00   -6.7053888E+00    6.7295899E-01   -2.9556406E+00   -2.7521259E+03    3.8902986E+00    7.7702373E-01
    5.4900000E+00    5.8304372E-01   -2.4169508E+00   -6.4633386E+00    3.8109168E-01   -5.8612156E+01    1.3069515E-03    3.4395093E+00   -1.1846099E+01    1.5407042E+00    3.2876494E+00   -6.6606473E+00    6.7813523E-01   -2.9266042E+00   -2.7368203E+03    3.8895554E+00    7.6330290E-01
    5.6700000E+00    5.8781824E-01   -2.3965574E+00   -6.4053787E+00    3.8996648E-01   -5.8655999E+01    1.3060960E-03    3.4221697E+00   -1.1868544E+01    1.5402382E+00    3.2709841E+00   -6.6178016E+00    6.8290975E-01   -2.8984209E+00   -2.7220358E+03    3.8888050E+00    7.5019571E-01
    5.8500000E+00    5.9222134E-01   -2.3772834E+00   -6.3491246E+00    3.9806864E-01   -5.8698897E+01    1.3053195E-03    3.4052069E+00   -1.1890148E+01    1.5394223E+00    3.2547252E+00   -6.5767131E+00    6.8731285E-01   -2.8710388E+00   -2.7077379E+03    3.8880472E+00    7.3766320E-01
    6.0300000E+00    5.9628017E-01   -2.3590455E+00   -6.2944715E+00    4.0545837E-01   -5.8740904E+01    1.3046126E-03    3.3886102E+00   -1.1910960E+01    1.5382934E+00    3.2388565E+00   -6.5372573E+00    6.9137168E-01   -2.8444104E+00   -2.6938958E+03    3.8872820E+00    7.2566999E-01
    6.2100000E+00    6.0001915E-01   -2.3417686E+00   -6.2413237E+00    4.1218971E-01   -5.8782068E+01    1.3039674E-03    3.3723692E+00   -1.1931026E+01    1.5368840E+00    3.2233621E+00   -6.4993216E+00    6.9511066E-01   -2.8184925E+00   -2.6804811E+03    3.8865092E+00    7.1418382E-01
    6.3900000E+00    6.0346034E-01   -2.3253854E+00   -6.1895940E+00    4.1831134E-01   -5.8822434E+01    1.3033770E-03    3.3564736E+00   -1.1950389E+01    1.5352228E+00    3.2082272E+00   -6.4628046E+00    6.9855185E-01   -2.7932452E+00   -2.6674683E+03    3.8857288E+00    7.0317521E-01
    6.5700000E+00    6.0662369E-01   -2.3098346E+00   -6.1392022E+00    4.2386725E-01   -5.8862044E+01    1.3028354E-03    3.3409133E+00   -1.1969086E+01    1.5333354E+00    3.1934378E+00   -6.4276139E+00    7.0171520E-01   -2.7686321E+00   -2.6548341E+03    3.8849406E+00    6.9261712E-01
    6.7500000E+00    6.0952733E-01   -2.2950609E+00   -6.0900749E+00    4.2889727E-01   -5.8900937E+01    1.3023375E-03    3.3256785E+00   -1.1987153E+01    1.5312443E+00    3.1789802E+00   -6.3936656E+00    7.0461884E-01   -2.7446194E+00   -2.6425569E+03    3.8841446E+00    6.8248469E-01
    6.9300000E+00    6.1218778E-01   -2.2810138E+00   -6.0421444E+00    4.3343759E-01   -5.8939149E+01    1.3018788E-03    3.3107593E+00   -1.2004623E+01    1.5289698E+00    3.1648416E+00   -6.3608829E+00    7.0727929E-01   -2.7211758E+00   -2.6306173E+03    3.8833407E+00    6.7275496E-01
    7.1100000E+00    6.1462010E-01   -2.2676474E+00   -5.9953480E+00    4.3752117E-01   -5.8976714E+01    1.3014555E-03    3.2961464E+00   -1.2021526E+01    1.5265299E+00    3.1510097E+00   -6.3291957E+00    7.0971161E-01   -2.6982726E+00   -2.6189970E+03    3.8825288E+00    6.6340669E-01
    7.2900000E+00    6.1683808E-01   -2.2549196E+00   -5.9496277E+00    4.4117814E-01   -5.9013662E+01    1.3010640E-03    3.2818303E+00   -1.2037890E+01    1.5239406E+00    3.1374726E+00   -6.2985394E+00    7.1192959E-01   -2.6758828E+00   -2.6076795E+03    3.8817088E+00    6.5442015E-01
    7.4700000E+00    6.1885437E-01   -2.2427919E+00   -5.9049292E+00    4.4443607E-01   -5.9050026E+01    1.3007016E-03    3.2678018E+00   -1.2053741E+01    1.5212163E+00    3.1242188E+00   -6.2688542E+00    7.1394588E-01   -2.6539813E+00   -2.5966495E+03    3.8808805E+00    6.4577695E-01
    7.6500000E+00    6.2068057E-01   -2.2312288E+00   -5.8612020E+00    4.4732029E-01   -5.9085833E+01    1.3003655E-03    3.2540519E+00   -1.2069105E+01    1.5183697E+00    3.1112370E+00   -6.2400850E+00    7.1577208E-01   -2.6325445E+00   -2.5858925E+03    3.8800439E+00    6.3745986E-01
    7.8300000E+00    6.2232736E-01   -2.2201978E+00   -5.8183985E+00    4.4985422E-01   -5.9121113E+01    1.3000535E-03    3.2405714E+00   -1.2084005E+01    1.5154121E+00    3.0985162E+00   -6.2121803E+00    7.1741887E-01   -2.6115500E+00   -2.5753957E+03    3.8791989E+00    6.2945266E-01
    8.0100000E+00    6.2380035E-01   -2.2096791E+00   -5.7764786E+00    4.5207947E-01   -5.9155881E+01    1.2997989E-03    3.2273732E+00   -1.2098441E+01    1.5123595E+00    3.0860387E+00   -6.1850959E+00    7.1889186E-01   -2.5909794E+00   -2.5651795E+03    3.8783453E+00    6.2174094E-01
    8.1900000E+00    6.2381985E-01   -2.2046639E+00   -5.7367207E+00    4.5815581E-01   -5.9157314E+01    1.2775013E-03    3.2154273E+00   -1.2050568E+01    1.5066681E+00    3.0680555E+00   -6.1474849E+00    7.1891136E-01   -2.5714721E+00   -2.5650093E+03    3.8774770E+00    6.1272984E-01
    8.3700000E+00    6.2369577E-01   -2.1982035E+00   -5.6977049E+00    4.6563764E-01   -5.9187930E+01    1.2874743E-03    3.2091344E+00   -1.2057796E+01    1.5050936E+00    3.0540326E+00   -6.1230341E+00    7.1878728E-01   -2.5523313E+00   -2.5648392E+03    3.8765938E+00    6.0584248E-01
    8.5500000E+00    6.2343608E-01   -2.1921528E+00   -5.6594240E+00    4.7267352E-01   -5.9221252E+01    1.2883379E-03    3.2029169E+00   -1.2070985E+01    1.5033684E+00    3.0402598E+00   -6.1008566E+00    7.1852759E-01   -2.5335539E+00   -2.5646692E+03    3.8757016E+00    5.9921575E-01
    8.7300000E+00    6.2304823E-01   -2.1864959E+00   -5.6218439E+00    4.7928649E-01   -5.9254461E+01    1.2882236E-03    3.1967711E+00   -1.2084481E+01    1.5015007E+00    3.0267254E+00   -6.0794988E+00    7.1813974E-01   -2.5151229E+00   -2.5644992E+03    3.8748004E+00    5.9283637E-01
    8.9100000E+00    6.2253917E-01   -2.1812137E+00   -5.5849341E+00    4.8550017E-01   -5.9287268E+01    1.2880191E-03    3.1906995E+00   -1.2097681E+01    1.4995030E+00    3.0134219E+00   -6.0587710E+00    7.1763068E-01   -2.4970253E+00   -2.5643293E+03    3.8738900E+00    5.8669373E-01
    9.0900000E+00    6.2191536E-01   -2.1762873E+00   -5.5486669E+00    4.9133637E-01   -5.9319656E+01    1.2878173E-03    3.1847035E+00   -1.2110535E+01    1.4973869E+00    3.0003422E+00   -6.0386213E+00    7.1700687E-01   -2.4792521E+00   -2.5641595E+03    3.8729704E+00    5.8077765E-01
    9.2700000E+00    6.2118286E-01   -2.1716991E+00   -5.5130157E+00    4.9681509E-01   -5.9351637E+01    1.2876267E-03    3.1787834E+00   -1.2123051E+01    1.4951634E+00    2.9874784E+00   -6.0190101E+00    7.1627437E-01   -2.4617991E+00   -2.5639898E+03    3.8720413E+00    5.7507825E-01
    9.4500000E+00    6.2034732E-01   -2.1674327E+00   -5.4779559E+00    5.0195466E-01   -5.9383227E+01    1.2874472E-03    3.1729382E+00   -1.2135244E+01    1.4928433E+00    2.9748224E+00   -5.9998961E+00    7.1543883E-01   -2.4446678E+00   -2.5638202E+03    3.8711028E+00    5.6958583E-01
    9.6300000E+00    6.1941403E-01   -2.1634730E+00   -5.4434635E+00    5.0677180E-01   -5.9414437E+01    1.2872781E-03    3.1671655E+00   -1.2147126E+01    1.4904372E+00    2.9623660E+00   -5.9812354E+00    7.1450554E-01   -2.4278647E+00   -2.5636506E+03    3.8701546E+00    5.6429092E-01
    9.8100000E+00    6.1838797E-01   -2.1598065E+00   -5.4095165E+00    5.1128183E-01   -5.9445279E+01    1.2871185E-03    3.1614623E+00   -1.2158713E+01    1.4879551E+00    2.9501008E+00   -5.9629824E+00    7.1347948E-01   -2.4114000E+00   -2.5634812E+03    3.8691966E+00    5.5918433E-01
    9.9900000E+00    6.1727381E-01   -2.1564206E+00   -5.3760945E+00    5.1549884E-01   -5.9475763E+01    1.2869675E-03    3.1558255E+00   -1.2170018E+01    1.4854066E+00    2.9380186E+00   -5.9450933E+00    7.1236532E-01   -2.3952857E+00   -2.5633118E+03    3.8682287E+00    5.5425741E-01
    1.0170000E+01    6.1607596E-01   -2.1533036E+00   -5.3431797E+00    5.1943603E-01   -5.9505895E+01    1.2868244E-03    3.1502525E+00   -1.2181052E+01    1.4828006E+00    2.9261127E+00   -5.9275298E+00    7.1116747E-01   -2.3795318E+00   -2.5631424E+03    3.8672509E+00    5.4950232E-01
    1.0350000E+01    6.1479858E-01   -2.1504443E+00   -5.3107576E+00    5.2310590E-01   -5.9535680E+01    1.2866883E-03    3.1447426E+00   -1.2191825E+01    1.4801449E+00    2.9143782E+00   -5.9102631E+00    7.0989009E-01   -2.3641436E+00   -2.5629732E+03    3.8662629E+00    5.4491243E-01
    1.0530000E+01    6.1344564E-01   -2.1478318E+00   -5.2788178E+00    5.2652049E-01   -5.9565117E+01    1.2865585E-03    3.1392976E+00   -1.2202345E+01    1.4774463E+00    2.9028127E+00   -5.8932773E+00    7.0853716E-01   -2.3491191E+00   -2.5628040E+03    3.8652645E+00    5.4048265E-01
    1.0710000E+01    6.1202094E-01   -2.1454552E+00   -5.2473544E+00    5.2969143E-01   -5.9594203E+01    1.2864339E-03    3.1339229E+00   -1.2212614E+01    1.4747110E+00    2.8914176E+00   -5.8765713E+00    7.0711245E-01   -2.3344482E+00   -2.5626349E+03    3.8642558E+00    5.3620981E-01
    1.0890000E+01    6.1052813E-01   -2.1433040E+00   -5.2163665E+00    5.3262990E-01   -5.9622924E+01    1.2863137E-03    3.1286277E+00   -1.2222631E+01    1.4719446E+00    2.8801983E+00   -5.8601590E+00    7.0561964E-01   -2.3201130E+00   -2.5624659E+03    3.8632366E+00    5.3209296E-01
    1.1070000E+01    6.0897077E-01   -2.1413681E+00   -5.1858597E+00    5.3534638E-01   -5.9651258E+01    1.2861966E-03    3.1234257E+00   -1.2232391E+01    1.4691529E+00    2.8691651E+00   -5.8440688E+00    7.0406228E-01   -2.3060900E+00   -2.5622970E+03    3.8622066E+00    5.2813372E-01
    1.1250000E+01    6.0735240E-01   -2.1396382E+00   -5.1558468E+00    5.3785031E-01   -5.9679167E+01    1.2860812E-03    3.1183357E+00   -1.2241882E+01    1.4663432E+00    2.8583345E+00   -5.8283413E+00    7.0244391E-01   -2.2923538E+00   -2.5621281E+03    3.8611658E+00    5.2433677E-01
    1.1430000E+01    6.0567656E-01   -2.1381062E+00   -5.1263507E+00    5.4014954E-01   -5.9706595E+01    1.2859657E-03    3.1133825E+00   -1.2251084E+01    1.4635249E+00    2.8477304E+00   -5.8130290E+00    7.0076808E-01   -2.2788814E+00   -2.5619593E+03    3.8601141E+00    5.2071056E-01
    1.1610000E+01    6.0394692E-01   -2.1367661E+00   -5.0974079E+00    5.4224969E-01   -5.9733454E+01    1.2858476E-03    3.1085985E+00   -1.2259969E+01    1.4607116E+00    2.8373869E+00   -5.7981954E+00    6.9903843E-01   -2.2656576E+00   -2.5617906E+03    3.8590512E+00    5.1726848E-01
    1.1790000E+01    6.0216735E-01   -2.1356148E+00   -5.0690741E+00    5.4415326E-01   -5.9758952E+01    1.2857237E-03    3.1040262E+00   -1.2268495E+01    1.4579224E+00    2.8273520E+00   -5.7839172E+00    6.9725886E-01   -2.2526806E+00   -2.5616219E+03    3.8579771E+00    5.1403057E-01
    1.1970000E+01    6.0034212E-01   -2.1346531E+00   -5.0414330E+00    5.4585859E-01   -5.9602027E+01    1.2855897E-03    3.0997230E+00   -1.2276603E+01    1.4551851E+00    2.8176929E+00   -5.7702901E+00    6.9543363E-01   -2.2399682E+00   -2.5614534E+03    3.8568916E+00    5.1102628E-01
    1.2150000E+01    5.9847609E-01   -2.1338868E+00   -5.0146076E+00    5.4735837E-01   -5.6092072E+01    1.2854397E-03    3.0957668E+00   -1.2284206E+01    1.4525391E+00    2.8085050E+00   -5.7574370E+00    6.9356760E-01   -2.2275647E+00   -2.5612849E+03    3.8557946E+00    5.0829832E-01
    1.2330000E+01    5.9657826E-01   -2.1333334E+00   -4.9888023E+00    5.4863992E-01   -5.1161564E+01    1.2854932E-03    3.0922654E+00   -1.2291021E+01    1.4500414E+00    2.7999263E+00   -5.7454918E+00    6.9166977E-01   -2.2155616E+00   -2.5611164E+03    3.8546858E+00    5.0590682E-01
    1.2510000E+01    5.9563369E-01   -2.3731048E+00   -4.9717037E+00    3.1158236E-01   -4.5908410E+01    2.9324794E-03    2.3728111E+00   -1.2175954E+01    8.9890762E-01    2.3156404E+00   -5.8856767E+00    6.9072520E-01   -2.2076031E+00   -2.5609485E+03    3.8535582E+00    2.6470843E-01
    1.2690000E+01    5.9468978E-01   -2.3748649E+00   -4.9547279E+00    3.1250318E-01   -4.5310708E+01    3.0148316E-03    2.3673847E+00   -1.2158807E+01    8.9517886E-01    2.3074053E+00   -5.8722619E+00    6.8978129E-01   -2.1996595E+00   -2.5607806E+03    3.8524532E+00    2.6153482E-01
    1.2870000E+01    5.9374118E-01   -2.3756211E+00   -4.9378823E+00    3.1439317E-01   -4.4973474E+01    3.0193046E-03    2.3650055E+00   -1.2162784E+01    8.9376213E-01    2.3012390E+00   -5.8635213E+00    6.8883269E-01   -2.1917349E+00   -2.5606128E+03    3.8513784E+00    2.5940025E-01
    1.3050000E+01    5.9278798E-01   -2.3763777E+00   -4.9211639E+00    3.1624935E-01   -4.4738895E+01    3.0193586E-03    2.3626607E+00   -1.2167995E+01    8.9234808E-01    2.2951316E+00   -5.8552178E+00    6.8787949E-01   -2.1838291E+00   -2.5604450E+03    3.8503342E+00    2.5729975E-01
    1.3230000E+01    5.9183026E-01   -2.3771381E+00   -4.9045703E+00    3.1806982E-01   -4.4560255E+01    3.0191708E-03    2.3603405E+00   -1.2173223E+01    8.9092988E-01    2.2890755E+00   -5.8470448E+00    6.8692177E-01   -2.1759428E+00   -2.5602773E+03    3.8493209E+00    2.5522942E-01
    1.3410000E+01    5.9086813E-01   -2.3779023E+00   -4.8880991E+00    3.1985588E-01   -4.4416967E+01    3.0189753E-03    2.3580447E+00   -1.2178401E+01    8.8950807E-01    2.2830693E+00   -5.8389810E+00    6.8595964E-01   -2.1680774E+00   -2.5601097E+03    3.8483390E+00    2.5318847E-01
    1.3590000E+01    5.8990166E-01   -2.3786707E+00   -4.8717481E+00    3.2160891E-01   -4.4298062E+01    3.0187850E-03    2.3557729E+00   -1.2183526E+01    8.8808321E-01    2.2771116E+00   -5.8310215E+00    6.8499317E-01   -2.1602345E+00   -2.5599421E+03    3.8473889E+00    2.5117609E-01
    1.3770000E+01    5.8893094E-01   -2.3794435E+00   -4.8555151E+00    3.2333038E-01   -4.4196993E+01    3.0186007E-03    2.3535251E+00   -1.2188601E+01    8.8665590E-01    2.2712009E+00   -5.8231620E+00    6.8402245E-01   -2.1524159E+00   -2.5597746E+03    3.8464711E+00    2.4919144E-01
    1.3950000E+01    5.8795606E-01   -2.3802212E+00   -4.8393983E+00    3.2502192E-01   -4.4109535E+01    3.0184225E-03    2.3513011E+00   -1.2193627E+01    8.8522671E-01    2.2653356E+00   -5.8153984E+00    6.8304757E-01   -2.1446236E+00   -2.5596072E+03    3.8455859E+00    2.4723365E-01
    1.4130000E+01    5.8697710E-01   -2.3810040E+00   -4.8233959E+00    3.2668535E-01   -4.4032803E+01    3.0182503E-03    2.3491009E+00   -1.2198605E+01    8.8379624E-01    2.2595140E+00   -5.8077273E+00    6.8206861E-01   -2.1368591E+00   -2.5594399E+03    3.8447339E+00    2.4530184E-01
    1.4310000E+01    5.8599413E-01   -2.3817923E+00   -4.8075062E+00    3.2832280E-01   -4.3964739E+01    3.0180842E-03    2.3469250E+00   -1.2203538E+01    8.8236504E-01    2.2537348E+00   -5.8001464E+00    6.8108564E-01   -2.1291232E+00   -2.5592726E+03    3.8439154E+00    2.4339519E-01
    1.4490000E+01    5.8500724E-01   -2.3825864E+00   -4.7917282E+00    3.2993673E-01   -4.3903826E+01    3.0179241E-03    2.3447745E+00   -1.2208426E+01    8.8093365E-01    2.2479965E+00   -5.7926548E+00    6.8009876E-01   -2.1214154E+00   -2.5591054E+03    3.8431309E+00    2.4151295E-01
    1.4670000E+01    5.8401651E-01   -2.3833867E+00   -4.7760607E+00    3.3153010E-01   -4.3848908E+01    3.0177701E-03    2.3426511E+00   -1.2213270E+01    8.7950254E-01    2.2422983E+00   -5.7852546E+00    6.7910802E-01   -2.1137329E+00   -2.5589382E+03    3.8423809E+00    2.3965458E-01
    1.4850000E+01    5.8302200E-01   -2.3841930E+00   -4.7605033E+00    3.3310651E-01   -4.3799088E+01    3.0176222E-03    2.3405579E+00   -1.2218073E+01    8.7807208E-01    2.2366397E+00   -5.7779515E+00    6.7811351E-01   -2.1060698E+00   -2.5587711E+03    3.8416658E+00    2.3781977E-01
    1.5030000E+01    5.8202380E-01   -2.3850053E+00   -4.7450560E+00    3.3467027E-01   -4.3753653E+01    3.0174803E-03    2.3384994E+00   -1.2222832E+01    8.7664251E-01    2.2310211E+00   -5.7707564E+00    6.7711531E-01   -2.0984159E+00   -2.5586041E+03    3.8409861E+00    2.3600865E-01
    1.5210000E+01    5.8102198E-01   -2.3858229E+00   -4.7297195E+00    3.3622665E-01   -4.3712031E+01    3.0173444E-03    2.3364822E+00   -1.2227547E+01    8.7521395E-01    2.2254438E+00   -5.7636864E+00    6.7611349E-01   -2.0907554E+00   -2.5584372E+03    3.8403423E+00    2.3422184E-01
    1.5390000E+01    5.8001662E-01   -2.3866448E+00   -4.7144956E+00    3.3778194E-01   -4.3673748E+01    3.0172144E-03    2.3345151E+00   -1.2232215E+01    8.7378635E-01    2.2199107E+00   -5.7567667E+00    6.7510813E-01   -2.0830662E+00   -2.5582703E+03    3.8397349E+00    2.3246065E-01
    1.5570000E+01    5.7900778E-01   -2.3874697E+00   -4.6993872E+00    3.3934361E-01   -4.3638412E+01    3.0170901E-03    2.3326097E+00   -1.2236832E+01    8.7235957E-01    2.2144260E+00   -5.7500308E+00    6.7409929E-01   -2.0753193E+00   -2.5581035E+03    3.8391643E+00    2.3072713E-01
    1.5750000E+01    5.7799555E-01   -2.3882957E+00   -4.6843991E+00    3.4092032E-01   -4.3605693E+01    3.0169714E-03    2.3307806E+00   -1.2241392E+01    8.7093343E-01    2.2089957E+00   -5.7435212E+00    6.7308707E-01   -2.0674791E+00   -2.5579367E+03    3.8386310E+00    2.2902423E-01
    1.5930000E+01    5.7698002E-01   -2.3891209E+00   -4.6695383E+00    3.4252194E-01   -4.3575307E+01    3.0168578E-03    2.3290454E+00   -1.2245888E+01    8.6950787E-01    2.2036278E+00   -5.7372895E+00    6.7207153E-01   -2.0595042E+00   -2.5577700E+03    3.8381356E+00    2.2735582E-01
    1.6110000E+01    5.7596126E-01   -2.3899432E+00   -4.6548155E+00    3.4415945E-01   -4.3547005E+01    3.0167490E-03    2.3274248E+00   -1.2250310E+01    8.6808318E-01    2.1983322E+00   -5.7313949E+00    6.7105278E-01   -2.0513497E+00   -2.5576034E+03    3.8376786E+00    2.2572675E-01
    1.6290000E+01    5.7493938E-01   -2.3907610E+00   -4.6402458E+00    3.4584471E-01   -4.3520569E+01    3.0166443E-03    2.3259424E+00   -1.2254646E+01    8.6666030E-01    2.1931207E+00   -5.7259034E+00    6.7003089E-01   -2.0429703E+00   -2.5574369E+03    3.8372604E+00    2.2414291E-01
    1.6470000E+01    5.7391448E-01   -2.3915734E+00   -4.6258509E+00    3.4759018E-01   -4.3495795E+01    3.0165426E-03    2.3246247E+00   -1.2258883E+01    8.6524125E-01    2.1880078E+00   -5.7208855E+00    6.6900599E-01   -2.0343240E+00   -2.5572704E+03    3.8368815E+00    2.2261135E-01
    1.6650000E+01    5.7288667E-01   -2.3923812E+00   -4.6116614E+00    3.4940850E-01   -4.3472494E+01    3.0164426E-03    2.3235014E+00   -1.2263004E+01    8.6382968E-01    2.1830105E+00   -5.7164153E+00    6.6797818E-01   -2.0253770E+00   -2.5571040E+03    3.8365426E+00    2.2114051E-01
    1.6830000E+01    5.7185610E-01   -2.3931871E+00   -4.5977192E+00    3.5131193E-01   -4.3450477E+01    3.0163423E-03    2.3226052E+00   -1.2266988E+01    8.6243157E-01    2.1781498E+00   -5.7125685E+00    6.6694762E-01   -2.0161086E+00   -2.5569376E+03    3.8362441E+00    2.1974072E-01
    1.7010000E+01    5.7082295E-01   -2.3939969E+00   -4.5840819E+00    3.5331164E-01   -4.3429549E+01    3.0162389E-03    2.3219736E+00   -1.2270811E+01    8.6105617E-01    2.1734522E+00   -5.7094230E+00    6.6591447E-01   -2.0065162E+00   -2.5567713E+03    3.8359866E+00    2.1842506E-01
    1.7190000E+01    5.6978744E-01   -2.3948206E+00   -4.5708269E+00    3.5541678E-01   -4.3409492E+01    3.0161284E-03    2.3216499E+00   -1.2274438E+01    8.5971725E-01    2.1689523E+00   -5.7070603E+00    6.6487895E-01   -1.9966205E+00   -2.5566051E+03    3.8357706E+00    2.1721064E-01
    1.7370000E+01    5.6874983E-01   -2.3956735E+00   -4.5580578E+00    3.5763327E-01   -4.3390057E+01    3.0160050E-03    2.3216867E+00   -1.2277826E+01    8.5843473E-01    2.1646974E+00   -5.7055697E+00    6.6384134E-01   -1.9864705E+00   -2.5564389E+03    3.8355966E+00    2.1612080E-01
    1.7550000E+01    5.6771050E-01   -2.3965782E+00   -4.5459134E+00    3.5996210E-01   -4.3370933E+01    3.0158607E-03    2.3221503E+00   -1.2280910E+01    8.5723700E-01    2.1607536E+00   -5.7050560E+00    6.6280202E-01   -1.9761482E+00   -2.5562729E+03    3.8354653E+00    2.1518820E-01
    1.7730000E+01    5.6666997E-01   -2.3975665E+00   -4.5345793E+00    3.6239711E-01   -4.3351729E+01    3.0156841E-03    2.3231278E+00   -1.2283600E+01    8.5616410E-01    2.1572149E+00   -5.7056509E+00    6.6176148E-01   -1.9657750E+00   -2.5561068E+03    3.8353772E+00    2.1445942E-01
    1.7910000E+01    5.6563225E-01   -2.3986783E+00   -4.5243338E+00    3.6491254E-01   -4.3331992E+01    3.0154587E-03    2.3247281E+00   -1.2285763E+01    8.5527404E-01    2.1542244E+00   -5.7075187E+00    6.6072376E-01   -1.9555519E+00   -2.5559414E+03    3.8353328E+00    2.1400185E-01
