# Time          5.0000E+01
# Units: Dimensionless (Log10(Q/Keq)
    Distance           Quartz           Albite           Dolomite-dis     Microcline       Pyrite           Fe(OH)3          Muscovite        Chamosite-7A     Illite           Kaolinite        Smectite-high    SiO2(am)         Calcite          POMC             O2(s)            Gibbsite     
    9.0000000E-02   -8.8007456E-01   -7.1893456E+00   -1.2387118E+01   -4.0023080E+00   -5.6357823E+01    6.0698704E-01    2.1287739E+00   -1.0850812E+01   -1.6990300E+00    3.4340771E+00   -1.3838988E+01   -7.8498305E-01   -5.8256655E+00   -3.2579992E+03    3.9093711E+00    2.2996350E+00
    2.7000000E-01   -6.6137925E-01   -6.3773326E+00   -1.1824589E+01   -3.3151770E+00   -5.6350353E+01    7.2640972E-04    2.8220036E+00   -1.0409905E+01   -8.3588957E-01    3.8775664E+00   -1.2769346E+01   -5.6628774E-01   -5.5559272E+00   -3.2577384E+03    3.9092162E+00    2.3026844E+00
    4.5000000E-01   -5.3303267E-01   -5.9843493E+00   -1.1451127E+01   -3.0105976E+00   -5.6350158E+01    8.6231440E-04    2.9109069E+00   -1.0324827E+01   -5.7060315E-01    3.9185834E+00   -1.2170746E+01   -4.3794116E-01   -5.3705508E+00   -3.2574778E+03    3.9090581E+00    2.1948463E+00
    6.3000000E-01   -4.3583379E-01   -5.7149031E+00   -1.1160955E+01   -2.8053072E+00   -5.6360601E+01    1.0109320E-03    2.8817827E+00   -1.0314497E+01   -4.4452570E-01    3.8785667E+00   -1.1750939E+01   -3.4074228E-01   -5.2253498E+00   -3.2572173E+03    3.9088967E+00    2.0776391E+00
    8.1000000E-01   -3.5746655E-01   -5.4995595E+00   -1.0920148E+01   -2.6354501E+00   -5.6379623E+01    1.1612149E-03    2.8499266E+00   -1.0310582E+01   -3.5014206E-01    3.8335880E+00   -1.1411332E+01   -2.6237504E-01   -5.1045813E+00   -3.2569570E+03    3.9087319E+00    1.9767825E+00
    9.9000000E-01   -2.9267676E-01   -5.3174289E+00   -1.0713680E+01   -2.4830025E+00   -5.6405095E+01    1.3087564E-03    2.8363510E+00   -1.0302804E+01   -2.6324648E-01    3.7971443E+00   -1.1121635E+01   -1.9758525E-01   -5.0009407E+00   -3.2566969E+03    3.9085639E+00    1.8937708E+00
    1.1700000E+00   -2.3806547E-01   -5.1600118E+00   -1.0533132E+01   -2.3412315E+00   -5.6435589E+01    1.4495257E-03    2.8397151E+00   -1.0294032E+01   -1.7982674E-01    3.7679599E+00   -1.0869233E+01   -1.4297396E-01   -4.9102567E+00   -3.2564369E+03    3.9083927E+00    1.8245674E+00
    1.3500000E+00   -1.9124676E-01   -5.0222151E+00   -1.0373101E+01   -2.2065537E+00   -5.6470180E+01    1.5802226E-03    2.8561991E+00   -1.0287547E+01   -9.9293529E-02    3.7434036E+00   -1.0646602E+01   -9.6155246E-02   -4.8298366E+00   -3.2561770E+03    3.9082184E+00    1.7654705E+00
    1.5300000E+00   -1.5052220E-01   -4.9002986E+00   -1.0229826E+01   -2.0769126E+00   -5.6508235E+01    1.6983462E-03    2.8827553E+00   -1.0285144E+01   -2.1391315E-02    3.7217678E+00   -1.0448342E+01   -5.5430688E-02   -4.7578010E+00   -3.2559174E+03    3.9080412E+00    1.7139280E+00
    1.7100000E+00   -1.1466462E-01   -4.7913903E+00   -1.0100504E+01   -1.9514175E+00   -5.6549310E+01    1.8022399E-03    2.9168368E+00   -1.0287540E+01    5.3935663E-02    3.7020694E+00   -1.0270378E+01   -1.9573104E-02   -4.6927472E+00   -3.2556579E+03    3.9078610E+00    1.6682212E+00
    1.8900000E+00   -8.2765668E-02   -4.6932466E+00   -9.9828831E+00   -1.8300397E+00   -5.6593116E+01    1.8911343E-03    2.9560554E+00   -1.0294829E+01    1.2648955E-01    3.6837081E+00   -1.0109525E+01    1.2325843E-02   -4.6335529E+00   -3.2553925E+03    3.9076780E+00    1.6271416E+00
    2.0700000E+00   -4.1590155E-02   -4.4461518E+00   -9.8481820E+00   -1.6177059E+00   -5.6651572E+01    1.7120695E-03    3.3107678E+00   -1.0089500E+01    4.6436005E-01    3.9084377E+00   -9.7712086E+00    5.3501356E-02   -4.5735816E+00   -3.2401548E+03    3.9074936E+00    1.6983309E+00
    2.2500000E+00   -5.9111124E-03   -4.3300187E+00   -9.7241799E+00   -1.5326285E+00   -5.6710455E+01    1.7377558E-03    3.3188413E+00   -1.0117940E+01    5.2839719E-01    3.9027918E+00   -9.5998620E+00    8.9180399E-02   -4.5177564E+00   -3.2254336E+03    3.9073077E+00    1.6598290E+00
    2.4300000E+00    2.5820263E-02   -4.2310499E+00   -9.6085568E+00   -1.4616720E+00   -5.6770041E+01    1.7502609E-03    3.3097418E+00   -1.0160281E+01    5.7336668E-01    3.8861986E+00   -9.4525137E+00    1.2091177E-01   -4.4651940E+00   -3.2111950E+03    3.9071190E+00    1.6198010E+00
    2.6100000E+00    5.4319258E-02   -4.1416322E+00   -9.5001626E+00   -1.3977340E+00   -5.6830060E+01    1.7512689E-03    3.3003508E+00   -1.0204973E+01    6.1325172E-01    3.8698676E+00   -9.3193126E+00    1.4941077E-01   -4.4155156E+00   -3.1974085E+03    3.9069275E+00    1.5831365E+00
    2.7900000E+00    8.0112518E-02   -4.0600385E+00   -9.3981027E+00   -1.3394846E+00   -5.6890211E+01    1.7427059E-03    3.2913966E+00   -1.0251098E+01    6.4938245E-01    3.8542505E+00   -9.1977982E+00    1.7520403E-01   -4.3684179E+00   -3.1840461E+03    3.9067331E+00    1.5495347E+00
    2.9700000E+00    1.0361056E-01   -3.9851271E+00   -9.3016451E+00   -1.2860958E+00   -5.6950190E+01    1.7265778E-03    3.2828082E+00   -1.0298185E+01    6.8230840E-01    3.8392694E+00   -9.0862564E+00    1.9870207E-01   -4.3236430E+00   -3.1710826E+03    3.9065358E+00    1.5185461E+00
    3.1500000E+00    1.2513962E-01   -3.9159910E+00   -9.2101815E+00   -1.2369131E+00   -5.7009702E+01    1.7048444E-03    3.2745090E+00   -1.0345730E+01    7.1245258E-01    3.8248457E+00   -8.9832845E+00    2.2023113E-01   -4.2809699E+00   -3.1584949E+03    3.9063354E+00    1.4898051E+00
    3.3300000E+00    1.4496292E-01   -3.8518922E+00   -9.1232002E+00   -1.1914041E+00   -5.7068467E+01    1.6793218E-03    3.2664426E+00   -1.0393215E+01    7.4016202E-01    3.8109168E+00   -8.8877106E+00    2.4005443E-01   -4.2402073E+00   -3.1462616E+03    3.9061319E+00    1.4630174E+00
    3.5100000E+00    1.6329568E-01   -3.7922221E+00   -9.0402662E+00   -1.1491296E+00   -5.7126232E+01    1.6516120E-03    3.2585674E+00   -1.0440141E+01    7.6572504E-01    3.7974327E+00   -8.7985486E+00    2.5838719E-01   -4.2011889E+00   -3.1343636E+03    3.9059252E+00    1.4379426E+00
    3.6900000E+00    1.8031593E-01   -3.7364736E+00   -8.9610063E+00   -1.1097237E+00   -5.7182777E+01    1.6230621E-03    3.2508520E+00   -1.0486058E+01    7.8938338E-01    3.7843519E+00   -8.7149655E+00    2.7540744E-01   -4.1637693E+00   -3.1227828E+03    3.9057151E+00    1.4143820E+00
    3.8700000E+00    1.9617252E-01   -3.6842196E+00   -8.8850980E+00   -1.0728784E+00   -5.7237925E+01    1.5947478E-03    3.2432722E+00   -1.0530584E+01    8.1134149E-01    3.7716399E+00   -8.6362575E+00    2.9126403E-01   -4.1278206E+00   -3.1115027E+03    3.9055015E+00    1.3921694E+00
    4.0500000E+00    2.1099107E-01   -3.6350979E+00   -8.8122600E+00   -1.0383320E+00   -5.7291542E+01    1.5674790E-03    3.2358089E+00   -1.0573417E+01    8.3177362E-01    3.7592673E+00   -8.5618311E+00    3.0608258E-01   -4.0932295E+00   -3.1005082E+03    3.9052843E+00    1.3711645E+00
    4.2300000E+00    2.2487846E-01   -3.5887981E+00   -8.7422460E+00   -1.0058604E+00   -5.7343540E+01    1.5418203E-03    3.2284470E+00   -1.0614344E+01    8.5082944E-01    3.7472086E+00   -8.4911873E+00    3.1996997E-01   -4.0598954E+00   -3.0897852E+03    3.9050635E+00    1.3512478E+00
    4.4100000E+00    2.3792637E-01   -3.5450527E+00   -8.6748383E+00   -9.7527055E-01   -5.7393876E+01    1.5181236E-03    3.2211743E+00   -1.0653232E+01    8.6863831E-01    3.7354419E+00   -8.4239085E+00    3.3301788E-01   -4.0277286E+00   -3.0793205E+03    3.9048388E+00    1.3323165E+00
    4.5900000E+00    2.5021397E-01   -3.5036298E+00   -8.6098441E+00   -9.4639447E-01   -5.7442546E+01    1.4965649E-03    3.2139808E+00   -1.0690030E+01    8.8531280E-01    3.7239475E+00   -8.3596460E+00    3.4530549E-01   -3.9966485E+00   -3.0691021E+03    3.9046102E+00    1.3142817E+00
    4.7700000E+00    2.6181009E-01   -3.4643264E+00   -8.5470914E+00   -9.1908558E-01   -5.7489577E+01    1.4771832E-03    3.2068584E+00   -1.0724750E+01    9.0095142E-01    3.7127085E+00   -8.2981090E+00    3.5690160E-01   -3.9665828E+00   -3.0591185E+03    3.9043775E+00    1.2970661E+00
    4.9500000E+00    2.7277486E-01   -3.4269648E+00   -8.4864262E+00   -8.9321499E-01   -5.7535026E+01    1.4599171E-03    3.1998003E+00   -1.0757457E+01    9.1564081E-01    3.7017093E+00   -8.2390547E+00    3.6786637E-01   -3.9374660E+00   -3.0493593E+03    3.9041406E+00    1.2806017E+00
    5.1300000E+00    2.8316115E-01   -3.3913879E+00   -8.4277100E+00   -8.6866889E-01   -5.7578965E+01    1.4446378E-03    3.1928008E+00   -1.0788255E+01    9.2945763E-01    3.6909363E+00   -8.1822797E+00    3.7825266E-01   -3.9092387E+00   -3.0398145E+03    3.9038995E+00    1.2648289E+00
    5.3100000E+00    2.9301568E-01   -3.3574563E+00   -8.3708177E+00   -8.4534620E-01   -5.7621479E+01    1.4311756E-03    3.1858552E+00   -1.0817271E+01    9.4246993E-01    3.6803771E+00   -8.1276117E+00    3.8810719E-01   -3.8818470E+00   -3.0304750E+03    3.9036539E+00    1.2496948E+00
    5.4900000E+00    3.0237987E-01   -3.3250459E+00   -8.3156360E+00   -8.2315683E-01   -5.7662659E+01    1.4193418E-03    3.1789595E+00   -1.0844646E+01    9.5473846E-01    3.6700203E+00   -8.0749034E+00    3.9747138E-01   -3.8552418E+00   -3.0213321E+03    3.9034037E+00    1.2351522E+00
    5.6700000E+00    3.1129065E-01   -3.2940460E+00   -8.2620620E+00   -8.0202009E-01   -5.7702597E+01    1.4089445E-03    3.1721102E+00   -1.0870525E+01    9.6631761E-01    3.6598559E+00   -8.0240269E+00    4.0638216E-01   -3.8293781E+00   -3.0123777E+03    3.9031489E+00    1.2211592E+00
    5.8500000E+00    3.1978107E-01   -3.2643568E+00   -8.2100017E+00   -7.8186345E-01   -5.7741382E+01    1.3997992E-03    3.1653044E+00   -1.0895046E+01    9.7725632E-01    3.6498743E+00   -7.9748698E+00    4.1487258E-01   -3.8042147E+00   -3.0036041E+03    3.9028892E+00    1.2076780E+00
    6.0300000E+00    3.2788078E-01   -3.2358886E+00   -8.1593693E+00   -7.6262149E-01   -5.7779099E+01    1.3917358E-03    3.1585398E+00   -1.0918343E+01    9.8759872E-01    3.6400671E+00   -7.9273316E+00    4.2297230E-01   -3.7797136E+00   -2.9950043E+03    3.9026247E+00    1.1946747E+00
    6.2100000E+00    3.3561654E-01   -3.2085602E+00   -8.1100859E+00   -7.4423498E-01   -5.7815826E+01    1.3846022E-03    3.1518141E+00   -1.0940537E+01    9.9738478E-01    3.6304264E+00   -7.8813218E+00    4.3070805E-01   -3.7558399E+00   -2.9865715E+03    3.9023551E+00    1.1821186E+00
    6.3900000E+00    3.4301251E-01   -3.1822982E+00   -8.0620791E+00   -7.2665013E-01   -5.7851632E+01    1.3782651E-03    3.1451255E+00   -1.0961735E+01    1.0066508E+00    3.6209449E+00   -7.8367571E+00    4.3810402E-01   -3.7325613E+00   -2.9782992E+03    3.9020803E+00    1.1699819E+00
    6.5700000E+00    3.5009060E-01   -3.1570355E+00   -8.0152823E+00   -7.0981795E-01   -5.7886583E+01    1.3726099E-03    3.1384724E+00   -1.0982035E+01    1.0154298E+00    3.6116159E+00   -7.7935613E+00    4.4518211E-01   -3.7098481E+00   -2.9701816E+03    3.9018001E+00    1.1582393E+00
    6.7500000E+00    3.5687075E-01   -3.1327112E+00   -7.9696335E+00   -6.9369367E-01   -5.7920736E+01    1.3675396E-03    3.1318536E+00   -1.1001520E+01    1.0237520E+00    3.6024330E+00   -7.7516633E+00    4.5196226E-01   -3.6876724E+00   -2.9622129E+03    3.9015145E+00    1.1468677E+00
    6.9300000E+00    3.6337114E-01   -3.1092694E+00   -7.9250757E+00   -6.7823628E-01   -5.7954142E+01    1.3629723E-03    3.1252677E+00   -1.1020264E+01    1.0316450E+00    3.5933905E+00   -7.7109969E+00    4.5846265E-01   -3.6660085E+00   -2.9543878E+03    3.9012234E+00    1.1358460E+00
    7.1100000E+00    3.6960837E-01   -3.0866589E+00   -7.8815555E+00   -6.6340808E-01   -5.7986849E+01    1.3588398E-03    3.1187136E+00   -1.1038331E+01    1.0391342E+00    3.5844827E+00   -7.6715003E+00    4.6469988E-01   -3.6448323E+00   -2.9467012E+03    3.9009264E+00    1.1251549E+00
    7.2900000E+00    3.7559767E-01   -3.0648326E+00   -7.8390231E+00   -6.4917433E-01   -5.8018897E+01    1.3550854E-03    3.1121904E+00   -1.1055776E+01    1.0462428E+00    3.5757043E+00   -7.6331150E+00    4.7068918E-01   -3.6241212E+00   -2.9391482E+03    3.9006236E+00    1.1147764E+00
    7.4700000E+00    3.8135301E-01   -3.0437470E+00   -7.7974317E+00   -6.3550285E-01   -5.8050326E+01    1.3516623E-03    3.1056968E+00   -1.1072647E+01    1.0529924E+00    3.5670500E+00   -7.5957858E+00    4.7644452E-01   -3.6038538E+00   -2.9317244E+03    3.9003148E+00    1.1046939E+00
    7.6500000E+00    3.8688723E-01   -3.0233617E+00   -7.7567363E+00   -6.2236365E-01   -5.8081173E+01    1.3485324E-03    3.0992317E+00   -1.1088987E+01    1.0594025E+00    3.5585141E+00   -7.5594597E+00    4.8197874E-01   -3.5840095E+00   -2.9244252E+03    3.8999998E+00    1.0948918E+00
    7.8300000E+00    3.9221214E-01   -3.0036390E+00   -7.7168931E+00   -6.0972856E-01   -5.8111474E+01    1.3456656E-03    3.0927934E+00   -1.1104832E+01    1.0654915E+00    3.5500905E+00   -7.5240848E+00    4.8730366E-01   -3.5645681E+00   -2.9172468E+03    3.8996784E+00    1.0853550E+00
    8.0100000E+00    3.9733862E-01   -2.9845432E+00   -7.6778583E+00   -5.9756695E-01   -5.8141267E+01    1.3430508E-03    3.0863827E+00   -1.1120208E+01    1.0712777E+00    3.5417712E+00   -7.4896065E+00    4.9243013E-01   -3.5455094E+00   -2.9101878E+03    3.8993506E+00    1.0760689E+00
    8.1900000E+00    4.0226762E-01   -2.9683877E+00   -7.6402097E+00   -5.7889242E-01   -5.8153432E+01    1.2728201E-03    3.0812648E+00   -1.1105761E+01    1.0760695E+00    3.5278367E+00   -7.4489319E+00    4.9735913E-01   -3.5272999E+00   -2.9100705E+03    3.8990138E+00    1.0641727E+00
    8.3700000E+00    4.0699877E-01   -2.9504521E+00   -7.6033103E+00   -5.5821696E-01   -5.8173297E+01    1.2976166E-03    3.0834588E+00   -1.1102438E+01    1.0861624E+00    3.5188177E+00   -7.4100791E+00    5.0209028E-01   -3.5095333E+00   -2.9099532E+03    3.8986677E+00    1.0549320E+00
    8.5500000E+00    4.1154164E-01   -2.9331201E+00   -7.5671487E+00   -5.3794451E-01   -5.8197060E+01    1.3101300E-03    3.0857276E+00   -1.1107493E+01    1.0960161E+00    3.5098997E+00   -7.3741925E+00    5.0663315E-01   -3.4921838E+00   -2.9098360E+03    3.8983145E+00    1.0459301E+00
    8.7300000E+00    4.1590549E-01   -2.9163835E+00   -7.5316970E+00   -5.1808664E-01   -5.8222718E+01    1.3159270E-03    3.0879952E+00   -1.1116941E+01    1.1055838E+00    3.5010371E+00   -7.3402741E+00    5.1099700E-01   -3.4752184E+00   -2.9097189E+03    3.8979540E+00    1.0371350E+00
    8.9100000E+00    4.2009895E-01   -2.9002148E+00   -7.4969290E+00   -4.9863475E-01   -5.8249194E+01    1.3181343E-03    3.0902504E+00   -1.1128610E+01    1.1148675E+00    3.4922274E+00   -7.3077627E+00    5.1519046E-01   -3.4586072E+00   -2.9096017E+03    3.8975861E+00    1.0285367E+00
    9.0900000E+00    4.2413006E-01   -2.8845881E+00   -7.4628193E+00   -4.7958114E-01   -5.8275911E+01    1.3184766E-03    3.0924831E+00   -1.1141327E+01    1.1238704E+00    3.4834686E+00   -7.2763453E+00    5.1922157E-01   -3.4423244E+00   -2.9094846E+03    3.8972106E+00    1.0201262E+00
    9.2700000E+00    4.2800633E-01   -2.8694791E+00   -7.4293437E+00   -4.6091894E-01   -5.8302565E+01    1.3178880E-03    3.0946834E+00   -1.1154468E+01    1.1325959E+00    3.4747593E+00   -7.2458438E+00    5.2309784E-01   -3.4263486E+00   -2.9093676E+03    3.8968272E+00    1.0118953E+00
    9.4500000E+00    4.3173478E-01   -2.8548649E+00   -7.3964787E+00   -4.4264198E-01   -5.8329001E+01    1.3168642E-03    3.0968422E+00   -1.1167705E+01    1.1410482E+00    3.4660981E+00   -7.2161521E+00    5.2682629E-01   -3.4106622E+00   -2.9092505E+03    3.8964359E+00    1.0038362E+00
    9.6300000E+00    4.3532198E-01   -2.8407241E+00   -7.3642019E+00   -4.2474462E-01   -5.8355144E+01    1.3156624E-03    3.0989508E+00   -1.1180872E+01    1.1492318E+00    3.4574836E+00   -7.1872025E+00    5.3041349E-01   -3.3952515E+00   -2.9091335E+03    3.8960363E+00    9.9594176E-01
    9.8100000E+00    4.3877409E-01   -2.8270367E+00   -7.3324916E+00   -4.0722167E-01   -5.8380962E+01    1.3144121E-03    3.1010007E+00   -1.1193890E+01    1.1571517E+00    3.4489149E+00   -7.1589473E+00    5.3386561E-01   -3.3801056E+00   -2.9090166E+03    3.8956283E+00    9.8820527E-01
    9.9900000E+00    4.4209691E-01   -2.8137836E+00   -7.3013271E+00   -3.9006826E-01   -5.8406444E+01    1.3131763E-03    3.1029845E+00   -1.1206721E+01    1.1648131E+00    3.4403909E+00   -7.1313493E+00    5.3718842E-01   -3.3652162E+00   -2.9088997E+03    3.8952117E+00    9.8062046E-01
    1.0170000E+01    4.4529586E-01   -2.8009470E+00   -7.2706888E+00   -3.7327977E-01   -5.8431591E+01    1.3119834E-03    3.1048950E+00   -1.1219354E+01    1.1722214E+00    3.4319108E+00   -7.1043769E+00    5.4038738E-01   -3.3505769E+00   -2.9087828E+03    3.8947863E+00    9.7318148E-01
    1.0350000E+01    4.4837608E-01   -2.7885101E+00   -7.2405582E+00   -3.5685177E-01   -5.8456407E+01    1.3108446E-03    3.1067259E+00   -1.1231785E+01    1.1793822E+00    3.4234742E+00   -7.0780020E+00    5.4346760E-01   -3.3361820E+00   -2.9086659E+03    3.8943518E+00    9.6588292E-01
    1.0530000E+01    4.5134240E-01   -2.7764569E+00   -7.2109178E+00   -3.4077994E-01   -5.8480899E+01    1.3097627E-03    3.1084715E+00   -1.1244019E+01    1.1863008E+00    3.4150806E+00   -7.0521995E+00    5.4643391E-01   -3.3220268E+00   -2.9085491E+03    3.8939080E+00    9.5871980E-01
    1.0710000E+01    4.5419937E-01   -2.7647725E+00   -7.1817516E+00   -3.2506009E-01   -5.8505077E+01    1.3087361E-03    3.1101270E+00   -1.1256060E+01    1.1929824E+00    3.4067301E+00   -7.0269476E+00    5.4929088E-01   -3.3081060E+00   -2.9084323E+03    3.8934547E+00    9.5168762E-01
    1.0890000E+01    4.5695133E-01   -2.7534427E+00   -7.1530456E+00   -3.0968818E-01   -5.8528944E+01    1.3077610E-03    3.1116886E+00   -1.1267915E+01    1.1994322E+00    3.3984237E+00   -7.0022280E+00    5.5204284E-01   -3.2944141E+00   -2.9083156E+03    3.8929916E+00    9.4478245E-01
    1.1070000E+01    4.5960236E-01   -2.7424545E+00   -7.1247879E+00   -2.9466039E-01   -5.8552506E+01    1.3068321E-03    3.1131536E+00   -1.1279589E+01    1.2056550E+00    3.3901631E+00   -6.9780269E+00    5.5469387E-01   -3.2809451E+00   -2.9081989E+03    3.8925185E+00    9.3800109E-01
    1.1250000E+01    4.6215639E-01   -2.7317959E+00   -7.0969702E+00   -2.7997335E-01   -5.8575758E+01    1.3059422E-03    3.1145213E+00   -1.1291088E+01    1.2116557E+00    3.3819518E+00   -6.9543364E+00    5.5724790E-01   -3.2676927E+00   -2.9080822E+03    3.8920352E+00    9.3134142E-01
    1.1430000E+01    4.6461718E-01   -2.7214565E+00   -7.0695899E+00   -2.6562459E-01   -5.8598690E+01    1.3050812E-03    3.1157932E+00   -1.1302416E+01    1.2174394E+00    3.3737964E+00   -6.9311563E+00    5.5970869E-01   -3.2546520E+00   -2.9079655E+03    3.8915414E+00    9.2480296E-01
    1.1610000E+01    4.6698841E-01   -2.7114281E+00   -7.0426539E+00   -2.5161329E-01   -5.8621275E+01    1.3042338E-03    3.1169744E+00   -1.1313574E+01    1.2230119E+00    3.3657088E+00   -6.9084984E+00    5.6207992E-01   -3.2418214E+00   -2.9078489E+03    3.8910367E+00    9.1838794E-01
    1.1790000E+01    4.6927373E-01   -2.7017062E+00   -7.0161857E+00   -2.3794170E-01   -5.8643453E+01    1.3033753E-03    3.1180767E+00   -1.1324564E+01    1.2283810E+00    3.3577102E+00   -6.8863926E+00    5.6436524E-01   -3.2292066E+00   -2.9077324E+03    3.8905211E+00    9.1210329E-01
    1.1970000E+01    4.7147694E-01   -2.6922920E+00   -6.9902379E+00   -2.2461774E-01   -5.8665003E+01    1.3024646E-03    3.1191225E+00   -1.1335378E+01    1.2335576E+00    3.3498384E+00   -6.8649005E+00    5.6656845E-01   -3.2168276E+00   -2.9076158E+03    3.8899941E+00    9.0596419E-01
    1.2150000E+01    4.7360219E-01   -2.6831976E+00   -6.9649155E+00   -2.1165958E-01   -5.8443643E+01    1.3014306E-03    3.1201532E+00   -1.1346002E+01    1.2385591E+00    3.3421614E+00   -6.8441387E+00    5.6869370E-01   -3.2047307E+00   -2.9074993E+03    3.8894555E+00    9.0000046E-01
    1.2330000E+01    4.7565387E-01   -2.6744554E+00   -6.9404197E+00   -1.9910541E-01   -5.2884317E+01    1.3002703E-03    3.1212442E+00   -1.1356321E+01    1.2434132E+00    3.3348017E+00   -6.8243041E+00    5.7074538E-01   -3.1930110E+00   -2.9073828E+03    3.8889050E+00    8.9426890E-01
    1.2510000E+01    4.7622256E-01   -2.7976590E+00   -6.9248134E+00   -3.1584888E-01   -4.5871558E+01    2.4601465E-03    2.7474886E+00   -1.1179577E+01    9.5818374E-01    3.0789269E+00   -6.8612055E+00    5.7131407E-01   -3.1855476E+00   -2.9072666E+03    3.8883386E+00    7.6576280E-01
    1.2690000E+01    4.7678536E-01   -2.7987494E+00   -6.9093454E+00   -3.1062897E-01   -4.5220723E+01    2.8233348E-03    2.7400077E+00   -1.1069735E+01    9.5376554E-01    3.0673516E+00   -6.8235314E+00    5.7187687E-01   -3.1781379E+00   -2.9071503E+03    3.8877801E+00    7.5941239E-01
    1.2870000E+01    4.7733216E-01   -2.7979826E+00   -6.8940145E+00   -3.0371178E-01   -4.4859450E+01    2.9614182E-03    2.7380866E+00   -1.1035815E+01    9.5359949E-01    3.0596070E+00   -6.8036299E+00    5.7242367E-01   -3.1707801E+00   -2.9070341E+03    3.8872339E+00    7.5499329E-01
    1.3050000E+01    4.7786319E-01   -2.7972167E+00   -6.8788122E+00   -2.9694989E-01   -4.4613826E+01    3.0133244E-03    2.7361504E+00   -1.1028665E+01    9.5341142E-01    3.0519710E+00   -6.7905733E+00    5.7295470E-01   -3.1634693E+00   -2.9069180E+03    3.8867007E+00    7.5064424E-01
    1.3230000E+01    4.7837882E-01   -2.7964753E+00   -6.8637339E+00   -2.9036129E-01   -4.4429058E+01    3.0324928E-03    2.7341296E+00   -1.1031208E+01    9.5314795E-01    3.0443928E+00   -6.7800955E+00    5.7347033E-01   -3.1562029E+00   -2.9068018E+03    3.8861807E+00    7.4633951E-01
    1.3410000E+01    4.7887939E-01   -2.7957575E+00   -6.8487764E+00   -2.8393978E-01   -4.4281483E+01    3.0393279E-03    2.7320287E+00   -1.1037297E+01    9.5281253E-01    3.0368716E+00   -6.7706523E+00    5.7397090E-01   -3.1489791E+00   -2.9066857E+03    3.8856743E+00    7.4207833E-01
    1.3590000E+01    4.7936524E-01   -2.7950627E+00   -6.8339370E+00   -2.7767966E-01   -4.4158976E+01    3.0415586E-03    2.7298521E+00   -1.1044660E+01    9.5240816E-01    3.0294065E+00   -6.7616703E+00    5.7445675E-01   -3.1417968E+00   -2.9065696E+03    3.8851819E+00    7.3785993E-01
    1.3770000E+01    4.7983670E-01   -2.7943897E+00   -6.8192136E+00   -2.7157511E-01   -4.4054559E+01    3.0420892E-03    2.7276047E+00   -1.1052447E+01    9.5193873E-01    3.0219975E+00   -6.7529333E+00    5.7492821E-01   -3.1346549E+00   -2.9064536E+03    3.8847038E+00    7.3368399E-01
    1.3950000E+01    4.8029408E-01   -2.7937377E+00   -6.8046037E+00   -2.6562073E-01   -4.3963845E+01    3.0420018E-03    2.7252913E+00   -1.1060345E+01    9.5140774E-01    3.0146445E+00   -6.7443591E+00    5.7538560E-01   -3.1275528E+00   -2.9063376E+03    3.8842404E+00    7.2955010E-01
    1.4130000E+01    4.8073771E-01   -2.7931058E+00   -6.7901055E+00   -2.5981142E-01   -4.3883888E+01    3.0416965E-03    2.7229160E+00   -1.1068237E+01    9.5081835E-01    3.0073472E+00   -6.7359150E+00    5.7582922E-01   -3.1204899E+00   -2.9062216E+03    3.8837921E+00    7.2545779E-01
    1.4310000E+01    4.8116789E-01   -2.7924936E+00   -6.7757168E+00   -2.5414255E-01   -4.3812608E+01    3.0413195E-03    2.7204820E+00   -1.1076084E+01    9.5017312E-01    3.0001046E+00   -6.7275873E+00    5.7625940E-01   -3.1134660E+00   -2.9061057E+03    3.8833593E+00    7.2140636E-01
    1.4490000E+01    4.8158490E-01   -2.7919002E+00   -6.7614357E+00   -2.4860935E-01   -4.3748477E+01    3.0409242E-03    2.7179935E+00   -1.1083868E+01    9.4947526E-01    2.9929169E+00   -6.7193688E+00    5.7667641E-01   -3.1064806E+00   -2.9059897E+03    3.8829423E+00    7.1739549E-01
    1.4670000E+01    4.8198903E-01   -2.7913247E+00   -6.7472602E+00   -2.4320728E-01   -4.3690338E+01    3.0405295E-03    2.7154542E+00   -1.1091586E+01    9.4872779E-01    2.9857839E+00   -6.7112549E+00    5.7708054E-01   -3.0995333E+00   -2.9058739E+03    3.8825416E+00    7.1342483E-01
    1.4850000E+01    4.8238057E-01   -2.7907664E+00   -6.7331885E+00   -2.3793214E-01   -4.3637294E+01    3.0401420E-03    2.7128675E+00   -1.1099236E+01    9.4793317E-01    2.9787051E+00   -6.7032425E+00    5.7747208E-01   -3.0926236E+00   -2.9057580E+03    3.8821575E+00    7.0949389E-01
    1.5030000E+01    4.8275978E-01   -2.7902248E+00   -6.7192188E+00   -2.3277979E-01   -4.3588633E+01    3.0397641E-03    2.7102367E+00   -1.1106818E+01    9.4709392E-01    2.9716803E+00   -6.6953293E+00    5.7785129E-01   -3.0857503E+00   -2.9056422E+03    3.8817906E+00    7.0560230E-01
    1.5210000E+01    4.8312693E-01   -2.7896990E+00   -6.7053496E+00   -2.2774631E-01   -4.3543782E+01    3.0393962E-03    2.7075649E+00   -1.1114332E+01    9.4621223E-01    2.9647094E+00   -6.6875140E+00    5.7821844E-01   -3.0789118E+00   -2.9055264E+03    3.8814412E+00    7.0174969E-01
    1.5390000E+01    4.8348228E-01   -2.7891885E+00   -6.6915791E+00   -2.2282794E-01   -4.3502273E+01    3.0390384E-03    2.7048553E+00   -1.1121780E+01    9.4528990E-01    2.9577921E+00   -6.6797965E+00    5.7857379E-01   -3.0721056E+00   -2.9054106E+03    3.8811097E+00    6.9793570E-01
    1.5570000E+01    4.8382608E-01   -2.7886924E+00   -6.6779060E+00   -2.1802097E-01   -4.3463718E+01    3.0386906E-03    2.7021110E+00   -1.1129160E+01    9.4432855E-01    2.9509285E+00   -6.6721785E+00    5.7891759E-01   -3.0653276E+00   -2.9052949E+03    3.8807967E+00    6.9416008E-01
    1.5750000E+01    4.8415857E-01   -2.7882101E+00   -6.6643290E+00   -2.1332191E-01   -4.3427792E+01    3.0383523E-03    2.6993352E+00   -1.1136474E+01    9.4332924E-01    2.9441186E+00   -6.6646637E+00    5.7925008E-01   -3.0585723E+00   -2.9051792E+03    3.8805026E+00    6.9042264E-01
    1.5930000E+01    4.8447999E-01   -2.7877406E+00   -6.6508472E+00   -2.0872705E-01   -4.3394219E+01    3.0380230E-03    2.6965319E+00   -1.1143721E+01    9.4229320E-01    2.9373633E+00   -6.6572584E+00    5.7957150E-01   -3.0518318E+00   -2.9050636E+03    3.8802278E+00    6.8672358E-01
    1.6110000E+01    4.8479057E-01   -2.7872829E+00   -6.6374600E+00   -2.0423288E-01   -4.3362764E+01    3.0377020E-03    2.6937054E+00   -1.1150901E+01    9.4122106E-01    2.9306637E+00   -6.6499719E+00    5.7988208E-01   -3.0450962E+00   -2.9049479E+03    3.8799729E+00    6.8306322E-01
    1.6290000E+01    4.8509054E-01   -2.7868360E+00   -6.6241676E+00   -1.9983598E-01   -4.3333225E+01    3.0373877E-03    2.6908602E+00   -1.1158012E+01    9.4011295E-01    2.9240216E+00   -6.6428174E+00    5.8018206E-01   -3.0383527E+00   -2.9048323E+03    3.8797385E+00    6.7944218E-01
    1.6470000E+01    4.8538013E-01   -2.7863989E+00   -6.6109711E+00   -1.9553312E-01   -4.3305422E+01    3.0370778E-03    2.6880017E+00   -1.1165053E+01    9.3896859E-01    2.9174394E+00   -6.6358125E+00    5.8047164E-01   -3.0315860E+00   -2.9047168E+03    3.8795249E+00    6.7586150E-01
    1.6650000E+01    4.8565956E-01   -2.7859709E+00   -6.5978737E+00   -1.9132121E-01   -4.3279197E+01    3.0367680E-03    2.6851367E+00   -1.1172022E+01    9.3778784E-01    2.9109213E+00   -6.6289797E+00    5.8075107E-01   -3.0247790E+00   -2.9046012E+03    3.8793327E+00    6.7232303E-01
    1.6830000E+01    4.8592905E-01   -2.7855512E+00   -6.5848816E+00   -1.8719761E-01   -4.3254404E+01    3.0364510E-03    2.6822737E+00   -1.1178914E+01    9.3657062E-01    2.9044737E+00   -6.6223473E+00    5.8102056E-01   -3.0179131E+00   -2.9044857E+03    3.8791625E+00    6.6882971E-01
    1.7010000E+01    4.8618883E-01   -2.7851401E+00   -6.5720070E+00   -1.8316065E-01   -4.3230905E+01    3.0361136E-03    2.6794238E+00   -1.1185723E+01    9.3531750E-01    2.8981064E+00   -6.6159518E+00    5.8128034E-01   -3.0109704E+00   -2.9043702E+03    3.8790148E+00    6.6538632E-01
    1.7190000E+01    4.8643914E-01   -2.7847390E+00   -6.5592717E+00   -1.7920974E-01   -4.3208555E+01    3.0357324E-03    2.6766047E+00   -1.1192440E+01    9.3403180E-01    2.8918370E+00   -6.6098406E+00    5.8153066E-01   -3.0039365E+00   -2.9042548E+03    3.8788903E+00    6.6200131E-01
    1.7370000E+01    4.8668028E-01   -2.7843518E+00   -6.5467157E+00   -1.7534708E-01   -4.3187191E+01    3.0352655E-03    2.6738427E+00   -1.1199047E+01    9.3272061E-01    2.8856946E+00   -6.6040789E+00    5.8177179E-01   -2.9968051E+00   -2.9041394E+03    3.8787894E+00    6.5868896E-01
    1.7550000E+01    4.8691258E-01   -2.7839872E+00   -6.5344106E+00   -1.7157961E-01   -4.3166600E+01    3.0346380E-03    2.6711806E+00   -1.1205518E+01    9.3139862E-01    2.8797297E+00   -6.5987619E+00    5.8200410E-01   -2.9895866E+00   -2.9040240E+03    3.8787128E+00    6.5547420E-01
    1.7730000E+01    4.8713652E-01   -2.7836624E+00   -6.5224843E+00   -1.6792268E-01   -4.3146477E+01    3.0337159E-03    2.6686916E+00   -1.1211801E+01    9.3009467E-01    2.8740316E+00   -6.5940376E+00    5.8222803E-01   -2.9823210E+00   -2.9039087E+03    3.8786611E+00    6.5240123E-01
    1.7910000E+01    4.8735269E-01   -2.7834097E+00   -6.5111704E+00   -1.6440802E-01   -4.3126342E+01    3.0322594E-03    2.6665033E+00   -1.1217807E+01    9.2886350E-01    2.8687610E+00   -6.5901500E+00    5.8244420E-01   -2.9751047E+00   -2.9037934E+03    3.8786349E+00    6.4954972E-01
