# Time series at grid cell:   1   1   1
  Time(yrs)                  Na+                    K+                     Al+++                  Mg++                   SiO2(aq)               Ca++                   Fe++                   SO4--                  pH                     CO2(aq)                O2(aq)                
  1.00000E-09                2.88998207814137E-05   7.24995578504966E-05   3.48278366290010E-09   6.81010380586554E-06   4.31999963058253E-05   1.21001955843235E-05   8.78999549669520E-07   5.27999858795592E-09   5.96999174103818E+00   8.30013145256532E-04   3.43468583662119E-04
  2.00000E-09                2.88998174869742E-05   7.24995496313696E-05   3.48556843587625E-09   6.81010182174173E-06   4.31999926116503E-05   1.21001920295264E-05   8.78999099340744E-07   5.27999717591384E-09   5.96999067128964E+00   8.30012796493751E-04   3.43468583730441E-04
  3.00000E-09                2.88998141179268E-05   7.24995412037107E-05   3.48835210566536E-09   6.81009988672271E-06   4.31999889175115E-05   1.21001885678605E-05   8.78998649012466E-07   5.27999576386971E-09   5.96999004044345E+00   8.30012587066365E-04   3.43468583784919E-04
  4.00000E-09                2.88998106164548E-05   7.24995324354909E-05   3.49113577424182E-09   6.81009803301275E-06   4.31999852233753E-05   1.21001852603446E-05   8.78998198684917E-07   5.27999435182622E-09   5.96998966395989E+00   8.30012460157851E-04   3.43468583816611E-04
  5.00000E-09                2.88998070382501E-05   7.24995234698596E-05   3.49391944111415E-09   6.81009622700078E-06   4.31999815292405E-05   1.21001820432274E-05   8.78997748357887E-07   5.27999293978328E-09   5.96998943674816E+00   8.30012381670080E-04   3.43468583835006E-04
  7.00000E-09                2.88997997237138E-05   7.24995051351276E-05   3.49949009443990E-09   6.81009271133384E-06   4.31999741409676E-05   1.21001757916699E-05   8.78996847705640E-07   5.27999011569995E-09   5.96998922934072E+00   8.30012305272278E-04   3.43468583844799E-04
  1.10000E-08                2.88997850204683E-05   7.24994682683375E-05   3.51062027773177E-09   6.81008572661041E-06   4.31999593644334E-05   1.21001633769475E-05   8.78995046404614E-07   5.27998446753706E-09   5.96998907340195E+00   8.30012235461503E-04   3.43468583851260E-04
  1.90000E-08                2.88997555373701E-05   7.24993943371590E-05   3.53288937001406E-09   6.81007180480635E-06   4.31999298113273E-05   1.21001386378014E-05   8.78991443820655E-07   5.27997317123760E-09   5.96998891948619E+00   8.30012147229780E-04   3.43468583850892E-04
  3.50000E-08                2.88996965228020E-05   7.24992463528828E-05   3.57742697219643E-09   6.81004399149198E-06   4.31998707049997E-05   1.21000892168764E-05   8.78984238720514E-07   5.27995057873554E-09   5.96998866150177E+00   8.30011987193433E-04   3.43468583841818E-04
  6.70000E-08                2.88995784782541E-05   7.24989503459337E-05   3.66649991649174E-09   6.80998837495894E-06   4.31997524918458E-05   1.20999903941066E-05   8.78969828791068E-07   5.27990539411865E-09   5.96998815358336E+00   8.30011669867297E-04   3.43468583820985E-04
  1.31000E-07                2.88993423897301E-05   7.24983583335420E-05   3.84463798303918E-09   6.80987714579967E-06   4.31995160632914E-05   1.20997927557048E-05   8.78941010015438E-07   5.27981502643383E-09   5.96998713837614E+00   8.30011035458126E-04   3.43468583778868E-04
  2.59000E-07                2.88988702269732E-05   7.24971743445726E-05   4.20086553852809E-09   6.80965469728300E-06   4.31990431951765E-05   1.20993974963410E-05   8.78883376796889E-07   5.27963429725964E-09   5.96998510794493E+00   8.30009766683654E-04   3.43468583694615E-04
  5.15000E-07                2.88979259597533E-05   7.24948065125949E-05   4.91314411075793E-09   6.80920983731304E-06   4.31980973987582E-05   1.20986070433863E-05   8.78768127688003E-07   5.27927286369152E-09   5.96998104691981E+00   8.30007229251386E-04   3.43468583526451E-04
  1.02700E-06                2.88960376524616E-05   7.24900714175974E-05   6.33684747428982E-09   6.80832026774193E-06   4.31962054355500E-05   1.20970264046554E-05   8.78537698762445E-07   5.27855009566267E-09   5.96997292357065E+00   8.30002154701340E-04   3.43468583190724E-04
  2.05100E-06                2.88922619461839E-05   7.24806035029191E-05   9.17983988052271E-09   6.80654172972091E-06   4.31924189875251E-05   1.20938661952677E-05   8.78077117919364E-07   5.27710495592565E-09   5.96995666784806E+00   8.29992005646027E-04   3.43468582521685E-04
  4.09900E-06                2.88847141642051E-05   7.24616767697537E-05   1.48407794336727E-08   6.80298705514278E-06   4.31848282128955E-05   1.20875500433367E-05   8.77157063043367E-07   5.27421626086405E-09   5.96992409195725E+00   8.29971698716892E-04   3.43468581193398E-04
  8.19500E-06                2.88696330290394E-05   7.24238594648623E-05   2.60020968007046E-08   6.79588725413403E-06   4.31695135913640E-05   1.20749347036839E-05   8.75321371772717E-07   5.26844520143608E-09   5.96985845722826E+00   8.29930977966269E-04   3.43468578576988E-04
  1.63870E-05                2.88395276956139E-05   7.23483676240332E-05   4.72347467331512E-08   6.78172536781781E-06   4.31379203987374E-05   1.20497710288919E-05   8.71667607162518E-07   5.25692834984701E-09   5.96972368163924E+00   8.29848603831121E-04   3.43468573512817E-04
  3.27710E-05                2.87795404988604E-05   7.21979446273490E-05   8.33162308715677E-08   6.75354960010984E-06   4.30687739290551E-05   1.19997065848337E-05   8.64430235187985E-07   5.23399527357046E-09   5.96943243726578E+00   8.29677620213148E-04   3.43468564113378E-04
  6.55390E-05                2.86604583372862E-05   7.18993370316114E-05   1.29497898723422E-07   6.69778373150920E-06   4.29062334354284E-05   1.19006178650164E-05   8.50233603540903E-07   5.18852812215229E-09   5.96876183217175E+00   8.29309636147500E-04   3.43468548430343E-04
  1.31075E-04                2.84259490581089E-05   7.13112822398226E-05   1.67081480640382E-07   6.58860899874531E-06   4.25340982363656E-05   1.17066265827170E-05   8.22920355953490E-07   5.09916225727750E-09   5.96725039915549E+00   8.28524850906709E-04   3.43468528246716E-04
  2.62147E-04                2.79715143674577E-05   7.01716990639744E-05   1.88210277808647E-07   6.37953637038629E-06   4.17684860856931E-05   1.13351242264783E-05   7.72295273529909E-07   4.92649124561814E-09   5.96415188415366E+00   8.26949921401790E-04   3.43468515413794E-04
  5.24291E-04                2.71178843179031E-05   6.80308753217658E-05   2.04375113747360E-07   5.99584627776909E-06   4.03352414995803E-05   1.06533411914436E-05   6.84732504294011E-07   4.60379990455862E-09   5.95830724267731E+00   8.23995952651061E-04   3.43468535790611E-04
  1.04858E-03                2.56070770607467E-05   6.42413139591684E-05   2.29419189755230E-07   5.34586618361563E-06   3.78884058839457E-05   9.49838929439066E-06   5.50606147066157E-07   4.03785414851075E-09   5.94811937294815E+00   8.18898581622418E-04   3.43468631374408E-04
  2.09715E-03                2.32134852473792E-05   5.82357770781929E-05   2.74433751708115E-07   4.39230105118441E-06   3.42685327080813E-05   7.80401103409423E-06   3.81803278484900E-07   3.15400226563969E-09   5.93242049419286E+00   8.11213255831878E-04   3.43468850599719E-04
  4.19431E-03                2.00916535315528E-05   5.03992076020956E-05   3.45364414593221E-07   3.28904391220037E-06   3.00512944493256E-05   5.84366937917683E-06   2.22500839749028E-07   2.02157100849006E-09   5.91286779998059E+00   8.01886675535712E-04   3.43469212922336E-04
  7.92208E-03                1.72762116633569E-05   4.33249942861402E-05   4.21148613215471E-07   2.43023697120623E-06   2.67952252116006E-05   4.31768724431650E-06   1.24384672196964E-07   1.01331230645322E-09   5.89641109099384E+00   7.94060257799514E-04   3.43469646052559E-04
  1.42052E-02                1.55141866766183E-05   3.88851959292771E-05   4.71768724103530E-07   1.95808058725761E-06   2.51004925744460E-05   3.47869858155677E-06   8.37210890107138E-08   3.78731648588718E-10   5.88705733185972E+00   7.89253933558139E-04   3.43469970865777E-04
  2.42236E-02                1.47723149650488E-05   3.69925344037954E-05   4.91662167532952E-07   1.77328375593852E-06   2.45112034287551E-05   3.15023896690878E-06   7.25899566162027E-08   1.03233804175362E-10   5.88368897322223E+00   7.86895739156946E-04   3.43470126050586E-04
  3.59081E-02                1.45742389158578E-05   3.64582714143571E-05   4.96048949993561E-07   1.72396539765890E-06   2.43718267280208E-05   3.06246478534968E-06   7.06175001380998E-08   2.51289350309756E-11   5.88308601911754E+00   7.85858842460787E-04   3.43470168365522E-04
  4.93450E-02                1.45324357779744E-05   3.63101881439325E-05   4.96624689343885E-07   1.71180255891697E-06   2.43342331700997E-05   3.04067982063344E-06   7.02905703166523E-08   5.50440861518125E-12   5.88316560651950E+00   7.85241456580146E-04   3.43470167909087E-04
  6.69310E-02                1.45323592582201E-05   3.62537100861331E-05   4.96420535591275E-07   1.70886323831521E-06   2.43157795572387E-05   3.03522607201903E-06   7.02151921618483E-08   9.79179975437138E-13   5.88339483255016E+00   7.84731434369584E-04   3.43470153093540E-04
  9.16619E-02                1.45470438957826E-05   3.62123574461958E-05   4.96074288269224E-07   1.70831594801090E-06   2.43006373739750E-05   3.03392738248720E-06   7.01740543696875E-08   1.38232842820850E-13   5.88365259413882E+00   7.84250393828612E-04   3.43470128511682E-04
  1.26344E-01                1.45713820891664E-05   3.61657050773880E-05   4.95726432994721E-07   1.70861182143503E-06   2.42868424991977E-05   3.03399523319102E-06   7.01386322425959E-08   2.25904501232038E-14   5.88390020075044E+00   7.83799488761526E-04   3.43470093933569E-04
  1.74037E-01                1.46059141347016E-05   3.61076976907069E-05   4.95412956084619E-07   1.70959012033815E-06   2.42747052982541E-05   3.03510353766364E-06   7.01074379388661E-08   1.09247984541492E-14   5.88412111493314E+00   7.83394104800501E-04   3.43470046490380E-04
  2.40123E-01                1.46535999535799E-05   3.60331551510298E-05   4.95143824993949E-07   1.71148395994906E-06   2.42644130776606E-05   3.03759470406775E-06   7.00808633983239E-08   1.00501083766059E-14   5.88430987188256E+00   7.83040303496173E-04   3.43469976018723E-04
  3.34973E-01                1.47200680916928E-05   3.59331508108618E-05   4.94923790385671E-07   1.71484203939839E-06   2.42560559048869E-05   3.04230455310245E-06   7.00591793407170E-08   1.00019257467497E-14   5.88446380979607E+00   7.82739724383212E-04   3.43469855362891E-04
  4.87994E-01                1.48205744093227E-05   3.57830883683699E-05   4.94753563549717E-07   1.72129023445312E-06   2.42495952282289E-05   3.05172555078557E-06   7.00423123597225E-08   1.00000466163790E-14   5.88458293446784E+00   7.82487241753503E-04   3.43469602582625E-04
  7.94035E-01                1.49947145020082E-05   3.55107854838097E-05   4.94648259762210E-07   1.73675278417992E-06   2.42455266312184E-05   3.07508628225881E-06   7.00315423035927E-08   1.00000005718922E-14   5.88465726319060E+00   7.82286609897116E-04   3.43468946847696E-04
  1.40612E+00                1.52563144440522E-05   3.50298767663397E-05   4.94665587640176E-07   1.77387056312434E-06   2.42458069008562E-05   3.13260946707298E-06   7.00320004955076E-08   1.00000000035344E-14   5.88464753067744E+00   7.82162740293905E-04   3.43467521527071E-04
  2.40612E+00                1.55308993566886E-05   3.43356444058255E-05   4.94838850398178E-07   1.84500861206418E-06   2.42513656118798E-05   3.24455086942821E-06   7.00462219719380E-08   1.00000000000134E-14   5.88453174211854E+00   7.82082864157845E-04   3.43465515661217E-04
  3.40612E+00                1.57034124651582E-05   3.36757512769244E-05   4.95161609819125E-07   1.92289932296278E-06   2.42617490022136E-05   3.36756693389175E-06   7.00730457941437E-08   1.00000000000000E-14   5.88431581663068E+00   7.81998678039619E-04   3.43463921451854E-04
  4.40612E+00                1.58133460500120E-05   3.30429095611193E-05   4.95487452693294E-07   2.00758678437417E-06   2.42722898097393E-05   3.50161687554114E-06   7.01002617025740E-08   9.99999999999997E-15   5.88409677827934E+00   7.81919826467165E-04   3.43462693842433E-04
  5.40612E+00                1.58820324543462E-05   3.24220624728066E-05   4.95816058926457E-07   2.09796308229341E-06   2.42828747375940E-05   3.64466327726963E-06   7.01276103864225E-08   1.00000000000000E-14   5.88387685094585E+00   7.81842245439273E-04   3.43461755841223E-04
  6.40612E+00                1.59235898502349E-05   3.18036466692595E-05   4.96146564321409E-07   2.19322023809559E-06   2.42934844414637E-05   3.79522238782067E-06   7.01550118622217E-08   1.00000000000000E-14   5.88365661135416E+00   7.81765041798456E-04   3.43461040986375E-04
  7.40612E+00                1.59473792745918E-05   3.11817424688281E-05   4.96478700864020E-07   2.29274995250879E-06   2.43041180110197E-05   3.95217987741629E-06   7.01824436063372E-08   9.99999999999996E-15   5.88343622240136E+00   7.81688013465451E-04   3.43460496033889E-04
  8.40612E+00                1.59595961687289E-05   3.05528646819850E-05   4.96812345075457E-07   2.39607239884681E-06   2.43147773400547E-05   4.11466078068487E-06   7.02098968559453E-08   1.00000000000000E-14   5.88321574823954E+00   7.81611109256093E-04   3.43460079852652E-04
  9.40612E+00                1.59643264939798E-05   2.99151724930445E-05   4.97147412007742E-07   2.50278824956886E-06   2.43254641038995E-05   4.28194237365238E-06   7.02373665656339E-08   1.00000000000000E-14   5.88299522530669E+00   7.81534312216072E-04   3.43459761083612E-04
  1.04061E+01                1.59642534221391E-05   2.92679467629307E-05   4.97483828200921E-07   2.61254572689592E-06   2.43361793311886E-05   4.45339475334425E-06   7.02648489016973E-08   9.99999999999997E-15   5.88277467986487E+00   7.81457613806345E-04   3.43459515936468E-04
  1.14061E+01                1.59611314973857E-05   2.86112419887985E-05   4.97821523002108E-07   2.72501798815998E-06   2.43469234635339E-05   4.62844036603458E-06   7.02923404969214E-08   9.99999999999998E-15   5.88255413318978E+00   7.81381008068869E-04   3.43459326399238E-04
  1.24061E+01                1.59561042831773E-05   2.79456532020467E-05   4.98160424703336E-07   2.83988790859221E-06   2.43576964689233E-05   4.80652698268370E-06   7.03198381641466E-08   9.99999999999997E-15   5.88233360361504E+00   7.81304490228350E-04   3.43459178848248E-04
  1.34061E+01                1.59499161710177E-05   2.72721583577077E-05   4.98500458343592E-07   2.95683828712704E-06   2.43684979313142E-05   4.98711042386363E-06   7.03473387580478E-08   9.99999999999997E-15   5.88211310759738E+00   7.81228056271827E-04   3.43459062986257E-04
  1.44061E+01                1.59430526556148E-05   2.65920099035978E-05   4.98841544377266E-07   3.07554607832122E-06   2.43793271124096E-05   5.16964442704432E-06   7.03748391024695E-08   9.99999999999995E-15   5.88189266036447E+00   7.81151702741668E-04   3.43458971036138E-04
  1.54061E+01                1.59358324618259E-05   2.59066580017055E-05   4.99183597960065E-07   3.19567962487153E-06   2.43901829939510E-05   5.35357575469440E-06   7.04023359560305E-08   9.99999999999996E-15   5.88167227632301E+00   7.81075426582664E-04   3.43458897129999E-04
  1.64061E+01                1.59284674792395E-05   2.52176938423248E-05   4.99526528733901E-07   3.31689811693994E-06   2.44010643085645E-05   5.53834312176230E-06   7.04298260035638E-08   1.00000000000000E-14   5.88145196930447E+00   7.80999225015886E-04   3.43458836846660E-04
  1.74061E+01                1.59211013538186E-05   2.45268055655619E-05   4.99870241024685E-07   3.43885268145811E-06   2.44119695649171E-05   5.72337885935308E-06   7.04573058657923E-08   1.00000000000000E-14   5.88123175269483E+00   7.80923095437202E-04   3.43458786861353E-04
  1.84061E+01                1.59138340675725E-05   2.38357420775295E-05   5.00214634376273E-07   3.56118863243003E-06   2.44228970708589E-05   5.90811247593764E-06   7.04847721217230E-08   9.99999999999997E-15   5.88101163948108E+00   7.80847035340573E-04   3.43458744680185E-04
  1.94061E+01                1.59067374190635E-05   2.31462819159381E-05   5.00559604348921E-07   3.68354850755200E-06   2.44338449566816E-05   6.09197545765818E-06   7.05122213394730E-08   9.99999999999997E-15   5.88079164223969E+00   7.80771042264675E-04   3.43458708438621E-04
  2.04061E+01                1.58998646657613E-05   2.24602055561078E-05   5.00905043514662E-07   3.80557558786084E-06   2.44448111995354E-05   6.27440678529097E-06   7.05396501120968E-08   1.00000000000000E-14   5.88057177308690E+00   7.80695113759963E-04   3.43458676748348E-04
  2.14061E+01                1.58932564700764E-05   2.17792703447653E-05   5.01250842586977E-07   3.92691765287447E-06   2.44557936493276E-05   6.45485875088286E-06   7.05670550956515E-08   1.00000000000000E-14   5.88035204360611E+00   7.80619247372562E-04   3.43458648580808E-04
  2.24061E+01                1.58869445397354E-05   2.11051877401095E-05   5.01596891627305E-07   4.04723076892806E-06   2.44667900559495E-05   6.63280274160659E-06   7.05944330472800E-08   9.99999999999997E-15   5.88013246476469E+00   7.80543440641316E-04   3.43458623178544E-04
  2.34061E+01                1.58809538542193E-05   2.04396028180208E-05   5.01943081276911E-07   4.16618294672070E-06   2.44777980974036E-05   6.80773472869236E-06   7.06217808615584E-08   9.99999999999997E-15   5.87991304682916E+00   7.80467691104527E-04   3.43458599987721E-04
  2.44061E+01                1.58753040412303E-05   1.97840761437118E-05   5.02289303968834E-07   4.28345753783984E-06   2.44888154082447E-05   6.97918025985224E-06   7.06490956037541E-08   1.00000000000000E-14   5.87969379928587E+00   7.80391996313383E-04   3.43458578606785E-04
  2.54061E+01                1.58700102541518E-05   1.91400681533179E-05   5.02635455081506E-07   4.39875627042964E-06   2.44998396076978E-05   7.14669880681548E-06   7.06763745389943E-08   1.00000000000000E-14   5.87947473077215E+00   7.80316353849543E-04   3.43458558747453E-04
  2.64061E+01                1.58650837649232E-05   1.85089261759398E-05   5.02981434002426E-07   4.51180185212688E-06   2.45108683268209E-05   7.30988736725405E-06   7.07036151566605E-08   1.00000000000000E-14   5.87925584902103E+00   7.80240761344849E-04   3.43458540205096E-04
  2.74061E+01                1.58605323818313E-05   1.78918741660357E-05   5.03327143656361E-07   4.62234008756172E-06   2.45218991835908E-05   7.46838325254394E-06   7.07308150599306E-08   9.99999999999999E-15   5.87903716177485E+00   7.80165214843937E-04   3.43458522836341E-04
  2.84061E+01                1.58563607832675E-05   1.72900051780536E-05   5.03672490066537E-07   4.73014149387889E-06   2.45329297619064E-05   7.62186605144962E-06   7.07579718657063E-08   1.00000000000000E-14   5.87881867759726E+00   7.80089707374290E-04   3.43458506542151E-04
  2.94061E+01                1.58525709770784E-05   1.67042766202334E-05   5.04017394956506E-07   4.83500246991096E-06   2.45439580568097E-05   7.77005887475446E-06   7.07850843003942E-08   1.00000000000000E-14   5.87860039787374E+00   7.80014242869479E-04   3.43458491255122E-04
  3.04061E+01                1.58491624334602E-05   1.61355078462410E-05   5.04361782123264E-07   4.93674585525596E-06   2.45549819901276E-05   7.91272863165280E-06   7.08121509130365E-08   9.99999999999999E-15   5.87838232633142E+00   7.79938819628673E-04   3.43458476929836E-04
  3.14061E+01                1.58461324030605E-05   1.55843802898413E-05   5.04705582482847E-07   5.03522111371944E-06   2.45659995915424E-05   8.04968572894800E-06   7.08391704988937E-08   9.99999999999997E-15   5.87816446590873E+00   7.79863435831112E-04   3.43458463535896E-04
  3.24061E+01                1.58434761883429E-05   1.50514396953260E-05   5.05048734523586E-07   5.13030407208698E-06   2.45770090192630E-05   8.18078309169175E-06   7.08661421144593E-08   1.00000000000000E-14   5.87794681865340E+00   7.79788089785057E-04   3.43458451052644E-04
  3.34061E+01                1.58411874032598E-05   1.45371002228508E-05   5.05391184422013E-07   5.22189628209862E-06   2.45880085703461E-05   8.30591462305395E-06   7.08930650697000E-08   1.00000000000000E-14   5.87772938576098E+00   7.79712779952053E-04   3.43458439465323E-04
  3.44061E+01                1.58392582211866E-05   1.40416501457543E-05   5.05732886022882E-07   5.30992405917921E-06   2.45989966877121E-05   8.42501319567917E-06   7.09199389159461E-08   9.99999999999996E-15   5.87751216763073E+00   7.79637504953763E-04   3.43458428762321E-04
  3.54061E+01                1.58376796092388E-05   1.35652588476361E-05   5.06073800708613E-07   5.39433725296343E-06   2.46099719644455E-05   8.53804826698011E-06   7.09467634311379E-08   1.00000000000000E-14   5.87729516392924E+00   7.79562263574591E-04   3.43458418933225E-04
  3.64061E+01                1.58364415470903E-05   1.31079848302096E-05   5.06413897174244E-07   5.47510780465366E-06   2.46209331456323E-05   8.64502320881430E-06   7.09735386031278E-08   9.99999999999999E-15   5.87707837365895E+00   7.79487054761695E-04   3.43458409967492E-04
  3.74061E+01                1.58355332288601E-05   1.26697844555059E-05   5.06753151123235E-07   5.55222814448050E-06   2.46318791279832E-05   8.74597243737606E-06   7.10002646116131E-08   1.00000000000000E-14   5.87686179522950E+00   7.79411877622851E-04   3.43458401853597E-04
  3.84061E+01                1.58349432471299E-05   1.22505211655968E-05   5.07091544899469E-07   5.62570947922045E-06   2.46428089575064E-05   8.84095842230454E-06   7.10269418092350E-08   9.99999999999996E-15   5.87664542653018E+00   7.79336731422461E-04   3.43458394578519E-04
  3.94061E+01                1.58346597587161E-05   1.18499749477664E-05   5.07429067070006E-07   5.69558001539435E-06   2.46537218255039E-05   8.93006864582334E-06   7.10535707022999E-08   1.00000000000000E-14   5.87642926500190E+00   7.79261615576019E-04   3.43458388127502E-04
  4.04061E+01                1.58346706322583E-05   1.14678518409411E-05   5.07765711972380E-07   5.76188315863967E-06   2.46646170631639E-05   9.01341257353942E-06   7.10801519315459E-08   9.99999999999999E-15   5.87621330770751E+00   7.79186529643291E-04   3.43458382484007E-04
  4.14061E+01                1.58349635780981E-05   1.11037933087107E-05   5.08101479238928E-07   5.82467572429005E-06   2.46754941350118E-05   9.09111868907448E-06   7.11066862532953E-08   9.99999999999995E-15   5.87599755139915E+00   7.79111473320522E-04   3.43458377629793E-04
  4.24061E+01                1.58355262612535E-05   1.07573853339732E-05   5.08436373309248E-07   5.88402618864122E-06   2.46863526314719E-05   9.16333163533384E-06   7.11331745212887E-08   9.99999999999996E-15   5.87578199258204E+00   7.79036446431882E-04   3.43458373545106E-04
  4.34061E+01                1.58363463984791E-05   1.04281671189407E-05   5.08770402940548E-07   5.94001300486886E-06   2.46971922607679E-05   9.23020949612906E-06   7.11596176694174E-08   9.99999999999999E-15   5.87556662757386E+00   7.78961448920414E-04   3.43458370208921E-04
  4.44061E+01                1.58374118405681E-05   1.01156393012284E-05   5.09103580724012E-07   5.99272300238111E-06   2.47080128403731E-05   9.29192124348871E-06   7.11860166955388E-08   1.00000000000000E-14   5.87535145255938E+00   7.78886480838664E-04   3.43458367599218E-04
  4.54061E+01                1.58387106411602E-05   9.81927162141631E-06   5.09435922614034E-07   6.04224988364516E-06   2.47188142881933E-05   9.34864436845888E-06   7.12123726464827E-08   9.99999999999997E-15   5.87513646364007E+00   7.78811542339165E-04   3.43458365693267E-04
  4.64061E+01                1.58402311133248E-05   9.53850999936369E-06   5.09767447475638E-07   6.08869282819744E-06   2.47295966136475E-05   9.40056270644252E-06   7.12386866043305E-08   1.00000000000000E-14   5.87492165687863E+00   7.78736633664917E-04   3.43458364467916E-04
  4.74061E+01                1.58419618751867E-05   9.27278299560833E-06   5.10098176654371E-07   6.13215520978310E-06   2.47403599087821E-05   9.44786446236518E-06   7.12649596740012E-08   1.00000000000000E-14   5.87470702833823E+00   7.78661755139986E-04   3.43458363899833E-04
  4.84061E+01                1.58438918313687E-05   9.02150763535871E-06   5.10428129255079E-07   6.17274340742826E-06   2.47511041872939E-05   9.49074040248234E-06   7.12911925869459E-08   9.99999999999995E-15   5.87449257695746E+00   7.78586902232490E-04   3.43458363965730E-04
  4.94061E+01                1.58460103039854E-05   8.78409466582404E-06   5.10757330826257E-07   6.21056580196863E-06   2.47618296956025E-05   9.52938234999429E-06   7.13173865006087E-08   9.99999999999997E-15   5.87427829860344E+00   7.78512075920324E-04   3.43458364642559E-04
  5.00000E+01                1.58443234515573E-05   8.64425325810222E-06   5.11084141412334E-07   6.22680620707598E-06   2.47723924257625E-05   9.54279976675103E-06   7.13434890355527E-08   9.99999999999998E-15   5.87406430435196E+00   7.78437574905733E-04   3.43458365752680E-04
