# Time          5.0000E+01
# Units: Log10 mol/kgw
    Distance      pH               H+               Li+              Na+              Ca++             K+               Al+++            SiO2(aq)         CO2(aq)          O2(aq)           Methane(aq)      Fe++             Fe+++            HS-              SO4--            Mg++             Cl-              CH2O             Tracer           HCO3-            Al(OH)2+         AlO2-            AlOH++           FeOH+            FeOH++           FeSO4(aq)        FeSO4+           OH-              CO3--            FeCO3(aq)        FeCO3+           FeHCO3+          NaCO3-           NaHCO3(aq)   
    9.0000000E-02    5.8306307E+00   -5.8245485E+00   -3.9999999E+00   -4.9278468E+00   -5.1870630E+00   -5.1992269E+00   -6.7799881E+00   -4.7686585E+00   -3.2123320E+00   -3.4641218E+00   -6.4486681E+00   -7.2128349E+00   -1.4188964E+01   -1.4000000E+01   -1.4000004E+01   -5.3730922E+00   -1.4000000E+01   -3.2722342E+00   -3.0000000E+01   -3.8189637E+00   -6.5634580E+00   -7.8798953E+00   -6.3385829E+00   -1.0900640E+01   -1.0578332E+01   -1.9062337E+01   -2.6537841E+01   -8.6285218E+00   -8.4325037E+00   -1.0830831E+01   -1.2416772E+01   -8.3364401E+00   -1.2714143E+01   -8.4912770E+00
    2.7000000E-01    5.9039850E+00   -5.8973334E+00   -3.9999999E+00   -4.7332018E+00   -4.9375640E+00   -5.0543929E+00   -7.2541147E+00   -4.5204785E+00   -3.2207189E+00   -3.4641501E+00   -6.4486708E+00   -7.1469551E+00   -1.4650733E+01   -1.4000000E+01   -1.4000004E+01   -5.1201970E+00   -1.4000000E+01   -3.2711973E+00   -3.0000000E+01   -3.7533990E+00   -6.8954176E+00   -8.0651463E+00   -6.7421211E+00   -1.0763152E+01   -1.0969512E+01   -1.9001181E+01   -2.7006531E+01   -8.5545710E+00   -8.2918089E+00   -1.0628969E+01   -1.2744757E+01   -8.2073355E+00   -1.2381173E+01   -8.2322585E+00
    4.5000000E-01    5.9658758E+00   -5.9587369E+00   -3.9999999E+00   -4.6142814E+00   -4.7987064E+00   -4.8972723E+00   -7.6164470E+00   -4.3804948E+00   -3.2288768E+00   -3.4641783E+00   -6.4486733E+00   -7.1511318E+00   -1.4831625E+01   -1.4000000E+01   -1.4000004E+01   -4.9835809E+00   -1.4000000E+01   -3.2701629E+00   -3.0000000E+01   -3.6991531E+00   -7.1378530E+00   -8.1838002E+00   -7.0449230E+00   -1.0706934E+01   -1.1090874E+01   -1.9009411E+01   -2.7193351E+01   -8.4921678E+00   -8.1741481E+00   -1.0519529E+01   -1.2813907E+01   -8.1592727E+00   -1.2146626E+01   -8.0601153E+00
    6.3000000E-01    6.0189504E+00   -6.0113926E+00   -3.9999999E+00   -4.5303631E+00   -4.7071315E+00   -4.7521098E+00   -7.8963845E+00   -4.2868384E+00   -3.2368169E+00   -3.4642064E+00   -6.4486755E+00   -7.1967952E+00   -1.4986832E+01   -1.4000000E+01   -1.4000004E+01   -4.8945845E+00   -1.4000000E+01   -3.2691309E+00   -3.0000000E+01   -3.6535761E+00   -7.3149802E+00   -8.2547783E+00   -7.2738107E+00   -1.0700811E+01   -1.1195032E+01   -1.9058567E+01   -2.7353660E+01   -8.4386513E+00   -8.0741824E+00   -1.0468712E+01   -1.2874242E+01   -8.1610874E+00   -1.1964496E+01   -7.9315024E+00
    8.1000000E-01    6.0654114E+00   -6.0574868E+00   -3.9999999E+00   -4.4663995E+00   -4.6405684E+00   -4.6278200E+00   -8.1270639E+00   -4.2184504E+00   -3.2445719E+00   -3.4642343E+00   -6.4486776E+00   -7.2668309E+00   -1.5122810E+01   -1.4000000E+01   -1.4000003E+01   -4.8304480E+00   -1.4000000E+01   -3.2681014E+00   -3.0000000E+01   -3.6144812E+00   -7.4556608E+00   -8.3025368E+00   -7.4597988E+00   -1.0725516E+01   -1.1286318E+01   -1.9131669E+01   -2.7494107E+01   -8.3918021E+00   -7.9874730E+00   -1.0455096E+01   -1.2927973E+01   -8.1935442E+00   -1.1815363E+01   -7.8292188E+00
    9.9000000E-01    6.1068130E+00   -6.0985609E+00   -3.9999999E+00   -4.4152362E+00   -4.5884168E+00   -4.5248611E+00   -8.3247573E+00   -4.1657753E+00   -3.2521756E+00   -3.4642622E+00   -6.4486796E+00   -7.3487011E+00   -1.5244058E+01   -1.4000000E+01   -1.4000002E+01   -4.7805296E+00   -1.4000000E+01   -3.2670742E+00   -3.0000000E+01   -3.5803353E+00   -7.5731610E+00   -8.3372337E+00   -7.6176683E+00   -1.0766995E+01   -1.1367742E+01   -1.9216282E+01   -2.7619351E+01   -8.3500529E+00   -7.9108930E+00   -1.0463123E+01   -1.2976629E+01   -8.2426243E+00   -1.1688998E+01   -7.7446033E+00
    1.1700000E+00    6.1442420E+00   -6.1356924E+00   -3.9999999E+00   -4.3729334E+00   -4.5450207E+00   -4.4404050E+00   -8.4985692E+00   -4.1237357E+00   -3.2596593E+00   -3.4642899E+00   -6.4486814E+00   -7.4331494E+00   -1.5353706E+01   -1.4000000E+01   -1.4000002E+01   -4.7391792E+00   -1.4000000E+01   -3.2660496E+00   -3.0000000E+01   -3.5500729E+00   -7.6744856E+00   -8.3637003E+00   -7.7554823E+00   -1.0814933E+01   -1.1441392E+01   -1.9303227E+01   -2.7732630E+01   -8.3123075E+00   -7.8422621E+00   -1.0481430E+01   -1.3021271E+01   -8.2980436E+00   -1.1579318E+01   -7.6726699E+00
    1.3500000E+00    6.1784805E+00   -6.1696569E+00   -3.9999999E+00   -4.3370977E+00   -4.5072717E+00   -4.3708888E+00   -8.6542153E+00   -4.0893322E+00   -3.2670513E+00   -3.4643177E+00   -6.4486831E+00   -7.5142263E+00   -1.5454006E+01   -1.4000000E+01   -1.4000002E+01   -4.7033017E+00   -1.4000000E+01   -3.2650273E+00   -3.0000000E+01   -3.5229339E+00   -7.7638369E+00   -8.3845747E+00   -7.8782055E+00   -1.0862618E+01   -1.1508769E+01   -1.9386606E+01   -2.7836276E+01   -8.2777770E+00   -7.7800180E+00   -1.0502559E+01   -1.3062666E+01   -8.3531183E+00   -1.1482395E+01   -7.6102778E+00
    1.5300000E+00    6.2101099E+00   -6.2010316E+00   -3.9999999E+00   -4.3061696E+00   -4.4734540E+00   -4.3130505E+00   -8.7955614E+00   -4.0606537E+00   -3.2743783E+00   -3.4643454E+00   -6.4486848E+00   -7.5890958E+00   -1.5546646E+01   -1.4000000E+01   -1.4000001E+01   -4.6711965E+00   -1.4000000E+01   -3.2640074E+00   -3.0000000E+01   -3.4983590E+00   -7.8439531E+00   -8.4014320E+00   -7.9891440E+00   -1.0906646E+01   -1.1571002E+01   -1.9463620E+01   -2.7932029E+01   -8.2458756E+00   -7.7230066E+00   -1.0522555E+01   -1.3101401E+01   -8.4044712E+00   -1.1395533E+01   -7.5553177E+00
    1.7100000E+00    6.2395759E+00   -6.2302590E+00   -3.9999999E+00   -4.2790799E+00   -4.4426027E+00   -4.2642410E+00   -8.9253679E+00   -4.0364124E+00   -3.2816667E+00   -3.4643731E+00   -6.4486864E+00   -7.6572213E+00   -1.5632931E+01   -1.4000000E+01   -1.4000001E+01   -4.6419161E+00   -1.4000000E+01   -3.2629899E+00   -3.0000000E+01   -3.4759257E+00   -7.9167277E+00   -8.4152746E+00   -8.0906275E+00   -1.0946044E+01   -1.1628963E+01   -1.9533757E+01   -2.8021230E+01   -8.2161544E+00   -7.6703502E+00   -1.0540029E+01   -1.3137940E+01   -8.4511556E+00   -1.1316798E+01   -7.5063040E+00
    1.8900000E+00    6.2672306E+00   -6.2576890E+00   -3.9999999E+00   -4.2550575E+00   -4.4141371E+00   -4.2224613E+00   -9.0457014E+00   -4.0156926E+00   -3.2889429E+00   -3.4644007E+00   -6.4486880E+00   -7.7193046E+00   -1.5713895E+01   -1.4000000E+01   -1.4000001E+01   -4.6148795E+00   -1.4000000E+01   -3.2619229E+00   -3.0000000E+01   -3.4553059E+00   -7.9835411E+00   -8.4267788E+00   -8.1843815E+00   -1.0981169E+01   -1.1683349E+01   -1.9597737E+01   -2.8104943E+01   -8.1882589E+00   -7.6213617E+00   -1.0555014E+01   -1.3172659E+01   -8.4935547E+00   -1.1244740E+01   -7.4621425E+00
    2.0700000E+00    6.2944591E+00   -6.2846663E+00   -3.9999999E+00   -4.2246497E+00   -4.3786101E+00   -4.2239761E+00   -9.0580763E+00   -3.9878847E+00   -3.2961849E+00   -3.4644286E+00   -6.4486898E+00   -7.8191954E+00   -1.5793680E+01   -1.4000000E+01   -1.4000001E+01   -4.5611697E+00   -1.4000000E+01   -3.2049946E+00   -3.0000000E+01   -3.4350492E+00   -7.9434591E+00   -8.3322396E+00   -8.1707285E+00   -1.1054610E+01   -1.1737106E+01   -1.9699751E+01   -2.8187802E+01   -8.1607607E+00   -7.5730768E+00   -1.0608737E+01   -1.3207227E+01   -8.5742356E+00   -1.1167115E+01   -7.4120161E+00
    2.2500000E+00    6.3200046E+00   -6.3099758E+00   -3.9999999E+00   -4.1977392E+00   -4.3465601E+00   -4.2255985E+00   -9.1751235E+00   -3.9640876E+00   -3.3032760E+00   -3.4644563E+00   -6.4486916E+00   -7.8880551E+00   -1.5868242E+01   -1.4000000E+01   -1.4000001E+01   -4.5146098E+00   -1.4000000E+01   -3.1546713E+00   -3.0000000E+01   -3.4163403E+00   -8.0112949E+00   -8.3489844E+00   -8.2633572E+00   -1.1098657E+01   -1.1787249E+01   -1.9770609E+01   -2.8265256E+01   -8.1349612E+00   -7.5280698E+00   -1.0634582E+01   -1.3239666E+01   -8.6253714E+00   -1.1096202E+01   -7.3669034E+00
    2.4300000E+00    6.3441376E+00   -6.3338858E+00   -3.9999999E+00   -4.1736716E+00   -4.3173940E+00   -4.2273093E+00   -9.2843774E+00   -3.9434935E+00   -3.3102710E+00   -3.4644840E+00   -6.4486934E+00   -7.9432795E+00   -1.5938651E+01   -1.4000000E+01   -1.4000000E+01   -4.4735883E+00   -1.4000000E+01   -3.1095784E+00   -3.0000000E+01   -3.3989616E+00   -8.0740574E+00   -8.3634809E+00   -8.3495410E+00   -1.1130441E+01   -1.1834588E+01   -1.9827723E+01   -2.8338395E+01   -8.1105881E+00   -7.4858465E+00   -1.0649466E+01   -1.3270576E+01   -8.6641480E+00   -1.1030862E+01   -7.3259363E+00
    2.6100000E+00    6.3670366E+00   -6.3565736E+00   -3.9999999E+00   -4.1519564E+00   -4.2906574E+00   -4.2290940E+00   -9.3866698E+00   -3.9255273E+00   -3.3171796E+00   -3.4645117E+00   -6.4486951E+00   -7.9922267E+00   -1.6005451E+01   -1.4000000E+01   -1.4000000E+01   -4.4369794E+00   -1.4000000E+01   -3.0687301E+00   -3.0000000E+01   -3.3827427E+00   -8.1322331E+00   -8.3758586E+00   -8.4299405E+00   -1.1157146E+01   -1.1879495E+01   -1.9878463E+01   -2.8407785E+01   -8.0874612E+00   -7.4460534E+00   -1.0660407E+01   -1.3300166E+01   -8.6977593E+00   -1.0970255E+01   -7.2884570E+00
    2.7900000E+00    6.3888492E+00   -6.3781855E+00   -3.9999999E+00   -4.1322166E+00   -4.2659942E+00   -4.2309404E+00   -9.4829243E+00   -3.9097511E+00   -3.3240105E+00   -3.4645395E+00   -6.4486967E+00   -8.0376236E+00   -1.6069082E+01   -1.4000000E+01   -1.4000000E+01   -4.4039649E+00   -1.4000000E+01   -3.0313958E+00   -3.0000000E+01   -3.3675435E+00   -8.1864603E+00   -8.3864606E+00   -8.5053377E+00   -1.1181354E+01   -1.1922269E+01   -1.9925567E+01   -2.8473878E+01   -8.0654315E+00   -7.4083989E+00   -1.0669850E+01   -1.3328599E+01   -8.7287970E+00   -1.0913719E+01   -7.2539510E+00
    2.9700000E+00    6.4096987E+00   -6.3988435E+00   -3.9999999E+00   -4.1141568E+00   -4.2431208E+00   -4.2328376E+00   -9.5738900E+00   -3.8958245E+00   -3.3307717E+00   -3.4645672E+00   -6.4486983E+00   -8.0805049E+00   -1.6129907E+01   -1.4000000E+01   -1.4000000E+01   -4.3739322E+00   -1.4000000E+01   -2.9970184E+00   -3.0000000E+01   -3.3532474E+00   -8.2372504E+00   -8.3955517E+00   -8.5763638E+00   -1.1203982E+01   -1.1963154E+01   -1.9970077E+01   -2.8537051E+01   -8.0443748E+00   -7.3726399E+00   -1.0678595E+01   -1.3356007E+01   -8.7581838E+00   -1.0860719E+01   -7.2220086E+00
    3.1500000E+00    6.4296888E+00   -6.4186507E+00   -3.9999999E+00   -4.0975418E+00   -4.2218072E+00   -4.2347763E+00   -9.6601829E+00   -3.8834782E+00   -3.3374698E+00   -3.4645950E+00   -6.4486999E+00   -8.1213443E+00   -1.6188228E+01   -1.4000000E+01   -1.4000000E+01   -4.3464111E+00   -1.4000000E+01   -2.9651637E+00   -3.0000000E+01   -3.3397567E+00   -8.2850189E+00   -8.4033401E+00   -8.6435354E+00   -1.1225401E+01   -1.2002354E+01   -2.0012474E+01   -2.8597618E+01   -8.0241864E+00   -7.3385722E+00   -1.0686919E+01   -1.3382500E+01   -8.7862992E+00   -1.0810820E+01   -7.1922985E+00
    3.3300000E+00    6.4489077E+00   -6.4376943E+00   -3.9999999E+00   -4.0821810E+00   -4.2018650E+00   -4.2367485E+00   -9.7423166E+00   -3.8724953E+00   -3.3441112E+00   -3.4646228E+00   -6.4487014E+00   -8.1604261E+00   -1.6244305E+01   -1.4000000E+01   -1.4000000E+01   -4.3210330E+00   -1.4000000E+01   -2.9354867E+00   -3.0000000E+01   -3.3269886E+00   -8.3301091E+00   -8.4099926E+00   -8.7072816E+00   -1.1245810E+01   -1.2040043E+01   -2.0053050E+01   -2.8655846E+01   -8.0047774E+00   -7.3060223E+00   -1.0694939E+01   -1.3408173E+01   -8.8133477E+00   -1.0763661E+01   -7.1645490E+00
    3.5100000E+00    6.4674309E+00   -6.4560494E+00   -3.9999999E+00   -4.0679184E+00   -4.1831373E+00   -4.2387472E+00   -9.8207239E+00   -3.8626992E+00   -3.3507013E+00   -3.4646506E+00   -6.4487029E+00   -8.1979580E+00   -1.6298358E+01   -1.4000000E+01   -1.4000000E+01   -4.2975040E+00   -1.4000000E+01   -2.9077086E+00   -3.0000000E+01   -3.3148722E+00   -8.3728080E+00   -8.4156451E+00   -8.7679630E+00   -1.1265344E+01   -1.2076370E+01   -2.0092018E+01   -2.8711964E+01   -7.9860714E+00   -7.2748419E+00   -1.0702721E+01   -1.3433105E+01   -8.8394692E+00   -1.0718940E+01   -7.1385346E+00
    3.6900000E+00    6.4853237E+00   -6.4737805E+00   -3.9999999E+00   -4.0546244E+00   -4.1654927E+00   -4.2407662E+00   -9.8957733E+00   -3.8539443E+00   -3.3572452E+00   -3.4646785E+00   -6.4487044E+00   -8.2341072E+00   -1.6350577E+01   -1.4000000E+01   -1.4000000E+01   -4.2755859E+00   -1.4000000E+01   -2.8816009E+00   -3.0000000E+01   -3.3033467E+00   -8.4133584E+00   -8.4204098E+00   -8.8258856E+00   -1.1284105E+01   -1.2111462E+01   -2.0129549E+01   -2.8766171E+01   -7.9680025E+00   -7.2449029E+00   -1.0710307E+01   -1.3457368E+01   -8.8647722E+00   -1.0676402E+01   -7.1140662E+00
    3.8700000E+00    6.5026429E+00   -6.4909439E+00   -3.9999999E+00   -4.0421905E+00   -4.1488196E+00   -4.2428005E+00   -9.9677818E+00   -3.8461091E+00   -3.3637473E+00   -3.4647064E+00   -6.4487059E+00   -8.2690134E+00   -1.6401129E+01   -1.4000000E+01   -1.4000000E+01   -4.2550833E+00   -1.4000000E+01   -2.8569740E+00   -3.0000000E+01   -3.2923595E+00   -8.4519676E+00   -8.4243805E+00   -8.8813120E+00   -1.1302178E+01   -1.2145432E+01   -2.0165787E+01   -2.8818638E+01   -7.9505136E+00   -7.2160945E+00   -1.0717732E+01   -1.3481021E+01   -8.8893458E+00   -1.0635830E+01   -7.0909836E+00
    4.0500000E+00    6.5194382E+00   -6.5075889E+00   -3.9999999E+00   -4.0305250E+00   -4.1330230E+00   -4.2448455E+00   -1.0037024E+01   -3.8390913E+00   -3.3702118E+00   -3.4647343E+00   -6.4487073E+00   -8.3027953E+00   -1.6450158E+01   -1.4000000E+01   -1.4000000E+01   -4.2358338E+00   -1.4000000E+01   -2.8336690E+00   -3.0000000E+01   -3.2818644E+00   -8.4888142E+00   -8.4276367E+00   -8.9344692E+00   -1.1319634E+01   -1.2178377E+01   -2.0200855E+01   -2.8869515E+01   -7.9335544E+00   -7.1883195E+00   -1.0725020E+01   -1.3504118E+01   -8.9132647E+00   -1.0597037E+01   -7.0691501E+00
    4.2300000E+00    6.5357531E+00   -6.5237587E+00   -3.9999999E+00   -4.0195497E+00   -4.1180206E+00   -4.2468972E+00   -1.0103738E+01   -3.8328040E+00   -3.3766425E+00   -3.4647623E+00   -6.4487087E+00   -8.3355554E+00   -1.6497793E+01   -1.4000000E+01   -1.4000000E+01   -4.2177011E+00   -1.4000000E+01   -2.8115512E+00   -3.0000000E+01   -3.2718212E+00   -8.5240535E+00   -8.4302461E+00   -8.9855548E+00   -1.1336533E+01   -1.2210383E+01   -2.0234859E+01   -2.8918935E+01   -7.9170810E+00   -7.1614928E+00   -1.0732192E+01   -1.3526706E+01   -8.9365926E+00   -1.0559861E+01   -7.0484478E+00
    4.4100000E+00    6.5516264E+00   -6.5394916E+00   -3.9999999E+00   -4.0091974E+00   -4.1037415E+00   -4.2489524E+00   -1.0168135E+01   -3.8271731E+00   -3.3830428E+00   -3.4647903E+00   -6.4487100E+00   -8.3673825E+00   -1.6544145E+01   -1.4000000E+01   -1.4000000E+01   -4.2005699E+00   -1.4000000E+01   -2.7905053E+00   -3.0000000E+01   -3.2621943E+00   -8.5578210E+00   -8.4322671E+00   -9.0347419E+00   -1.1352926E+01   -1.2241524E+01   -2.0267890E+01   -2.8967014E+01   -7.9010542E+00   -7.1355389E+00   -1.0739264E+01   -1.3548827E+01   -8.9593842E+00   -1.0524161E+01   -7.0287748E+00
    4.5900000E+00    6.5670923E+00   -6.5548216E+00   -3.9999999E+00   -3.9994100E+00   -4.0901235E+00   -4.2510079E+00   -1.0230401E+01   -3.8221344E+00   -3.3894159E+00   -3.4648184E+00   -6.4487114E+00   -8.3983547E+00   -1.6589315E+01   -1.4000000E+01   -1.4000000E+01   -4.1843415E+00   -1.4000000E+01   -2.7704324E+00   -3.0000000E+01   -3.2529522E+00   -8.5902363E+00   -8.4337505E+00   -9.0821834E+00   -1.1368857E+01   -1.2271870E+01   -2.0300029E+01   -2.9013858E+01   -7.8854395E+00   -7.1103911E+00   -1.0746250E+01   -1.3570517E+01   -8.9816872E+00   -1.0489813E+01   -7.0100420E+00
    4.7700000E+00    6.5821817E+00   -6.5697791E+00   -3.9999999E+00   -3.9901369E+00   -4.0771121E+00   -4.2530614E+00   -1.0290701E+01   -3.8176324E+00   -3.3957647E+00   -3.4648465E+00   -6.4487127E+00   -8.4285405E+00   -1.6633392E+01   -1.4000000E+01   -1.4000000E+01   -4.1689310E+00   -1.4000000E+01   -2.7512465E+00   -3.0000000E+01   -3.2440668E+00   -8.6214051E+00   -8.4347405E+00   -9.1280148E+00   -1.1384366E+01   -1.2301480E+01   -2.0331347E+01   -2.9059558E+01   -7.8702057E+00   -7.0859898E+00   -1.0753162E+01   -1.3591812E+01   -9.0035434E+00   -1.0456708E+01   -6.9921716E+00
    4.9500000E+00    6.5969219E+00   -6.5843914E+00   -3.9999999E+00   -3.9813338E+00   -4.0646594E+00   -4.2551105E+00   -1.0349180E+01   -3.8136188E+00   -3.4020919E+00   -3.4648746E+00   -6.4487140E+00   -8.4580007E+00   -1.6676458E+01   -1.4000000E+01   -1.4000000E+01   -4.1542649E+00   -1.4000000E+01   -2.7328723E+00   -3.0000000E+01   -3.2355131E+00   -8.6514213E+00   -8.4352764E+00   -9.1723569E+00   -1.1399487E+01   -1.2330407E+01   -2.0361906E+01   -2.9104199E+01   -7.8553253E+00   -7.0622814E+00   -1.0760009E+01   -1.3612739E+01   -9.0249895E+00   -1.0424750E+01   -6.9750945E+00
    5.1300000E+00    6.6113377E+00   -6.5986830E+00   -3.9999999E+00   -3.9729617E+00   -4.0527227E+00   -4.2571535E+00   -1.0405972E+01   -3.8100510E+00   -3.4083999E+00   -3.4649028E+00   -6.4487152E+00   -8.4867897E+00   -1.6718583E+01   -1.4000000E+01   -1.4000000E+01   -4.1402790E+00   -1.4000000E+01   -2.7152441E+00   -3.0000000E+01   -3.2272686E+00   -8.6803692E+00   -8.4353925E+00   -9.2153178E+00   -1.1414249E+01   -1.2358702E+01   -2.0391764E+01   -2.9147855E+01   -7.8407730E+00   -7.0392182E+00   -1.0766798E+01   -1.3633327E+01   -9.0460584E+00   -1.0393853E+01   -6.9587498E+00
    5.3100000E+00    6.6254516E+00   -6.6126761E+00   -3.9999999E+00   -3.9649862E+00   -4.0412640E+00   -4.2591885E+00   -1.0461194E+01   -3.8068916E+00   -3.4146912E+00   -3.4649311E+00   -6.4487165E+00   -8.5149560E+00   -1.6759833E+01   -1.4000000E+01   -1.4000000E+01   -4.1269171E+00   -1.4000000E+01   -2.6983036E+00   -3.0000000E+01   -3.2193128E+00   -8.7083242E+00   -8.4351198E+00   -9.2569947E+00   -1.1428680E+01   -1.2386407E+01   -2.0420970E+01   -2.9190593E+01   -7.8265264E+00   -7.0167567E+00   -1.0773538E+01   -1.3653600E+01   -9.0667791E+00   -1.0363940E+01   -6.9430832E+00
    5.4900000E+00    6.6392838E+00   -6.6263908E+00   -3.9999999E+00   -3.9573766E+00   -4.0302494E+00   -4.2612143E+00   -1.0514954E+01   -3.8041073E+00   -3.4209677E+00   -3.4649594E+00   -6.4487177E+00   -8.5425434E+00   -1.6800268E+01   -1.4000000E+01   -1.4000000E+01   -4.1141294E+00   -1.4000000E+01   -2.6819991E+00   -3.0000000E+01   -3.2116276E+00   -8.7353543E+00   -8.4344856E+00   -9.2974754E+00   -1.1442804E+01   -1.2413562E+01   -2.0449570E+01   -2.9232476E+01   -7.8125651E+00   -6.9948577E+00   -1.0780234E+01   -1.3673579E+01   -9.0871778E+00   -1.0334941E+01   -6.9280462E+00
    5.6700000E+00    6.6528526E+00   -6.6398452E+00   -3.9999999E+00   -3.9501057E+00   -4.0196485E+00   -4.2632296E+00   -1.0567349E+01   -3.8016686E+00   -3.4272316E+00   -3.4649877E+00   -6.4487190E+00   -8.5695912E+00   -1.6839940E+01   -1.4000000E+01   -1.4000000E+01   -4.1018720E+00   -1.4000000E+01   -2.6662847E+00   -3.0000000E+01   -3.2041963E+00   -8.7615212E+00   -8.4335147E+00   -9.3368393E+00   -1.1456642E+01   -1.2440204E+01   -2.0477604E+01   -2.9273560E+01   -7.7988702E+00   -6.9734856E+00   -1.0786892E+01   -1.3693286E+01   -9.1072781E+00   -1.0306794E+01   -6.9135950E+00
    5.8500000E+00    6.6661750E+00   -6.6530561E+00   -3.9999999E+00   -3.9431489E+00   -4.0094337E+00   -4.2652333E+00   -1.0618467E+01   -3.7995491E+00   -3.4334846E+00   -3.4650161E+00   -6.4487202E+00   -8.5961352E+00   -1.6878900E+01   -1.4000000E+01   -1.4000000E+01   -4.0901058E+00   -1.4000000E+01   -2.6511191E+00   -3.0000000E+01   -3.1970036E+00   -8.7868806E+00   -8.4322293E+00   -9.3751585E+00   -1.1470214E+01   -1.2466364E+01   -2.0505110E+01   -2.9313894E+01   -7.7854250E+00   -6.9526080E+00   -1.0793516E+01   -1.3712739E+01   -9.1271011E+00   -1.0279444E+01   -6.8996906E+00
    6.0300000E+00    6.6792663E+00   -6.6660387E+00   -3.9999999E+00   -3.9364844E+00   -3.9995802E+00   -4.2672245E+00   -1.0668388E+01   -3.7977251E+00   -3.4397285E+00   -3.4650446E+00   -6.4487214E+00   -8.6222080E+00   -1.6917191E+01   -1.4000000E+01   -1.4000000E+01   -4.0787956E+00   -1.4000000E+01   -2.6364652E+00   -3.0000000E+01   -3.1900360E+00   -8.8114835E+00   -8.4306497E+00   -9.4124989E+00   -1.1483536E+01   -1.2492075E+01   -2.0532121E+01   -2.9353527E+01   -7.7722139E+00   -6.9321952E+00   -1.0800110E+01   -1.3731954E+01   -9.1466663E+00   -1.0252840E+01   -6.8862974E+00
    6.2100000E+00    6.6921405E+00   -6.6788069E+00   -3.9999999E+00   -3.9300921E+00   -3.9900655E+00   -4.2692024E+00   -1.0717186E+01   -3.7961755E+00   -3.4459647E+00   -3.4650731E+00   -6.4487226E+00   -8.6478391E+00   -1.6954855E+01   -1.4000000E+01   -1.4000000E+01   -4.0679102E+00   -1.4000000E+01   -2.6222897E+00   -3.0000000E+01   -3.1832806E+00   -8.8353764E+00   -8.4287941E+00   -9.4489206E+00   -1.1496626E+01   -1.2517362E+01   -2.0558668E+01   -2.9392499E+01   -7.7592226E+00   -6.9122202E+00   -1.0806678E+01   -1.3750948E+01   -9.1659912E+00   -1.0226934E+01   -6.8733831E+00
    6.3900000E+00    6.7048106E+00   -6.6913733E+00   -3.9999999E+00   -3.9239543E+00   -3.9808690E+00   -4.2711664E+00   -1.0764929E+01   -3.7948808E+00   -3.4521948E+00   -3.4651016E+00   -6.4487237E+00   -8.6730557E+00   -1.6991929E+01   -1.4000000E+01   -1.4000000E+01   -4.0574213E+00   -1.4000000E+01   -2.6085623E+00   -3.0000000E+01   -3.1767259E+00   -8.8586016E+00   -8.4266793E+00   -9.4844784E+00   -1.1509498E+01   -1.2542252E+01   -2.0584780E+01   -2.9430851E+01   -7.7464382E+00   -6.8926581E+00   -1.0813223E+01   -1.3769733E+01   -9.1850917E+00   -1.0201684E+01   -6.8609186E+00
    6.5700000E+00    6.7172883E+00   -6.7037499E+00   -3.9999999E+00   -3.9180545E+00   -3.9719721E+00   -4.2731159E+00   -1.0811677E+01   -3.7938237E+00   -3.4584200E+00   -3.4651303E+00   -6.4487249E+00   -8.6978824E+00   -1.7028448E+01   -1.4000000E+01   -1.4000000E+01   -4.0473031E+00   -1.4000000E+01   -2.5952555E+00   -3.0000000E+01   -3.1703613E+00   -8.8811982E+00   -8.4243205E+00   -9.5192228E+00   -1.1522165E+01   -1.2566767E+01   -2.0610481E+01   -2.9468619E+01   -7.7338488E+00   -6.8734859E+00   -1.0819749E+01   -1.3788324E+01   -9.2039824E+00   -1.0177053E+01   -6.8488771E+00
    6.7500000E+00    6.7295845E+00   -6.7159473E+00   -3.9999999E+00   -3.9123780E+00   -3.9633577E+00   -4.2750504E+00   -1.0857487E+01   -3.7929884E+00   -3.4646415E+00   -3.4651589E+00   -6.4487260E+00   -8.7223420E+00   -1.7064443E+01   -1.4000000E+01   -1.4000000E+01   -4.0375325E+00   -1.4000000E+01   -2.5823444E+00   -3.0000000E+01   -3.1641769E+00   -8.9032019E+00   -8.4217317E+00   -9.5532003E+00   -1.1534639E+01   -1.2590929E+01   -2.0635796E+01   -2.9505834E+01   -7.7214432E+00   -6.8546827E+00   -1.0826256E+01   -1.3806733E+01   -9.2226767E+00   -1.0153004E+01   -6.8372342E+00
    6.9300000E+00    6.7417093E+00   -6.7279755E+00   -3.9999999E+00   -3.9069113E+00   -3.9550100E+00   -4.2769696E+00   -1.0902413E+01   -3.7923604E+00   -3.4708605E+00   -3.4651877E+00   -6.4487271E+00   -8.7464552E+00   -1.7099944E+01   -1.4000000E+01   -1.4000000E+01   -4.0280885E+00   -1.4000000E+01   -2.5698060E+00   -3.0000000E+01   -3.1581636E+00   -8.9246458E+00   -8.4189259E+00   -9.5864535E+00   -1.1546932E+01   -1.2614757E+01   -2.0660746E+01   -2.9542529E+01   -7.7092114E+00   -6.8362290E+00   -1.0832749E+01   -1.3824969E+01   -9.2411866E+00   -1.0129505E+01   -6.8259675E+00
    7.1100000E+00    6.7536720E+00   -6.7398436E+00   -3.9999999E+00   -3.9016418E+00   -3.9469146E+00   -4.2788731E+00   -1.0946501E+01   -3.7919264E+00   -3.4770776E+00   -3.4652165E+00   -6.4487283E+00   -8.7702412E+00   -1.7134977E+01   -1.4000000E+01   -1.4000000E+01   -4.0189518E+00   -1.4000000E+01   -2.5576195E+00   -3.0000000E+01   -3.1523130E+00   -8.9455601E+00   -8.4159149E+00   -9.6190215E+00   -1.1559053E+01   -1.2638270E+01   -2.0685351E+01   -2.9578730E+01   -7.6971440E+00   -6.8181070E+00   -1.0839228E+01   -1.3843044E+01   -9.2595233E+00   -1.0106526E+01   -6.8150564E+00
    7.2900000E+00    6.7654809E+00   -6.7515600E+00   -3.9999999E+00   -3.8965584E+00   -3.9390582E+00   -4.2807606E+00   -1.0989796E+01   -3.7916745E+00   -3.4832939E+00   -3.4652453E+00   -6.4487294E+00   -8.7937175E+00   -1.7169567E+01   -1.4000000E+01   -1.4000000E+01   -4.0101047E+00   -1.4000000E+01   -2.5457656E+00   -3.0000000E+01   -3.1466175E+00   -8.9659728E+00   -8.4127099E+00   -9.6509406E+00   -1.1571011E+01   -1.2661484E+01   -2.0709630E+01   -2.9614463E+01   -7.6852325E+00   -6.8003000E+00   -1.0845695E+01   -1.3860967E+01   -9.2776968E+00   -1.0084040E+01   -6.8044819E+00
    7.4700000E+00    6.7771438E+00   -6.7631323E+00   -3.9999999E+00   -3.8916505E+00   -3.9314284E+00   -4.2826319E+00   -1.1032339E+01   -3.7915935E+00   -3.4895098E+00   -3.4652742E+00   -6.4487305E+00   -8.8169000E+00   -1.7203736E+01   -1.4000000E+01   -1.4000000E+01   -4.0015311E+00   -1.4000000E+01   -2.5342267E+00   -3.0000000E+01   -3.1410696E+00   -8.9859098E+00   -8.4093209E+00   -9.6822441E+00   -1.1582816E+01   -1.2684414E+01   -2.0733598E+01   -2.9649752E+01   -7.6734691E+00   -6.7827928E+00   -1.0852153E+01   -1.3878745E+01   -9.2957162E+00   -1.0062021E+01   -6.7942265E+00
    7.6500000E+00    6.7886679E+00   -6.7745677E+00   -3.9999999E+00   -3.8869084E+00   -3.9240140E+00   -4.2844869E+00   -1.1074167E+01   -3.7916732E+00   -3.4957258E+00   -3.4653032E+00   -6.4487315E+00   -8.8398034E+00   -1.7237506E+01   -1.4000000E+01   -1.4000000E+01   -3.9932162E+00   -1.4000000E+01   -2.5229865E+00   -3.0000000E+01   -3.1356627E+00   -9.0053947E+00   -8.4057577E+00   -9.7129627E+00   -1.1594475E+01   -1.2707075E+01   -2.0757271E+01   -2.9684619E+01   -7.6618465E+00   -6.7655714E+00   -1.0858601E+01   -1.3896386E+01   -9.3135897E+00   -1.0040445E+01   -6.7842740E+00
    7.8300000E+00    6.8000596E+00   -6.7858724E+00   -3.9999999E+00   -3.8823234E+00   -3.9168044E+00   -4.2863255E+00   -1.1115314E+01   -3.7919041E+00   -3.5019422E+00   -3.4653322E+00   -6.4487326E+00   -8.8624409E+00   -1.7270894E+01   -1.4000000E+01   -1.4000000E+01   -3.9851463E+00   -1.4000000E+01   -2.5120298E+00   -3.0000000E+01   -3.1303905E+00   -9.0244494E+00   -8.4020290E+00   -9.7431243E+00   -1.1605995E+01   -1.2729478E+01   -2.0780664E+01   -2.9719082E+01   -7.6503582E+00   -6.7486227E+00   -1.0865041E+01   -1.3913898E+01   -9.3313247E+00   -1.0019292E+01   -6.7746092E+00
    8.0100000E+00    6.8113248E+00   -6.7970523E+00   -3.9999999E+00   -3.8778869E+00   -3.9097906E+00   -4.2881402E+00   -1.1155811E+01   -3.7922789E+00   -3.5081590E+00   -3.4653613E+00   -6.4487337E+00   -8.8848235E+00   -1.7303919E+01   -1.4000000E+01   -1.4000000E+01   -3.9773096E+00   -1.4000000E+01   -2.5013519E+00   -3.0000000E+01   -3.1252470E+00   -9.0430934E+00   -8.3981426E+00   -9.7727542E+00   -1.1617381E+01   -1.2751635E+01   -2.0803787E+01   -2.9753161E+01   -7.6389983E+00   -6.7319348E+00   -1.0871473E+01   -1.3931285E+01   -9.3489263E+00   -9.9985408E+00   -6.7652182E+00
    8.1900000E+00    6.8225556E+00   -6.8082025E+00   -3.9999999E+00   -3.8733269E+00   -3.9039580E+00   -4.2816044E+00   -1.1196904E+01   -3.7944356E+00   -3.5144202E+00   -3.4653906E+00   -6.4487347E+00   -8.8714457E+00   -1.7336897E+01   -1.4000000E+01   -1.4000000E+01   -3.9705733E+00   -1.4000000E+01   -2.5011759E+00   -3.0000000E+01   -3.1201873E+00   -9.0623653E+00   -8.3949529E+00   -9.8029926E+00   -1.1593026E+01   -1.2773759E+01   -2.0791110E+01   -2.9787136E+01   -7.6276778E+00   -6.7153799E+00   -1.0842238E+01   -1.3948702E+01   -9.3308318E+00   -9.9777792E+00   -6.7557774E+00
    8.3700000E+00    6.8337027E+00   -6.8192706E+00   -3.9999999E+00   -3.8688935E+00   -3.8982719E+00   -4.2752677E+00   -1.1235819E+01   -3.7966983E+00   -3.5207174E+00   -3.4654202E+00   -6.4487357E+00   -8.8922182E+00   -1.7369619E+01   -1.4000000E+01   -1.4000000E+01   -3.9640068E+00   -1.4000000E+01   -2.5010000E+00   -3.0000000E+01   -3.1152490E+00   -9.0796146E+00   -8.3899079E+00   -9.8311295E+00   -1.1602901E+01   -1.2795702E+01   -2.0812571E+01   -2.9820837E+01   -7.6164426E+00   -6.6990349E+00   -1.0847350E+01   -1.3966054E+01   -9.3470027E+00   -9.9573474E+00   -6.7465812E+00
    8.5500000E+00    6.8447330E+00   -6.8302232E+00   -3.9999999E+00   -3.8645882E+00   -3.8927276E+00   -4.2691117E+00   -1.1274151E+01   -3.7990602E+00   -3.5270122E+00   -3.4654498E+00   -6.4487367E+00   -8.9140849E+00   -1.7402007E+01   -1.4000000E+01   -1.4000000E+01   -3.9575978E+00   -1.4000000E+01   -2.5008242E+00   -3.0000000E+01   -3.1104267E+00   -9.0965031E+00   -8.3847358E+00   -9.8587935E+00   -1.1613982E+01   -1.2817423E+01   -2.0835113E+01   -2.9854186E+01   -7.6053258E+00   -6.6829276E+00   -1.0853781E+01   -1.3983292E+01   -9.3643776E+00   -9.9372753E+00   -6.7376261E+00
    8.7300000E+00    6.8556500E+00   -6.8410640E+00   -3.9999999E+00   -3.8604095E+00   -3.8873257E+00   -4.2631253E+00   -1.1311925E+01   -3.8015150E+00   -3.5333035E+00   -3.4654795E+00   -6.4487377E+00   -8.9357763E+00   -1.7434069E+01   -1.4000000E+01   -1.4000000E+01   -3.9513298E+00   -1.4000000E+01   -2.5006484E+00   -3.0000000E+01   -3.1057158E+00   -9.1130482E+00   -8.3794469E+00   -9.8860054E+00   -1.1624997E+01   -1.2838922E+01   -2.0857467E+01   -2.9887191E+01   -7.5943239E+00   -6.6670494E+00   -1.0860254E+01   -1.4000415E+01   -9.3816825E+00   -9.9175526E+00   -6.7289057E+00
    8.9100000E+00    6.8664567E+00   -6.8517959E+00   -3.9999999E+00   -3.8563537E+00   -3.8820757E+00   -4.2572987E+00   -1.1349159E+01   -3.8040569E+00   -3.5395898E+00   -3.4655093E+00   -6.4487386E+00   -8.9572489E+00   -1.7465812E+01   -1.4000000E+01   -1.4000000E+01   -3.9451777E+00   -1.4000000E+01   -2.5004727E+00   -3.0000000E+01   -3.1011116E+00   -9.1292639E+00   -8.3740492E+00   -9.9127820E+00   -1.1635899E+01   -1.2860208E+01   -2.0879592E+01   -2.9919860E+01   -7.5834338E+00   -6.6513927E+00   -1.0866718E+01   -1.4017425E+01   -9.3988697E+00   -9.8981685E+00   -6.7204121E+00
    9.0900000E+00    6.8771552E+00   -6.8624209E+00   -3.9999999E+00   -3.8524166E+00   -3.8769988E+00   -4.2516229E+00   -1.1385872E+01   -3.8066802E+00   -3.5458690E+00   -3.4655391E+00   -6.4487396E+00   -8.9785056E+00   -1.7497242E+01   -1.4000000E+01   -1.4000000E+01   -3.9391050E+00   -1.4000000E+01   -2.5002971E+00   -3.0000000E+01   -3.0966100E+00   -9.1451634E+00   -8.3685517E+00   -9.9391385E+00   -1.1646689E+01   -1.2881282E+01   -2.0901489E+01   -2.9952200E+01   -7.5726533E+00   -6.6359510E+00   -1.0873170E+01   -1.4034320E+01   -9.4159379E+00   -9.8791124E+00   -6.7121367E+00
    9.2700000E+00    6.8877469E+00   -6.8729403E+00   -3.9999999E+00   -3.8485933E+00   -3.8721270E+00   -4.2460892E+00   -1.1422077E+01   -3.8093799E+00   -3.5521384E+00   -3.4655690E+00   -6.4487406E+00   -8.9995489E+00   -1.7528364E+01   -1.4000000E+01   -1.4000000E+01   -3.9330641E+00   -1.4000000E+01   -2.5001216E+00   -3.0000000E+01   -3.0922069E+00   -9.1607590E+00   -8.3629641E+00   -9.9650883E+00   -1.1657369E+01   -1.2902148E+01   -2.0923161E+01   -2.9984216E+01   -7.5619811E+00   -6.6207189E+00   -1.0879608E+01   -1.4051100E+01   -9.4328859E+00   -9.8603742E+00   -6.7040710E+00
    9.4500000E+00    6.8982320E+00   -6.8833545E+00   -3.9999999E+00   -3.8448790E+00   -3.8674984E+00   -4.2406897E+00   -1.1457787E+01   -3.8121508E+00   -3.5583947E+00   -3.4655989E+00   -6.4487415E+00   -9.0203797E+00   -1.7559177E+01   -1.4000000E+01   -1.4000000E+01   -3.9270018E+00   -1.4000000E+01   -2.4999461E+00   -3.0000000E+01   -3.0878985E+00   -9.1760618E+00   -8.3572966E+00   -9.9906428E+00   -1.1667939E+01   -1.2922807E+01   -2.0944611E+01   -3.0015908E+01   -7.5514167E+00   -6.6056920E+00   -1.0886027E+01   -1.4067762E+01   -9.4497109E+00   -9.8419449E+00   -6.6962064E+00
    9.6300000E+00    6.9086100E+00   -6.8936627E+00   -3.9999999E+00   -3.8412690E+00   -3.8631490E+00   -4.2354167E+00   -1.1493007E+01   -3.8149885E+00   -3.5646337E+00   -3.4656289E+00   -6.4487425E+00   -9.0409969E+00   -1.7589680E+01   -1.4000000E+01   -1.4000000E+01   -3.9208688E+00   -1.4000000E+01   -2.4997707E+00   -3.0000000E+01   -3.0836813E+00   -9.1910808E+00   -8.3515596E+00   -1.0015810E+01   -1.1678399E+01   -1.2943256E+01   -2.0965836E+01   -3.0047275E+01   -7.5409607E+00   -6.5908672E+00   -1.0892425E+01   -1.4084301E+01   -9.4664084E+00   -9.8238168E+00   -6.6885345E+00
    9.8100000E+00    6.9188791E+00   -6.9038633E+00   -3.9999999E+00   -3.8377586E+00   -3.8591033E+00   -4.2302633E+00   -1.1527742E+01   -3.8178884E+00   -3.5708503E+00   -3.4656590E+00   -6.4487434E+00   -9.0613971E+00   -1.7619867E+01   -1.4000000E+01   -1.4000000E+01   -3.9146304E+00   -1.4000000E+01   -2.4995954E+00   -3.0000000E+01   -3.0795518E+00   -9.2058215E+00   -8.3457621E+00   -1.0040594E+01   -1.1688746E+01   -1.2963493E+01   -2.0986835E+01   -3.0078311E+01   -7.5306149E+00   -6.5762428E+00   -1.0898796E+01   -1.4100710E+01   -9.4829717E+00   -9.8059836E+00   -6.6810475E+00
    9.9900000E+00    6.9290363E+00   -6.9139531E+00   -3.9999999E+00   -3.8343434E+00   -3.8553659E+00   -4.2252234E+00   -1.1561984E+01   -3.8208464E+00   -3.5770382E+00   -3.4656891E+00   -6.4487444E+00   -9.0815742E+00   -1.7649728E+01   -1.4000000E+01   -1.4000000E+01   -3.9082760E+00   -1.4000000E+01   -2.4994202E+00   -3.0000000E+01   -3.0755067E+00   -9.2202855E+00   -8.3399116E+00   -1.0064993E+01   -1.1698979E+01   -1.2983510E+01   -2.1007601E+01   -3.0109008E+01   -7.5203823E+00   -6.5618183E+00   -1.0905134E+01   -1.4116980E+01   -9.4993916E+00   -9.7884409E+00   -6.6737377E+00
    1.0170000E+01    6.9390772E+00   -6.9239275E+00   -3.9999999E+00   -3.8310193E+00   -3.8519178E+00   -4.2202915E+00   -1.1595723E+01   -3.8238582E+00   -3.5831898E+00   -3.4657194E+00   -6.4487453E+00   -9.1015193E+00   -1.7679250E+01   -1.4000000E+01   -1.4000000E+01   -3.9018230E+00   -1.4000000E+01   -2.4992450E+00   -3.0000000E+01   -3.0715430E+00   -9.2344692E+00   -8.3340137E+00   -1.0088999E+01   -1.1709093E+01   -1.3003300E+01   -2.1028126E+01   -3.0139352E+01   -7.5102672E+00   -6.5475951E+00   -1.0911433E+01   -1.4133097E+01   -9.5156562E+00   -9.7711856E+00   -6.6665978E+00
    1.0350000E+01    6.9489953E+00   -6.9337804E+00   -3.9999999E+00   -3.8277821E+00   -3.8487167E+00   -4.2154628E+00   -1.1628935E+01   -3.8269201E+00   -3.5892960E+00   -3.4657496E+00   -6.4487462E+00   -9.1212201E+00   -1.7708414E+01   -1.4000000E+01   -1.4000000E+01   -3.8953145E+00   -1.4000000E+01   -2.4990699E+00   -3.0000000E+01   -3.0676575E+00   -9.2483641E+00   -8.3280722E+00   -1.0112597E+01   -1.1719083E+01   -1.3022849E+01   -2.1048397E+01   -3.0169325E+01   -7.5002759E+00   -6.5335762E+00   -1.0917682E+01   -1.4149048E+01   -9.5317504E+00   -9.7542171E+00   -6.6596209E+00
    1.0530000E+01    6.9587828E+00   -6.9435036E+00   -3.9999999E+00   -3.8246279E+00   -3.8457028E+00   -4.2107333E+00   -1.1661592E+01   -3.8300280E+00   -3.5953457E+00   -3.4657800E+00   -6.4487471E+00   -9.1406604E+00   -1.7737195E+01   -1.4000000E+01   -1.4000000E+01   -3.8888123E+00   -1.4000000E+01   -2.4988949E+00   -3.0000000E+01   -3.0638475E+00   -9.2619565E+00   -8.3220897E+00   -1.0135765E+01   -1.1728939E+01   -1.3042140E+01   -2.1068399E+01   -3.0198903E+01   -7.4904164E+00   -6.5197667E+00   -1.0923872E+01   -1.4164813E+01   -9.5476552E+00   -9.7375368E+00   -6.6528003E+00
    1.0710000E+01    6.9684291E+00   -6.9530866E+00   -3.9999999E+00   -3.8215531E+00   -3.8428072E+00   -4.2060991E+00   -1.1693654E+01   -3.8331783E+00   -3.6013258E+00   -3.4658104E+00   -6.4487480E+00   -9.1598194E+00   -1.7765561E+01   -1.4000000E+01   -1.4000000E+01   -3.8823869E+00   -1.4000000E+01   -2.4987199E+00   -3.0000000E+01   -3.0601101E+00   -9.2752282E+00   -8.3160689E+00   -1.0158474E+01   -1.1738652E+01   -1.3061154E+01   -2.1088112E+01   -3.0228053E+01   -7.4806992E+00   -6.5061742E+00   -1.0929989E+01   -1.4180369E+01   -9.5633471E+00   -9.7211485E+00   -6.6461295E+00
    1.0890000E+01    6.9779212E+00   -6.9625164E+00   -3.9999999E+00   -3.8185541E+00   -3.8399608E+00   -4.2015568E+00   -1.1725071E+01   -3.8363671E+00   -3.6072206E+00   -3.4658409E+00   -6.4487489E+00   -9.1786711E+00   -1.7793473E+01   -1.4000000E+01   -1.4000000E+01   -3.8761066E+00   -1.4000000E+01   -2.4985450E+00   -3.0000000E+01   -3.0564426E+00   -9.2881565E+00   -8.3100129E+00   -1.0180689E+01   -1.1748208E+01   -1.3079864E+01   -2.1107508E+01   -3.0256738E+01   -7.4711372E+00   -6.4928089E+00   -1.0936017E+01   -1.4195685E+01   -9.5787977E+00   -9.7050590E+00   -6.6396023E+00
    1.1070000E+01    6.9872431E+00   -6.9717770E+00   -3.9999999E+00   -3.8156275E+00   -3.8371029E+00   -4.1971024E+00   -1.1755786E+01   -3.8395907E+00   -3.6130113E+00   -3.4658715E+00   -6.4487498E+00   -9.1971836E+00   -1.7820883E+01   -1.4000000E+01   -1.4000000E+01   -3.8700289E+00   -1.4000000E+01   -2.4983702E+00   -3.0000000E+01   -3.0528423E+00   -9.3007147E+00   -8.3039272E+00   -1.0202366E+01   -1.1757593E+01   -1.3098237E+01   -2.1126558E+01   -3.0284910E+01   -7.4617464E+00   -6.4796839E+00   -1.0941939E+01   -1.4210729E+01   -9.5939723E+00   -9.6892782E+00   -6.6332126E+00
    1.1250000E+01    6.9963753E+00   -6.9808486E+00   -3.9999999E+00   -3.8127697E+00   -3.8341861E+00   -4.1927319E+00   -1.1785726E+01   -3.8428454E+00   -3.6186760E+00   -3.4659021E+00   -6.4487507E+00   -9.2153177E+00   -1.7847732E+01   -1.4000000E+01   -1.4000000E+01   -3.8641954E+00   -1.4000000E+01   -2.4981954E+00   -3.0000000E+01   -3.0493066E+00   -9.3128712E+00   -8.2978194E+00   -1.0223455E+01   -1.1766787E+01   -1.3116234E+01   -2.1145222E+01   -3.0312509E+01   -7.4525463E+00   -6.4668162E+00   -1.0947732E+01   -1.4225458E+01   -9.6088295E+00   -9.6738197E+00   -6.6269545E+00
    1.1430000E+01    7.0052940E+00   -6.9897078E+00   -3.9999999E+00   -3.8099775E+00   -3.8311796E+00   -4.1884399E+00   -1.1814809E+01   -3.8461273E+00   -3.6241883E+00   -3.4659328E+00   -6.4487516E+00   -9.2330263E+00   -1.7873949E+01   -1.4000000E+01   -1.4000000E+01   -3.8586297E+00   -1.4000000E+01   -2.4980208E+00   -3.0000000E+01   -3.0458329E+00   -9.3245898E+00   -8.2917005E+00   -1.0243895E+01   -1.1775765E+01   -1.3133808E+01   -2.1163453E+01   -3.0339465E+01   -7.4435606E+00   -6.4542266E+00   -1.0953371E+01   -1.4239822E+01   -9.6233194E+00   -9.6587013E+00   -6.6208221E+00
    1.1610000E+01    7.0139710E+00   -6.9983259E+00   -3.9999999E+00   -3.8072476E+00   -3.8280685E+00   -4.1842197E+00   -1.1842934E+01   -3.8494326E+00   -3.6295174E+00   -3.4659636E+00   -6.4487525E+00   -9.2502526E+00   -1.7899447E+01   -1.4000000E+01   -1.4000000E+01   -3.8533385E+00   -1.4000000E+01   -2.4978462E+00   -3.0000000E+01   -3.0424186E+00   -9.3358278E+00   -8.2855845E+00   -1.0263616E+01   -1.1784501E+01   -1.3150902E+01   -2.1181194E+01   -3.0365694E+01   -7.4348176E+00   -6.4419410E+00   -1.0958824E+01   -1.4253761E+01   -9.6373831E+00   -9.6439455E+00   -6.6148096E+00
    1.1790000E+01    7.0223723E+00   -7.0066692E+00   -3.9999999E+00   -3.8045766E+00   -3.8248520E+00   -4.1800623E+00   -1.1869983E+01   -3.8527572E+00   -3.6346268E+00   -3.4659944E+00   -6.4487534E+00   -9.2669289E+00   -1.7924126E+01   -1.4000000E+01   -1.3999998E+01   -3.8483149E+00   -1.4000000E+01   -2.4976716E+00   -3.0000000E+01   -3.0390612E+00   -9.3465354E+00   -8.2794895E+00   -1.0282533E+01   -1.1792960E+01   -1.3167449E+01   -2.1198377E+01   -3.0391090E+01   -7.4263510E+00   -6.4299904E+00   -1.0964055E+01   -1.4267207E+01   -9.6509503E+00   -9.6295804E+00   -6.6089112E+00
    1.1970000E+01    7.0304579E+00   -7.0146975E+00   -3.9999999E+00   -3.8019613E+00   -3.8215398E+00   -4.1759551E+00   -1.1895819E+01   -3.8560970E+00   -3.6394737E+00   -3.4660254E+00   -6.4487543E+00   -9.2829752E+00   -1.7947865E+01   -1.4000000E+01   -1.3997729E+01   -3.8435418E+00   -1.4000000E+01   -2.4974972E+00   -3.0000000E+01   -3.0357581E+00   -9.3566541E+00   -8.2734372E+00   -1.0300548E+01   -1.1801102E+01   -1.3183367E+01   -2.1212656E+01   -3.0413270E+01   -7.4182012E+00   -6.4184123E+00   -1.0969022E+01   -1.4280075E+01   -9.6639384E+00   -9.6156400E+00   -6.6031211E+00
    1.2150000E+01    7.0381802E+00   -7.0223634E+00   -3.9999999E+00   -3.7993983E+00   -3.8181491E+00   -4.1718808E+00   -1.1920276E+01   -3.8594474E+00   -3.6440083E+00   -3.4660564E+00   -6.4487551E+00   -9.2982966E+00   -1.7970520E+01   -1.4000000E+01   -1.3149463E+01   -3.8389964E+00   -1.4000000E+01   -2.4973228E+00   -3.0000000E+01   -3.0325065E+00   -9.3661152E+00   -8.2674536E+00   -1.0317544E+01   -1.1808880E+01   -1.3198562E+01   -2.0380207E+01   -2.9588361E+01   -7.4104152E+00   -6.4072514E+00   -1.0973676E+01   -1.4292268E+01   -9.6762502E+00   -9.6021660E+00   -6.5974331E+00
    1.2330000E+01    7.0454827E+00   -7.0296101E+00   -3.9999999E+00   -3.7968859E+00   -3.8147015E+00   -4.1678159E+00   -1.1943162E+01   -3.8628021E+00   -3.6481722E+00   -3.4660874E+00   -6.4487560E+00   -9.3127744E+00   -1.7991923E+01   -1.4000000E+01   -1.0150584E+01   -3.8346549E+00   -1.4000000E+01   -2.4971484E+00   -3.0000000E+01   -3.0293048E+00   -9.3748389E+00   -8.2615723E+00   -1.0333386E+01   -1.1816232E+01   -1.3212920E+01   -1.7396295E+01   -2.6611577E+01   -7.4030500E+00   -6.3965626E+00   -1.0977951E+01   -1.4303671E+01   -9.6877651E+00   -9.5892114E+00   -6.5918441E+00
    1.2510000E+01    7.0511121E+00   -7.0352032E+00   -3.9999999E+00   -3.7964489E+00   -3.8123176E+00   -4.1648003E+00   -1.2181094E+01   -3.8641061E+00   -3.6519214E+00   -3.4661185E+00   -6.4487566E+00   -9.0143372E+00   -1.8006769E+01   -1.4000000E+01   -7.0836915E+00   -3.8316951E+00   -1.4000000E+01   -2.4969742E+00   -3.0000000E+01   -3.0273835E+00   -9.6018012E+00   -8.4772757E+00   -1.0565857E+01   -1.1512281E+01   -1.3222304E+01   -1.4031284E+01   -2.3559981E+01   -7.3973797E+00   -6.3888915E+00   -1.0672160E+01   -1.4311295E+01   -9.3875622E+00   -9.5812641E+00   -6.5895673E+00
    1.2690000E+01    7.0567452E+00   -7.0408003E+00   -3.9999999E+00   -3.7960167E+00   -3.8099294E+00   -4.1617772E+00   -1.2201963E+01   -3.8654038E+00   -3.6556946E+00   -3.4661488E+00   -6.4487571E+00   -9.0221593E+00   -1.8023319E+01   -1.4000000E+01   -6.7828616E+00   -3.8288120E+00   -1.4000000E+01   -2.4968000E+00   -3.0000000E+01   -3.0254829E+00   -9.6116894E+00   -8.4758979E+00   -1.0581259E+01   -1.1514584E+01   -1.3233388E+01   -1.3738592E+01   -2.3276149E+01   -7.3917061E+00   -6.3812387E+00   -1.0672643E+01   -1.4320638E+01   -9.3936379E+00   -9.5733384E+00   -6.5873154E+00
    1.2870000E+01    7.0623625E+00   -7.0463819E+00   -3.9999999E+00   -3.7955891E+00   -3.8075429E+00   -4.1587391E+00   -1.2221065E+01   -3.8667056E+00   -3.6594711E+00   -3.4661782E+00   -6.4487577E+00   -9.0332598E+00   -1.8039848E+01   -1.4000000E+01   -6.6068466E+00   -3.8260008E+00   -1.4000000E+01   -2.4966259E+00   -3.0000000E+01   -3.0236018E+00   -9.6198404E+00   -8.4728143E+00   -1.0594909E+01   -1.1520180E+01   -1.3244465E+01   -1.3573991E+01   -2.3117105E+01   -7.3860486E+00   -6.3736221E+00   -1.0676439E+01   -1.4329991E+01   -9.4030102E+00   -9.5654522E+00   -6.5850868E+00
    1.3050000E+01    7.0679634E+00   -7.0519475E+00   -3.9999999E+00   -3.7951662E+00   -3.8051640E+00   -4.1556734E+00   -1.2240092E+01   -3.8680117E+00   -3.6632501E+00   -3.4662066E+00   -6.4487582E+00   -9.0443777E+00   -1.8056331E+01   -1.4000000E+01   -6.4819530E+00   -3.8232570E+00   -1.4000000E+01   -2.4964519E+00   -3.0000000E+01   -3.0217398E+00   -9.6279456E+00   -8.4697175E+00   -1.0608498E+01   -1.1525809E+01   -1.3255510E+01   -1.3460525E+01   -2.3009133E+01   -7.3804078E+00   -6.3660421E+00   -1.0680285E+01   -1.4339331E+01   -9.4124176E+00   -9.5576057E+00   -6.5828813E+00
    1.3230000E+01    7.0735472E+00   -7.0574963E+00   -3.9999999E+00   -3.7947478E+00   -3.8027984E+00   -4.1525646E+00   -1.2259054E+01   -3.8693218E+00   -3.6670303E+00   -3.4662341E+00   -6.4487587E+00   -9.0554632E+00   -1.8072766E+01   -1.4000000E+01   -6.3850754E+00   -3.8205771E+00   -1.4000000E+01   -2.4962779E+00   -3.0000000E+01   -3.0198967E+00   -9.6360178E+00   -8.4666221E+00   -1.0622038E+01   -1.1531422E+01   -1.3266523E+01   -1.3375041E+01   -2.2929125E+01   -7.3747846E+00   -6.3584990E+00   -1.0684133E+01   -1.4348656E+01   -9.4218099E+00   -9.5497993E+00   -6.5806983E+00
    1.3410000E+01    7.0791129E+00   -7.0630274E+00   -3.9999999E+00   -3.7943338E+00   -3.8004506E+00   -4.1493950E+00   -1.2277952E+01   -3.8706357E+00   -3.6708106E+00   -3.4662607E+00   -6.4487593E+00   -9.0665136E+00   -1.8089149E+01   -1.4000000E+01   -6.3059201E+00   -3.8179590E+00   -1.4000000E+01   -2.4961040E+00   -3.0000000E+01   -3.0180719E+00   -9.6440601E+00   -8.4635330E+00   -1.0635531E+01   -1.1537017E+01   -1.3277501E+01   -1.3307240E+01   -2.2866784E+01   -7.3691798E+00   -6.3509937E+00   -1.0687981E+01   -1.4357962E+01   -9.4311843E+00   -9.5420336E+00   -6.5785376E+00
    1.3590000E+01    7.0846593E+00   -7.0685394E+00   -3.9999999E+00   -3.7939242E+00   -3.7981236E+00   -4.1461434E+00   -1.2296787E+01   -3.8719535E+00   -3.6745893E+00   -3.4662864E+00   -6.4487598E+00   -9.0775264E+00   -1.8105477E+01   -1.4000000E+01   -6.2389953E+00   -3.8154035E+00   -1.4000000E+01   -2.4959302E+00   -3.0000000E+01   -3.0162654E+00   -9.6520751E+00   -8.4604554E+00   -1.0648979E+01   -1.1542592E+01   -1.3288442E+01   -1.3251630E+01   -2.2816614E+01   -7.3635947E+00   -6.3435270E+00   -1.0691827E+01   -1.4367249E+01   -9.4405377E+00   -9.5343093E+00   -6.5763985E+00
    1.3770000E+01    7.0901847E+00   -7.0740308E+00   -3.9999999E+00   -3.7935186E+00   -3.7958164E+00   -4.1427855E+00   -1.2315559E+01   -3.8732750E+00   -3.6783645E+00   -3.4663111E+00   -6.4487604E+00   -9.0884985E+00   -1.8121746E+01   -1.4000000E+01   -6.1810230E+00   -3.8129164E+00   -1.4000000E+01   -2.4957564E+00   -3.0000000E+01   -3.0144768E+00   -9.6600657E+00   -8.4573952E+00   -1.0662382E+01   -1.1548146E+01   -1.3299342E+01   -1.3204928E+01   -2.2775332E+01   -7.3580310E+00   -6.3361002E+00   -1.0695669E+01   -1.4376511E+01   -9.4498668E+00   -9.5266277E+00   -6.5742807E+00
    1.3950000E+01    7.0956872E+00   -7.0794997E+00   -3.9999999E+00   -3.7931172E+00   -3.7935214E+00   -4.1392931E+00   -1.2334266E+01   -3.8746000E+00   -3.6821340E+00   -3.4663348E+00   -6.4487609E+00   -9.0994261E+00   -1.8137949E+01   -1.4000000E+01   -6.1298882E+00   -3.8105109E+00   -1.4000000E+01   -2.4955827E+00   -3.0000000E+01   -3.0127057E+00   -9.6680341E+00   -8.4543585E+00   -1.0675741E+01   -1.1553678E+01   -1.3310198E+01   -1.3165017E+01   -2.2740818E+01   -7.3524906E+00   -6.3287151E+00   -1.0699505E+01   -1.4385745E+01   -9.4591675E+00   -9.5189901E+00   -6.5721838E+00
    1.4130000E+01    7.1011645E+00   -7.0849438E+00   -3.9999999E+00   -3.7927196E+00   -3.7912207E+00   -4.1356341E+00   -1.2352904E+01   -3.8759285E+00   -3.6858953E+00   -3.4663576E+00   -6.4487614E+00   -9.1103045E+00   -1.8154080E+01   -1.4000000E+01   -6.0841472E+00   -3.8082125E+00   -1.4000000E+01   -2.4954091E+00   -3.0000000E+01   -3.0109519E+00   -9.6759819E+00   -8.4513516E+00   -1.0689056E+01   -1.1559185E+01   -1.3321005E+01   -1.3130446E+01   -2.2711621E+01   -7.3469757E+00   -6.3213737E+00   -1.0703333E+01   -1.4394946E+01   -9.4684347E+00   -9.5113985E+00   -6.5701072E+00
    1.4310000E+01    7.1066139E+00   -7.0903604E+00   -3.9999999E+00   -3.7923258E+00   -3.7888815E+00   -4.1317718E+00   -1.2371469E+01   -3.8772603E+00   -3.6896451E+00   -3.4663795E+00   -6.4487620E+00   -9.1211283E+00   -1.8170131E+01   -1.4000000E+01   -6.0427699E+00   -3.8060631E+00   -1.4000000E+01   -2.4952355E+00   -3.0000000E+01   -3.0092151E+00   -9.6839090E+00   -8.4483800E+00   -1.0702324E+01   -1.1564663E+01   -1.3331759E+01   -1.3100182E+01   -2.2686703E+01   -7.3414893E+00   -6.3140785E+00   -1.0707149E+01   -1.4404108E+01   -9.4776626E+00   -9.5038551E+00   -6.5680504E+00
    1.4490000E+01    7.1120319E+00   -7.0957459E+00   -3.9999999E+00   -3.7919355E+00   -3.7864524E+00   -4.1276653E+00   -1.2389953E+01   -3.8785954E+00   -3.6933797E+00   -3.4664003E+00   -6.4487625E+00   -9.1318907E+00   -1.8186092E+01   -1.4000000E+01   -6.0049958E+00   -3.8041258E+00   -1.4000000E+01   -2.4950621E+00   -3.0000000E+01   -3.0074950E+00   -9.6918139E+00   -8.4454489E+00   -1.0715539E+01   -1.1570111E+01   -1.3342451E+01   -1.3073455E+01   -2.2665292E+01   -7.3360346E+00   -6.3068326E+00   -1.0710949E+01   -1.4413224E+01   -9.4868441E+00   -9.4963630E+00   -6.5660131E+00
    1.4670000E+01    7.1174145E+00   -7.1010965E+00   -3.9999999E+00   -3.7915488E+00   -3.7838612E+00   -4.1232689E+00   -1.2408343E+01   -3.8799335E+00   -3.6970950E+00   -3.4664202E+00   -6.4487630E+00   -9.1425836E+00   -1.8201950E+01   -1.4000000E+01   -5.9702475E+00   -3.8024870E+00   -1.4000000E+01   -2.4948886E+00   -3.0000000E+01   -3.0057913E+00   -9.6996926E+00   -8.4425624E+00   -1.0728694E+01   -1.1575523E+01   -1.3353074E+01   -1.3049681E+01   -2.2646800E+01   -7.3306159E+00   -6.2996400E+00   -1.0714729E+01   -1.4422286E+01   -9.4959707E+00   -9.4889256E+00   -6.5639947E+00
    1.4850000E+01    7.1227569E+00   -7.1064074E+00   -3.9999999E+00   -3.7911653E+00   -3.7810159E+00   -4.1185323E+00   -1.2426623E+01   -3.8812747E+00   -3.7007856E+00   -3.4664391E+00   -6.4487635E+00   -9.1531977E+00   -1.8217691E+01   -1.4000000E+01   -5.9380759E+00   -3.8012568E+00   -1.4000000E+01   -2.4947153E+00   -3.0000000E+01   -3.0041036E+00   -9.7075389E+00   -8.4397238E+00   -1.0741778E+01   -1.1580895E+01   -1.3363619E+01   -1.3028402E+01   -2.2630762E+01   -7.3252378E+00   -6.2925051E+00   -1.0718485E+01   -1.4431283E+01   -9.5050326E+00   -9.4815474E+00   -6.5619946E+00
    1.5030000E+01    7.1280535E+00   -7.1116728E+00   -3.9999999E+00   -3.7907850E+00   -3.7778100E+00   -4.1134007E+00   -1.2444775E+01   -3.8826187E+00   -3.7044455E+00   -3.4664571E+00   -6.4487641E+00   -9.1637215E+00   -1.8233299E+01   -1.4000000E+01   -5.9081251E+00   -3.8005650E+00   -1.4000000E+01   -2.4945420E+00   -3.0000000E+01   -3.0024318E+00   -9.7153440E+00   -8.4369359E+00   -1.0754776E+01   -1.1586220E+01   -1.3374074E+01   -1.3009248E+01   -2.2616805E+01   -7.3199061E+00   -6.2854335E+00   -1.0722209E+01   -1.4440204E+01   -9.5140179E+00   -9.4742334E+00   -6.5600125E+00
    1.5210000E+01    7.1332973E+00   -7.1168861E+00   -3.9999999E+00   -3.7904076E+00   -3.7741322E+00   -4.1078151E+00   -1.2462773E+01   -3.8839654E+00   -3.7080677E+00   -3.4664740E+00   -6.4487646E+00   -9.1741415E+00   -1.8248754E+01   -1.4000000E+01   -5.8801084E+00   -3.8005536E+00   -1.4000000E+01   -2.4943688E+00   -3.0000000E+01   -3.0007754E+00   -9.7230976E+00   -8.4342018E+00   -1.0767672E+01   -1.1591494E+01   -1.3384426E+01   -1.2991920E+01   -2.2604623E+01   -7.3146278E+00   -6.2784317E+00   -1.0725894E+01   -1.4449036E+01   -9.5229128E+00   -9.4669900E+00   -6.5580476E+00
    1.5390000E+01    7.1384805E+00   -7.1220393E+00   -3.9999999E+00   -3.7900331E+00   -3.7698798E+00   -4.1017127E+00   -1.2480592E+01   -3.8853147E+00   -3.7116437E+00   -3.4664900E+00   -6.4487651E+00   -9.1844419E+00   -1.8264032E+01   -1.4000000E+01   -5.8537909E+00   -3.8013660E+00   -1.4000000E+01   -2.4941957E+00   -3.0000000E+01   -2.9991342E+00   -9.7307879E+00   -8.4315258E+00   -1.0780446E+01   -1.1596706E+01   -1.3394659E+01   -1.2976168E+01   -2.2593957E+01   -7.3094106E+00   -6.2715076E+00   -1.0729533E+01   -1.4457761E+01   -9.5317009E+00   -9.4598246E+00   -6.5560995E+00
    1.5570000E+01    7.1435935E+00   -7.1271229E+00   -3.9999999E+00   -3.7896611E+00   -3.7649728E+00   -4.0950277E+00   -1.2498199E+01   -3.8866664E+00   -3.7151638E+00   -3.4665049E+00   -6.4487656E+00   -9.1946038E+00   -1.8279105E+01   -1.4000000E+01   -5.8289783E+00   -3.8031345E+00   -1.4000000E+01   -2.4940226E+00   -3.0000000E+01   -2.9975078E+00   -9.7384026E+00   -8.4289144E+00   -1.0793076E+01   -1.1601849E+01   -1.3404755E+01   -1.2961776E+01   -2.2584583E+01   -7.3042643E+00   -6.2646703E+00   -1.0733116E+01   -1.4466360E+01   -9.5403628E+00   -9.4527461E+00   -6.5541674E+00
    1.5750000E+01    7.1486252E+00   -7.1321258E+00   -3.9999999E+00   -3.7892913E+00   -3.7593684E+00   -4.0876921E+00   -1.2515561E+01   -3.8880204E+00   -3.7186164E+00   -3.4665189E+00   -6.4487661E+00   -9.2046050E+00   -1.8293939E+01   -1.4000000E+01   -5.8055077E+00   -3.8059682E+00   -1.4000000E+01   -2.4938496E+00   -3.0000000E+01   -2.9958959E+00   -9.7459295E+00   -8.4263778E+00   -1.0805539E+01   -1.1606910E+01   -1.3414690E+01   -1.2948560E+01   -2.2576305E+01   -7.2992000E+00   -6.2579309E+00   -1.0736630E+01   -1.4474812E+01   -9.5488759E+00   -9.4457649E+00   -6.5522507E+00
    1.5930000E+01    7.1535626E+00   -7.1370350E+00   -3.9999999E+00   -3.7889235E+00   -3.7530704E+00   -4.0796379E+00   -1.2532639E+01   -3.8893764E+00   -3.7219879E+00   -3.4665318E+00   -6.4487666E+00   -9.2144195E+00   -1.8308496E+01   -1.4000000E+01   -5.7832414E+00   -3.8099420E+00   -1.4000000E+01   -2.4936767E+00   -3.0000000E+01   -2.9942981E+00   -9.7533566E+00   -8.4239302E+00   -1.0817809E+01   -1.1611876E+01   -1.3424440E+01   -1.2936356E+01   -2.2568945E+01   -7.2942309E+00   -6.2513023E+00   -1.0740062E+01   -1.4483089E+01   -9.5572134E+00   -9.4388935E+00   -6.5503486E+00
    1.6110000E+01    7.1583901E+00   -7.1418352E+00   -3.9999999E+00   -3.7885573E+00   -3.7461338E+00   -4.0707980E+00   -1.2549392E+01   -3.8907344E+00   -3.7252625E+00   -3.4665437E+00   -6.4487670E+00   -9.2240166E+00   -1.8322731E+01   -1.4000000E+01   -5.7620618E+00   -3.8150882E+00   -1.4000000E+01   -2.4935039E+00   -3.0000000E+01   -2.9927141E+00   -9.7606721E+00   -8.4215906E+00   -1.0829861E+01   -1.1616733E+01   -1.3433973E+01   -1.2925015E+01   -2.2562341E+01   -7.2893723E+00   -6.2447996E+00   -1.0743396E+01   -1.4491160E+01   -9.5653441E+00   -9.4321463E+00   -6.5484601E+00
    1.6290000E+01    7.1630898E+00   -7.1465082E+00   -3.9999999E+00   -3.7881923E+00   -3.7386631E+00   -4.0611090E+00   -1.2565772E+01   -3.8920940E+00   -3.7284217E+00   -3.4665546E+00   -6.4487675E+00   -9.2333602E+00   -1.8336589E+01   -1.4000000E+01   -5.7418677E+00   -3.8213927E+00   -1.4000000E+01   -2.4933311E+00   -3.0000000E+01   -2.9911434E+00   -9.7678637E+00   -8.4193830E+00   -1.0841664E+01   -1.1621461E+01   -1.3443254E+01   -1.2914399E+01   -2.2556336E+01   -7.2846426E+00   -6.2384407E+00   -1.0746614E+01   -1.4498989E+01   -9.5732313E+00   -9.4255407E+00   -6.5465844E+00
    1.6470000E+01    7.1676403E+00   -7.1510330E+00   -3.9999999E+00   -3.7878280E+00   -3.7308040E+00   -4.0505135E+00   -1.2581722E+01   -3.8934552E+00   -3.7314438E+00   -3.4665645E+00   -6.4487680E+00   -9.2424081E+00   -1.8350007E+01   -1.4000000E+01   -5.7225714E+00   -3.8287937E+00   -1.4000000E+01   -2.4931584E+00   -3.0000000E+01   -2.9895856E+00   -9.7749176E+00   -8.4173358E+00   -1.0853183E+01   -1.1626041E+01   -1.3452241E+01   -1.2904378E+01   -2.2550778E+01   -7.2800628E+00   -6.2322466E+00   -1.0749694E+01   -1.4506532E+01   -9.5808322E+00   -9.4190969E+00   -6.5447204E+00
    1.6650000E+01    7.1720171E+00   -7.1553848E+00   -3.9999999E+00   -3.7874637E+00   -3.7227319E+00   -4.0389631E+00   -1.2597177E+01   -3.8948175E+00   -3.7343035E+00   -3.4665733E+00   -6.4487684E+00   -9.2511110E+00   -1.8362912E+01   -1.4000000E+01   -5.7040964E+00   -3.8371847E+00   -1.4000000E+01   -2.4929857E+00   -3.0000000E+01   -2.9880402E+00   -9.7818166E+00   -8.4154812E+00   -1.0864376E+01   -1.1630446E+01   -1.3460884E+01   -1.2894825E+01   -2.2545518E+01   -7.2756579E+00   -6.2262417E+00   -1.0752610E+01   -1.4513740E+01   -9.5880967E+00   -9.4128384E+00   -6.5428670E+00
    1.6830000E+01    7.1761911E+00   -7.1595349E+00   -3.9999999E+00   -3.7870991E+00   -3.7146377E+00   -4.0264207E+00   -1.2612057E+01   -3.8961809E+00   -3.7369713E+00   -3.4665811E+00   -6.4487688E+00   -9.2594113E+00   -1.8375217E+01   -1.4000000E+01   -5.6863758E+00   -3.8464202E+00   -1.4000000E+01   -2.4928131E+00   -3.0000000E+01   -2.9865068E+00   -9.7885380E+00   -8.4138546E+00   -1.0875191E+01   -1.1634648E+01   -1.3469125E+01   -1.2885616E+01   -2.2540400E+01   -7.2714568E+00   -6.2204546E+00   -1.0755333E+01   -1.4520555E+01   -9.5949664E+00   -9.4067931E+00   -6.5410229E+00
    1.7010000E+01    7.1801287E+00   -7.1634496E+00   -3.9999999E+00   -3.7867335E+00   -3.7067138E+00   -4.0128639E+00   -1.2626263E+01   -3.8975449E+00   -3.7394129E+00   -3.4665878E+00   -6.4487692E+00   -9.2672418E+00   -1.8386823E+01   -1.4000000E+01   -5.6693501E+00   -3.8563246E+00   -1.4000000E+01   -2.4926406E+00   -3.0000000E+01   -2.9849847E+00   -9.7950514E+00   -8.4124928E+00   -1.0885566E+01   -1.1638614E+01   -1.3476899E+01   -1.2876623E+01   -2.2535265E+01   -7.2674932E+00   -6.2149186E+00   -1.0757828E+01   -1.4526908E+01   -9.6013733E+00   -9.4009934E+00   -6.5391869E+00
    1.7190000E+01    7.1837908E+00   -7.1670899E+00   -3.9999999E+00   -3.7863662E+00   -3.6991413E+00   -3.9982870E+00   -1.2639679E+01   -3.8989092E+00   -3.7415886E+00   -3.4665935E+00   -6.4487696E+00   -9.2745246E+00   -1.8397611E+01   -1.4000000E+01   -5.6529670E+00   -3.8667023E+00   -1.4000000E+01   -2.4924682E+00   -3.0000000E+01   -2.9834734E+00   -9.8013157E+00   -8.4114328E+00   -1.0895420E+01   -1.1642304E+01   -1.3484126E+01   -1.2867715E+01   -2.2529942E+01   -7.2638063E+00   -6.2096724E+00   -1.0760056E+01   -1.4532721E+01   -9.6072387E+00   -9.3954771E+00   -6.5373577E+00
    1.7370000E+01    7.1871322E+00   -7.1704106E+00   -3.9999999E+00   -3.7859966E+00   -3.6920813E+00   -3.9827037E+00   -1.2652158E+01   -3.9002735E+00   -3.7434524E+00   -3.4665981E+00   -6.4487700E+00   -9.2811692E+00   -1.8407448E+01   -1.4000000E+01   -5.6371797E+00   -3.8773491E+00   -1.4000000E+01   -2.4922958E+00   -3.0000000E+01   -2.9819722E+00   -9.8072765E+00   -8.4107108E+00   -1.0904653E+01   -1.1645673E+01   -1.3490716E+01   -1.2858755E+01   -2.2524249E+01   -7.2604415E+00   -6.2047608E+00   -1.0761971E+01   -1.4537903E+01   -9.6124713E+00   -9.3902882E+00   -6.5355337E+00
    1.7550000E+01    7.1901005E+00   -7.1733593E+00   -3.9999999E+00   -3.7856243E+00   -3.6856673E+00   -3.9661482E+00   -1.2663525E+01   -3.9016373E+00   -3.7449510E+00   -3.4666016E+00   -6.4487704E+00   -9.2870713E+00   -1.8416176E+01   -1.4000000E+01   -5.6219463E+00   -3.8880647E+00   -1.4000000E+01   -2.4921235E+00   -3.0000000E+01   -2.9804803E+00   -9.8128627E+00   -8.4103604E+00   -1.0913142E+01   -1.1648669E+01   -1.3496566E+01   -1.2849596E+01   -2.2517987E+01   -7.2574510E+00   -6.2002354E+00   -1.0763519E+01   -1.4542348E+01   -9.6169656E+00   -9.3854775E+00   -6.5337136E+00
    1.7730000E+01    7.1926355E+00   -7.1758759E+00   -3.9999999E+00   -3.7852484E+00   -3.6800018E+00   -3.9486760E+00   -1.2673571E+01   -3.9030002E+00   -3.7460235E+00   -3.4666041E+00   -6.4487707E+00   -9.2921105E+00   -1.8423614E+01   -1.4000000E+01   -5.6072293E+00   -3.8986633E+00   -1.4000000E+01   -2.4919513E+00   -3.0000000E+01   -2.9789969E+00   -9.8179842E+00   -8.4104121E+00   -1.0920738E+01   -1.1651232E+01   -1.3501554E+01   -1.2840081E+01   -2.2510937E+01   -7.2548952E+00   -6.1961558E+00   -1.0764640E+01   -1.4545934E+01   -9.6206004E+00   -9.3811039E+00   -6.5318959E+00
    1.7910000E+01    7.1946668E+00   -7.1778901E+00   -3.9999999E+00   -3.7848689E+00   -3.6751582E+00   -3.9303819E+00   -1.2682039E+01   -3.9043603E+00   -3.7465999E+00   -3.4666055E+00   -6.4487710E+00   -9.2961464E+00   -1.8429553E+01   -1.4000000E+01   -5.5930067E+00   -3.9089757E+00   -1.4000000E+01   -2.4917793E+00   -3.0000000E+01   -2.9775223E+00   -9.8225257E+00   -8.4108908E+00   -1.0927253E+01   -1.1653291E+01   -1.3505541E+01   -1.2830046E+01   -2.2502866E+01   -7.2528444E+00   -6.1925927E+00   -1.0765263E+01   -1.4548522E+01   -9.6232356E+00   -9.3772377E+00   -6.5300806E+00
